Tweet_ID,Sentiment_Label,Probability_pos
1259668523330293760,negative,0.00019102606470277792
1259668524601167877,negative,4.979576059778172e-05
1259668524735385603,negative,0.13725698083826876
1259668524773056512,negative,0.19111244919484993
1259668524827578375,negative,0.0832312913144829
1259668525838479367,negative,0.0003702332020538898
1259668526723457030,negative,0.00014348527457659714
1259668530586320896,negative,0.02906287089039545
1259668531630784513,negative,0.0014359587642487788
1259668534306668547,negative,0.00020655262205506543
1259668534520614913,negative,0.08300092635240025
1259668534872944641,negative,0.1767333936894047
1259668534994575362,negative,0.13685832934887543
1259668535086927875,negative,0.013674152675538846
1259668535288238081,negative,0.21501133051973173
1259668535330189319,neutral,0.4840700913132513
1259668535514710016,negative,0.11516394852115161
1259668535812460546,negative,0.3047777269801611
1259668538014523393,negative,6.979662534666631e-06
1259668538274562048,negative,0.044773691702972955
1259668538274578432,negative,0.05362522252559939
1259668538739920896,negative,0.0438698918968616
1259668539151187968,negative,1.3046972650020158e-06
1259668539285344257,negative,4.769771426292365e-07
1259668539423756288,negative,0.0014034656668785656
1259668539482484744,negative,0.2515413111112877
1259668539541262339,negative,4.1244350989696633e-10
1259668539650105344,negative,0.23972773971202263
1259668539708977152,negative,0.002134509038353798
1259668539738292224,negative,0.013314239940753451
1259668539801309184,negative,0.053483221119221595
1259668539826413570,negative,0.0012196970653731085
1259668542430932992,negative,0.05480561744239872
1259668543265742849,negative,4.811498515779398e-05
1259668543337123842,negative,0.17512562686604316
1259668543999741959,negative,0.00011594068940910565
1259668544079478784,negative,0.002109495345423952
1259668544259842053,negative,0.2192254474551325
1259668544444346372,negative,1.0564284576753026e-10
1259668544524083200,negative,8.406969174755468e-05
1259668544612163584,negative,0.2541804299139843
1259668544826081280,negative,0.05857814310421885
1259668544977014784,negative,0.021524264422023404
1259668545367146496,negative,0.0029387561055579142
1259668545438388226,negative,3.077537262947066e-05
1259668546948419586,negative,0.00014673936894625804
1259668547418025984,negative,0.00029155618416456326
1259668547661377536,negative,0.020415004570955835
1259668548047319042,negative,0.2688364991053566
1259668548328325121,negative,0.034687021815494365
1259668548437278722,negative,0.24085167871020705
1259668548500238338,negative,0.044846962121673425
1259668548630319105,negative,0.002259757181544405
1259668548802265090,negative,0.3282262790001623
1259668551100661767,negative,0.0031263350937146177
1259668551109169152,negative,0.2799088137091087
1259668551369142272,negative,0.09711271766391612
1259668551528599554,negative,0.1294074502049451
1259668551880847362,negative,0.19874206151247403
1259668551964807171,negative,0.0009739585155020508
1259668552099016709,negative,0.07177375050155553
1259668552388411397,negative,3.2093742805376293e-07
1259668554921783296,negative,0.06657412024273181
1259668554921791488,negative,3.2093742805376293e-07
1259668555202793473,negative,0.017964722180136197
1259668555651362818,negative,0.002430658281309782
1259668556544970767,negative,0.009060444603525267
1259668559007043585,negative,0.2486640047527842
1259668559166427137,negative,0.08666144240797784
1259668559288045571,negative,0.0829543510555653
1259668559560683521,negative,0.24141594031866845
1259668559615209472,positive,0.6917985306849078
1259668559841673216,negative,5.715255153018339e-07
1259668560105922560,positive,0.9389370886621331
1259668560105934848,negative,0.03035934002002571
1259668564384120832,negative,0.0003685674520664772
1259668564484775938,negative,0.00010399696601720357
1259668564665077760,negative,0.1420294680399179
1259668567819083777,negative,0.006099936616333308
1259668568788082690,negative,0.2503579516319715
1259668568859447298,negative,0.000454786172901285
1259668568901218305,negative,0.15892054842432618
1259668568905363456,neutral,0.49789225920557484
1259668569404686339,negative,0.14130539924799745
1259668571803783170,negative,0.29064486342727747
1259668571912880128,negative,0.1372534351274651
1259668572021891072,negative,0.23197232211451732
1259668572277800960,negative,2.4695269239776937e-05
1259668572428738560,negative,0.15896720939757006
1259668572974047233,negative,0.1188376399658234
1259668573146025990,negative,0.01497982752347152
1259668576899866624,negative,0.0009715577207035442
1259668577218711554,negative,0.09824276563857469
1259668577482924045,negative,0.0029001856472565756
1259668577701019649,negative,1.1712771754352243e-05
1259668577784934408,negative,0.004919977244422378
1259668577948332032,negative,4.549817758454172e-06
1259668580183863296,negative,0.018250355564900143
1259668580636995585,negative,0.0010612284658163883
1259668580880093184,negative,0.15472579009787374
1259668581253623813,negative,0.04648865418746773
1259668581324918784,negative,0.0008305585347173896
1259668581458927617,negative,9.05551479073547e-06
1259668584483246081,negative,0.0012196970653731085
1259668584705523713,negative,0.018057481820887525
1259668584713850881,negative,0.2337257956736695
1259668584852271104,neutral,0.5024487404611014
1259668585007513604,negative,0.01682422015720719
1259668585351348232,negative,2.3601679330570902e-05
1259668585376440320,negative,1.1230190833011785e-05
1259668585628217345,positive,0.6903841358962718
1259668585716334594,negative,0.0345580850217562
1259668585787596801,negative,0.0007770945939180067
1259668588945985536,negative,1.92112740986923e-05
1259668589398933510,negative,0.1567547403552552
1259668589562548226,negative,0.03788586739643741
1259668589654806531,negative,0.015885178512192528
1259668589730291714,negative,0.023755200762970188
1259668589851877376,negative,0.015357129233410281
1259668589939998721,negative,0.011690835479788646
1259668590070038529,negative,0.30916890289818444
1259668592615993344,negative,0.00036677188082487685
1259668592754216962,negative,0.015629299545125413
1259668592834023425,neutral,0.4840700913132513
1259668592964120578,negative,0.00010399696601720357
1259668593517768704,negative,3.4245111229766865e-06
1259668593987461121,negative,0.0010744294365834875
1259668594222411776,negative,0.01799565370239869
1259668594360823808,negative,1.3781452673881128e-06
1259668596906758144,negative,0.07329646804514393
1259668597179383808,negative,0.014461023557940055
1259668597577826304,negative,0.14324630451422762
1259668597808521217,negative,0.0004095107682031522
1259668598152364033,negative,0.1709791553275594
1259668598827692033,negative,0.0008743762150537003
1259668601327489026,negative,0.0009715577207035442
1259668601394606080,negative,0.051857556206605426
1259668601491132419,negative,0.020705016726125184
1259668601654607872,negative,0.26871228284832255
1259668601746882560,negative,0.17765853924722239
1259668601868627968,negative,9.532504479131546e-05
1259668602032095232,negative,0.03908930113231598
1259668602740973569,negative,1.9927635044715729e-07
1259668602879442944,negative,0.002476778084950019
1259668605953867777,negative,0.001670806356753917
1259668606570450944,negative,0.011401682628917878
1259668606876409856,negative,0.0002828350750065469
1259668607056969732,negative,0.0011254482976046332
1259668607258300416,negative,9.205803305346672e-08
1259668609611300866,negative,4.406413513853595e-16
1259668610185912321,negative,1.2437802542683136e-06
1259668610244632582,positive,0.7316779722406703
1259668610248855558,positive,0.6611536724663378
1259668611158945795,negative,0.0003685674520664772
1259668613759451137,negative,0.0525079884064749
1259668614099144705,neutral,0.5725677450503488
1259668614111809537,negative,0.06416804600411988
1259668614170411008,negative,0.2799088137091087
1259668614849888257,neutral,0.5860511807457252
1259668615231660032,negative,0.00966253486475533
1259668618247311360,negative,0.0012196970653731085
1259668618448642048,negative,0.1947486165211348
1259668618473885699,negative,0.03936244064101549
1259668618721312768,neutral,0.3380114002205271
1259668618889003010,neutral,0.6172383477481156
1259668619438493696,negative,4.495074041834687e-09
1259668622127104000,negative,2.1501666426094613e-05
1259668622131290112,negative,1.7420091540067853e-05
1259668622215004160,negative,0.19193378833790534
1259668622240292865,negative,0.0005755272006160987
1259668622319980547,negative,0.06896550243588336
1259668622705938434,negative,1.323324800301587e-06
1259668622848462855,negative,0.00264426907505121
1259668622965739520,negative,0.0741185274387516
1259668622970142728,negative,0.20554527926182162
1259668626271080448,neutral,0.3380114002205271
1259668627684503553,negative,0.026627465482348876
1259668630549270531,negative,0.25257338654372374
1259668630767374336,negative,0.0014359587642487788
1259668630796713986,negative,0.030788989175479547
1259668631790764033,negative,0.0001392968999434061
1259668634689044487,negative,1.1309617148806166e-06
1259668634785349633,negative,0.04487696607165351
1259668634873376768,negative,0.14758481189882933
1259668634957262849,negative,0.0010844700613079435
1259668634986823681,negative,0.0013484707181731306
1259668635381116930,negative,0.15755821837487272
1259668635406262274,negative,0.06416804600411988
1259668635481706496,negative,3.4245111229766865e-06
1259668636006039554,negative,0.0020225458703675278
1259668636417118211,negative,0.2120335271377775
1259668639537598466,negative,0.0008996414855091833
1259668639659278342,negative,0.1188376399658234
1259668640535842818,negative,0.006099936616333308
1259668640540090369,negative,0.0006111206745680726
1259668640930070528,negative,0.00023192392838627805
1259668643639701504,negative,0.0028681085986126654
1259668643824250885,positive,0.9606430759938248
1259668644155572226,neutral,0.37609422587007374
1259668644281200641,negative,0.0947016216442405
1259668647238201344,neutral,0.45592579101346653
1259668647309651968,negative,0.0003209430128755444
1259668648576323585,negative,1.1712771754352243e-05
1259668651399143424,negative,0.0007678471331074128
1259668652070244352,negative,0.0005162949950283357
1259668652196061184,negative,0.01549423975549373
1259668652238004230,negative,0.0002811166563087002
1259668652426768384,negative,0.3091129939260426
1259668652447727619,negative,0.07621235059699179
1259668652594470921,negative,5.674015217240748e-07
1259668652665843713,negative,0.20940793233547356
1259668652959334407,negative,0.004450727128982486
1259668653064282113,negative,4.847690465804096e-07
1259668655794765830,negative,0.06699662399007125
1259668655991713792,negative,0.27852482421814484
1259668656801357824,neutral,0.6260881196250473
1259668657116008450,negative,0.07329646804514393
1259668659900907525,negative,0.0009715577207035442
1259668659905101824,negative,0.0017982684934366776
1259668660152602628,negative,0.0013142812970836674
1259668660442075144,positive,0.9602421469404381
1259668660622417923,negative,0.0006561509606468463
1259668660924252160,negative,0.000435939717872085
1259668661184409606,negative,0.00015212881558590121
1259668661528342532,negative,0.016710189047949655
1259668661725474818,neutral,0.4934147899885381
1259668663873032198,negative,0.024249139478139076
1259668664384655361,negative,0.00729999161918888
1259668664888037378,negative,0.0012196970653731085
1259668664959283200,positive,0.6917985306849078
1259668665005477888,negative,0.0021984047600412267
1259668668239183873,negative,0.0027631554652955428
1259668668264394755,positive,0.8950774650462305
1259668668360736768,positive,0.8448278522161151
1259668668599984131,negative,0.09962009574736544
1259668668948021248,negative,0.008787525787110336
1259668669250129920,negative,2.068901488368407e-06
1259668669497520128,negative,0.0006111206745680726
1259668669749178368,negative,0.13925973027988922
1259668672571998208,negative,3.4245111229766865e-06
1259668672643203075,negative,0.0010025431378403822
1259668672748105734,negative,0.10499331260704814
1259668672852955136,negative,0.012381935089661938
1259668673679286273,negative,0.08737076490486827
1259668676376223745,negative,9.694439537673987e-06
1259668676636270592,negative,6.664835237792297e-09
1259668677756100608,negative,2.723579724134971e-05
1259668680771764229,negative,0.00015212881558590121
1259668681044504577,negative,0.3100151692649115
1259668681166069764,negative,0.020875913424255987
1259668681702998071,negative,0.0814179381748901
1259668682185347072,negative,0.21157174877458332
1259668682344509442,negative,0.00024177276862188824
1259668684903264256,negative,0.13509185177454286
1259668684928409602,negative,0.015798872013638453
1259668684999704576,negative,3.935847512135698e-09
1259668685427539968,neutral,0.36470352424162406
1259668685586788352,negative,0.0014108649636913775
1259668685603700738,negative,0.006099936616333308
1259668685612089346,negative,0.24182531397807863
1259668685662404609,negative,0.0005755272006160987
1259668685763084288,neutral,0.4826770471609469
1259668685976793089,negative,0.2800169000772446
1259668686572527621,negative,0.007073548540326157
1259668689231638529,negative,0.1367865844082613
1259668689319792642,negative,0.015643178857813654
1259668689613459458,negative,1.0532607688902552e-09
1259668689680547840,negative,0.010564073112148072
1259668689718333440,neutral,0.37882450970765275
1259668690057990144,negative,0.01801521525087462
1259668693438660610,negative,0.0006038054723997441
1259668693585444868,negative,3.7155716466955004e-08
1259668693765828609,negative,3.872745981429301e-05
1259668694155870209,negative,0.00021504069010153264
1259668694323605505,negative,1.8374372123851685e-05
1259668694365544451,negative,0.03655712623810666
1259668694461972482,neutral,0.48079073889838364
1259668694600466432,negative,0.06416804600411988
1259668694667603968,negative,0.004396727819986865
1259668694717870081,negative,0.08498640725537643
1259668694822793217,negative,0.0014180848119853813
1259668695007334403,negative,0.2698221627930486
1259668697645547524,negative,0.08498640725537643
1259668697867788301,negative,0.0008785336489344638
1259668698018787330,negative,0.2181415113626819
1259668698253623296,negative,0.16129837086292836
1259668698329231361,negative,0.0015780824236680238
1259668698450792449,positive,0.6674293396044451
1259668699180675073,negative,0.057272027177613344
1259668699272921095,negative,0.14379931631274093
1259668699369426954,negative,0.008353001067320199
1259668699432259586,negative,0.002476778084950019
1259668699507765248,negative,1.8990584380362873e-06
1259668701919485953,negative,0.0005513923972444571
1259668702036996097,negative,0.004771948644100839
1259668702728818688,negative,0.2698221627930486
1259668703051988994,negative,0.01065844440956211
1259668703442067459,negative,0.09677868744031175
1259668703500795907,negative,0.004490608006469133
1259668703584702465,neutral,0.4402571704036702
1259668703630757893,negative,3.734310359464906e-05
1259668703840473088,negative,0.0012196970653731085
1259668706063458305,negative,0.0807328009857341
1259668706445189120,negative,0.00013783791803949824
1259668706562641921,neutral,0.5320096932163637
1259668706621300738,negative,0.0025042286509540075
1259668706696802310,negative,0.0006545213369192868
1259668707174944768,negative,0.05885162837356895
1259668707246301187,negative,0.12146095444600936
1259668707275505664,neutral,0.42394469686680314
1259668710236839936,negative,0.17296953561694134
1259668710610145281,negative,0.29634896420009155
1259668710626861061,negative,0.10499331260704814
1259668711448948737,negative,4.418115164519808e-05
1259668711734161408,negative,0.001979459897387121
1259668711734226944,negative,0.032280671803843024
1259668711780364291,negative,0.0017041476550737561
1259668712048787459,negative,0.0001281194266979589
1259668712245932032,negative,4.818374006648625e-06
1259668714364043266,negative,0.0424293199234715
1259668715056041984,negative,0.3252719017746444
1259668715160780800,positive,0.6793270924001363
1259668716142329859,negative,0.20094928059250583
1259668716167614471,negative,0.3029968537174699
1259668716192743424,negative,0.023760161705454804
1259668716394078208,negative,0.002884302276741412
1259668718570876936,negative,9.168677492956494e-05
1259668718633844737,negative,1.2437802542683136e-06
1259668718789038085,negative,0.0003612930654325537
1259668718977720323,negative,9.445725419715299e-05
1259668719950876672,negative,0.055691130918338126
1259668720001171456,neutral,0.3452095932355485
1259668720215117824,negative,0.00014137715594822865
1259668720282206208,neutral,0.5496678701602578
1259668720596725765,negative,0.0012196970653731085
1259668720806506496,negative,0.11099352359778711
1259668722643582976,negative,0.009479547807762282
1259668722702340096,neutral,0.4934147899885381
1259668723444695042,negative,0.004490608006469133
1259668723918688256,negative,0.3107281742138744
1259668724099043328,neutral,0.42807485363263903
1259668727060213760,neutral,0.5720782711619357
1259668727290871808,negative,0.015359755825087237
1259668727487963138,negative,0.0012196970653731085
1259668727689293824,negative,0.04242340847666674
1259668727865507840,negative,0.020082462509902727
1259668728557559808,negative,0.0781092307467141
1259668732814790660,neutral,0.38153430989142556
1259668732839952390,negative,0.10499331260704814
1259668732953145345,neutral,0.4507454498615163
1259668733078974464,negative,0.04049491022447468
1259668733322096640,negative,0.09789928535029414
1259668733410361349,negative,0.11050739101581093
1259668733477322752,negative,0.0131830210853275
1259668733645205510,positive,0.8640692716907965
1259668733754253312,negative,1.1424566077098743e-06
1259668733884133376,negative,0.009626505993075433
1259668735666905091,negative,6.442464036286985e-11
1259668737109655553,negative,0.03222224493618086
1259668737436852225,negative,0.001111837635864721
1259668739508797442,negative,0.002046034695789745
1259668739844452352,negative,0.006248738922124314
1259668740138033155,negative,0.04258096971716093
1259668740427276290,negative,0.010620672827010152
1259668741220175872,negative,2.6218368977817255e-08
1259668743837417472,negative,0.0001124919331355758
1259668743963238400,negative,0.04173850623723244
1259668743988248576,negative,0.17816712067023013
1259668744340676611,negative,0.10396832186755227
1259668744973975553,negative,0.0001599634866927909
1259668745150136321,negative,0.289059539981527
1259668745150238725,neutral,0.43988208189787964
1259668745342971905,negative,0.0010844700613079435
1259668748073684992,negative,0.0013504853132638237
1259668749252284416,negative,0.00046887718449669204
1259668749331955713,negative,0.001979459897387121
1259668749357064196,negative,3.0937258795411816e-05
1259668752506990593,negative,0.2799088137091087
1259668752951541761,neutral,0.5725606628279744
1259668753421402117,negative,0.017912378321043816
1259668754885234700,neutral,0.6150901505395739
1259668756713930754,negative,0.10924382681226386
1259668756852281350,negative,0.000469248702336059
1259668757129109505,neutral,0.4585350752714644
1259668757141753857,negative,0.007956855706518405
1259668757204668416,negative,1.894885124481294e-05
1259668757439549442,negative,0.00024177276862188824
1259668757640810496,negative,3.609885071399839e-07
1259668760589488129,negative,0.02473913915190985
1259668760723623940,negative,7.99731765722001e-05
1259668760979558405,negative,0.07800950076186582
1259668761088581632,negative,0.001963359777791891
1259668761688375298,negative,0.0006705597568271235
1259668762451750912,negative,0.0011328063916349424
1259668762481037312,negative,2.648857136608548e-07
1259668762485231617,negative,0.16510907912969588
1259668765656178693,negative,2.3032469991880339e-07
1259668765719093248,negative,1.7541002091236157e-05
1259668766478290951,neutral,0.3768166410687624
1259668766541123589,negative,0.013482708739528719
1259668766964813826,negative,0.19874206151247403
1259668766973198337,negative,0.03161535849287856
1259668769032585219,negative,0.1968047775245362
1259668769288355841,negative,0.0018264560821057046
1259668769569411073,negative,1.3331702887875048e-05
1259668769581993986,negative,0.13728866508636972
1259668769632399360,negative,1.2842367615465198e-06
1259668769665765378,negative,0.298981125959309
1259668770026635268,negative,0.009132389677613909
1259668770148225024,negative,0.1560114960270055
1259668773117874176,neutral,0.49789225920557484
1259668773243686912,negative,0.07800950076186582
1259668773453344770,neutral,0.3761114219698652
1259668773960810497,negative,0.0010844700613079435
1259668774430654464,negative,0.04757136216216457
1259668774988460033,negative,0.026521955721204003
1259668775483379713,negative,6.339903919180001e-06
1259668775848366080,neutral,0.5126742178112002
1259668777219895297,neutral,0.34466614884364977
1259668777421152261,negative,1.5687937808597848e-06
1259668777530245121,negative,5.549295309453424e-05
1259668777609936897,negative,1.6118436429407871e-07
1259668777664479233,negative,0.0004314941528682478
1259668777718943745,negative,0.06003202768563394
1259668778071310338,negative,0.029076753979907312
1259668778494955520,negative,1.900991135098309e-06
1259668778612330497,negative,0.0007678471331074128
1259668781506461697,positive,0.7090522855839745
1259668781883949061,negative,0.060260409413199996
1259668781997195267,positive,0.9993900806714565
1259668782617890816,negative,0.012540433683917234
1259668783221751809,negative,2.946512927637165e-06
1259668783767175168,negative,0.1560114960270055
1259668785772081159,negative,0.022514772332298417
1259668786225037312,negative,0.00032080140564151653
1259668786401116161,negative,8.169129872621732e-05
1259668786401218562,negative,0.05142664892901052
1259668789777530881,negative,0.09585220466330828
1259668789785956358,negative,0.06105401159240236
1259668789832056836,negative,0.03933986679271507
1259668790004133889,negative,0.03222224493618086
1259668790050279426,negative,0.0002729587548727942
1259668790280957953,negative,0.15720289665506715
1259668790796857347,negative,0.003493783955890547
1259668791186935808,negative,1.4204054550364319e-05
1259668791325265920,negative,0.0027631554652955428
1259668794005508097,negative,0.002884302276741412
1259668794429116417,negative,0.03362813843429816
1259668794680709121,negative,0.04491683907904892
1259668795356000258,negative,0.0043765745462335985
1259668795838341121,negative,0.0010025431378403822
1259668798774353930,positive,0.8038432474308217
1259668799143452677,negative,0.06485159876979889
1259668799848091651,positive,0.66733171846095
1259668799848095745,negative,0.17176204848461168
1259668800485629955,positive,0.6699759477060108
1259668801815273472,negative,0.00018017781439826376
1259668802373115909,negative,0.008494124076352635
1259668802473689090,negative,0.0001124919331355758
1259668803039838209,neutral,0.4879504231634038
1259668803836948480,negative,0.0006111206745680726
1259668806886137857,negative,0.00016823968684374503
1259668807460757504,negative,0.0019045188786368187
1259668807506956288,negative,4.281622533399488e-08
1259668808106729473,negative,0.09591201047766659
1259668810744946689,negative,0.01387682643738661
1259668810757484549,negative,0.013425507304720946
1259668810761736197,negative,0.00021735633704315945
1259668810769915904,negative,0.03744466886732719
1259668811000750080,negative,1.797261196416357e-07
1259668811730616333,negative,3.546674949386747e-05
1259668811952898049,negative,0.1763885332487721
1259668812326227969,negative,0.09206476554965987
1259668812401704965,negative,0.048949108167814365
1259668815044055040,negative,0.026627465482348876
1259668816369455106,negative,0.24548792260080854
1259668816537300994,negative,0.009975183008314592
1259668816604381184,negative,0.200170418512043
1259668816667312128,negative,0.0009373021801594066
1259668819296940032,negative,0.006099936616333308
1259668819846541312,neutral,0.6452100212909944
1259668820198899722,negative,0.14164581209299426
1259668820328943618,negative,0.00018017781439826376
1259668820794499074,negative,0.03205047522365474
1259668820962299904,negative,0.2031218527706539
1259668821041991680,negative,2.6692107048236355e-05
1259668823491465216,negative,0.11023776246046145
1259668823696949255,negative,0.0290383799197529
1259668823818539008,positive,0.9991946308639732
1259668823952809984,positive,0.906410903048204
1259668823965405184,negative,0.0010612284658163883
1259668824133074946,negative,0.0009678634874566921
1259668824196091915,negative,8.336522997116356e-05
1259668824393162754,neutral,0.34076927931029793
1259668824447565825,negative,0.10785747516877296
1259668824795774982,negative,0.11674760547405448
1259668827463397377,negative,1.7597928908255288e-08
1259668827643826176,negative,0.00012109115093121522
1259668827861848065,neutral,0.49789225920557484
1259668829149560833,negative,2.0562809705735185e-08
1259668829300498433,negative,0.16778160508579706
1259668829304688642,negative,0.020415004570955835
1259668829434765312,negative,0.0947016216442405
1259668831938777088,negative,0.001979459897387121
1259668831955554309,negative,0.003493783955890547
1259668832072994818,negative,0.02027881515235796
1259668832374927360,neutral,0.4402571704036702
1259668832488169472,negative,0.08930864673833933
1259668832580485126,positive,0.9894701060489209
1259668832744091650,negative,0.08506024553755913
1259668833029304322,negative,0.14645384945611187
1259668833310322689,positive,0.8950774650462305
1259668833377411072,negative,0.05549894224010319
1259668836007190535,negative,1.0668301228007054e-06
1259668836191625216,negative,3.353076170227692e-05
1259668836246323202,negative,2.536987428422598e-07
1259668836414107649,negative,0.12719508658569767
1259668836439273473,positive,0.7079397116260557
1259668836829196288,negative,0.06929401028857116
1259668836883849219,negative,0.31142205254299404
1259668837005266944,negative,0.04491683907904892
1259668837496209408,negative,0.006388564863570272
1259668837894668289,negative,0.0018901482301011737
1259668838012145664,negative,0.0832312913144829
1259668840037986304,negative,0.01571060864474196
1259668840998481921,negative,0.01614818865575931
1259668841006759938,negative,0.004490608006469133
1259668841057189890,negative,0.028325167815792213
1259668841895993350,negative,2.6449729236765944e-11
1259668844387405825,negative,0.0044203052602438024
1259668845117218817,neutral,0.49789225920557484
1259668845465407489,negative,0.004800504314827292
1259668845888966662,negative,0.00040831490558307745
1259668846115467267,negative,0.0009721209047037576
1259668848682381312,negative,0.0007678471331074128
1259668848917336064,negative,0.2506399887719839
1259668849533825025,negative,0.009284301430449227
1259668849592598530,negative,0.001264174819176124
1259668849609379841,negative,0.09824276563857469
1259668853153566721,neutral,0.4593218317852663
1259668853216419840,negative,0.0009515419673095058
1259668853493293057,negative,0.01387682643738661
1259668853564469248,negative,0.1512307990694391
1259668853568790529,negative,1.1712771754352243e-05
1259668853577134082,negative,0.01864922099199262
1259668854055284737,negative,0.13952507454351062
1259668854466318338,negative,0.00017415805412426832
1259668857226231808,negative,0.04895861541139533
1259668857477836812,negative,0.01560421084012215
1259668857654063104,negative,2.572416373124494e-06
1259668857897320448,neutral,0.3499352441185855
1259668858371100672,negative,0.0390122961985136
1259668858761285635,neutral,0.4323225023402126
1259668858832642048,negative,0.006260535817788344
1259668861042823168,negative,0.013033026314500248
1259668861248471049,negative,0.04071122903652344
1259668861818986498,negative,0.09331664874997228
1259668862209003520,negative,0.00010399696601720357
1259668862804660225,negative,0.010331115433319932
1259668862842388482,neutral,0.5287874960061721
1259668865786798082,neutral,0.5236556077126551
1259668865958719497,negative,0.00040831490558307745
1259668865996423169,negative,0.0018148282095110612
1259668866268934144,neutral,0.33700431186214697
1259668869578399745,negative,0.03489312911405267
1259668869884624897,negative,0.0030438899563576256
1259668870517846018,neutral,0.42394469686680314
1259668870614396928,negative,0.12992359624225844
1259668871189073921,positive,0.9971394902060936
1259668871541411843,negative,0.10878211261846156
1259668871671414785,negative,0.006901372022365687
1259668873667887105,negative,0.013674152675538846
1259668873781170176,negative,0.00011103237232981271
1259668873982476295,negative,0.025047132860221148
1259668874041180163,negative,0.0001446450591040527
1259668874091393024,neutral,0.43988208189787964
1259668874506747904,negative,0.06296433260537741
1259668875127459840,negative,0.07480529686534758
1259668875467259909,negative,0.1050887782984423
1259668875542777856,negative,0.0005383806040174129
1259668877933412352,negative,0.008288875517978377
1259668878013140999,negative,0.0003268178109795462
1259668878273187840,negative,3.3952565304311984e-05
1259668878663319554,negative,0.0014869523061866274
1259668878919110656,negative,0.3107281742138744
1259668879040790534,negative,0.00558886041504608
1259668879216979977,negative,2.1559670121266094e-06
1259668882169659394,negative,0.22665165209949692
1259668882488537095,negative,0.011346795706893863
1259668882794647552,negative,0.18013130764963445
1259668883113480193,negative,0.0010025431378403822
1259668883251888129,negative,0.00015212881558590121
1259668883444809733,positive,0.96819603395672
1259668883449012229,negative,0.20995107182700887
1259668884329725953,neutral,0.3768166410687624
1259668884992507906,positive,0.8073216461935993
1259668886267428866,negative,0.03594645750467586
1259668887160979457,negative,0.004490608006469133
1259668887701880833,neutral,0.3440406215844368
1259668887861420034,negative,6.207575254610413e-05
1259668890810028034,negative,3.229103158828636e-07
1259668890919018496,negative,3.3924768321276343e-09
1259668891237744640,negative,0.00011664566216798863
1259668891720130560,negative,0.08063894617124631
1259668891741179911,negative,0.0001124919331355758
1259668894610046977,positive,0.8950774650462305
1259668894685499393,positive,0.8038432474308217
1259668895390224390,negative,1.1194591548553497e-05
1259668895562182657,negative,0.09168136945736283
1259668895885033474,negative,0.08732492721864714
1259668895935475712,negative,0.08301289864159057
1259668896006750210,negative,0.00019547164809635456
1259668898066169857,negative,0.15011047525591342
1259668899043381256,negative,0.02473913915190985
1259668899534118913,negative,0.003377053638970729
1259668899672600576,negative,1.2408765544188389e-08
1259668899752226819,negative,0.01993806159940684
1259668899785773058,neutral,0.4402571704036702
1259668899831963648,negative,3.546674949386747e-05
1259668903074168833,negative,0.0029096051626309053
1259668903241924614,negative,0.015798872013638453
1259668903409713153,negative,0.00018570611028978495
1259668903535443970,negative,0.0001124919331355758
1259668903883673600,negative,0.22651472276924015
1259668904273752067,negative,0.008650114696382322
1259668904399470593,negative,0.028528061238391987
1259668907939553282,neutral,0.34551741265218977
1259668908182843392,negative,0.0059104282385879
1259668908187017224,negative,0.0010899692269339906
1259668908447010823,negative,3.4245111229766865e-06
1259668908467945472,negative,0.12052488788296471
1259668908480401409,neutral,0.42695075000513394
1259668911433252865,negative,0.001979459897387121
1259668911714381824,negative,0.027490297399770918
1259668911764758528,negative,0.05975049395598721
1259668912263831554,negative,0.008639209645225968
1259668912305831948,negative,0.01999564358236879
1259668912796467201,negative,0.0009721209047037576
1259668912922296323,negative,1.1738519184408961e-08
1259668915933908992,negative,0.15992508405354788
1259668916198084619,negative,0.005455480495129906
1259668916470767618,negative,9.006595748785897e-10
1259668916504231936,negative,0.00015212881558590121
1259668917049610241,negative,0.0010844700613079435
1259668917213114374,neutral,0.4402571704036702
1259668917238153218,negative,0.0947016216442405
1259668917401858048,positive,0.9004029805726697
1259668919822036994,negative,0.08737076490486827
1259668920170151936,negative,0.018401956958809588
1259668920178552838,negative,0.05362522252559939
1259668920224698368,negative,0.05073946772185634
1259668921319329793,negative,0.02025807865826995
1259668921386512385,negative,0.014851507444517319
1259668921688473600,negative,0.00976236304086536
1259668921852051457,negative,0.12126276068882126
1259668921919115268,negative,0.039951591374045144
1259668924800610304,negative,2.3722019270771704e-06
1259668925232578560,negative,0.0012165323768554615
1259668925240967169,neutral,0.34076927931029793
1259668928521023489,negative,0.00041732822265126224
1259668928734859271,negative,9.826244649421768e-08
1259668929112399882,negative,0.19874206151247403
1259668929720520707,negative,0.0002798046806916203
1259668929808609281,negative,0.005659436242342277
1259668929825386498,negative,0.0010744294365834875
1259668932610400265,neutral,0.4507454498615163
1259668932899885058,negative,0.0014277226603178433
1259668932971171843,negative,0.000861013385080541
1259668933013123072,negative,0.20540765573604133
1259668933096980480,negative,0.004490608006469133
1259668933717774344,positive,0.7424796127060442
1259668933923176449,negative,0.024301384889019468
1259668934271406080,negative,0.00015212881558590121
1259668936636928001,negative,0.00012001730432019605
1259668936687304704,negative,0.16595543563974707
1259668936796385281,negative,0.00040831490558307745
1259668937832312832,negative,0.000581221620233042
1259668937920389121,negative,0.26055026567374256
1259668938251735040,negative,0.00257193255654754
1259668940772585472,negative,1.9241181673254393e-05
1259668941154254854,negative,2.0204478071288736e-07
1259668941586280455,negative,0.01786936626694721
1259668941846179842,negative,2.049956369839261e-05
1259668942110494725,neutral,0.47773211781174707
1259668942693339136,negative,0.006099936616333308
1259668942731313153,negative,0.0025692329905899385
1259668945050755073,negative,0.029870955230914955
1259668945105154048,negative,0.13952507454351062
1259668945180733441,negative,2.0859561688121047e-09
1259668945315008512,negative,0.0010056293107708453
1259668945688289280,neutral,0.5020623404265209
1259668949236682754,positive,0.7945026214638992
1259668949257641984,negative,0.015798872013638453
1259668949404352519,negative,0.10499331260704814
1259668949668630529,negative,0.015359755825087237
1259668949798735872,negative,0.00036962867890987433
1259668950066925569,neutral,0.49789225920557484
1259668950264283138,positive,0.696753198391694
1259668950557876230,negative,0.0007951069084485712
1259668950834651137,neutral,0.36783333367283877
1259668953481089025,negative,0.015798872013638453
1259668953833431040,negative,0.002476778084950019
1259668953942700033,neutral,0.49789225920557484
1259668954076905474,negative,0.1520195951709707
1259668954294951936,negative,1.9873217732210555e-05
1259668954529832966,negative,0.277115355480431
1259668954957647874,neutral,0.46511884455441777
1259668957683998720,neutral,0.41600917863779713
1259668957717508097,negative,0.04504730780482824
1259668957998583809,negative,0.001164233072721715
1259668958166294529,neutral,0.5066248636022981
1259668958246047748,negative,0.013602294614039752
1259668958283612160,negative,3.1133503916509115e-05
1259668958720004096,negative,0.11287831785764994
1259668959244300298,positive,0.6902293123788716
1259668962146684931,negative,1.9873217732210555e-05
1259668962352267266,negative,0.1968047775245362
1259668962566189056,negative,0.0028004565676719826
1259668962800959493,negative,0.00017415805412426832
1259668963090247685,negative,0.0004635156480877829
1259668963124023296,positive,0.7574083561251908
1259668963258257415,negative,0.19874206151247403
1259668963371429888,negative,0.16701410472321732
1259668965862883328,negative,0.0001038681563768656
1259668966005518337,negative,1.4204054550364319e-05
1259668966714355714,negative,0.17333355179097248
1259668966844194816,negative,0.0814179381748901
1259668967569993733,negative,4.3566869498727375e-05
1259668970434637830,negative,1.8243569340032318e-05
1259668971315478529,negative,8.35137103339817e-08
1259668971730714629,negative,0.004490608006469133
1259668971772686337,negative,4.06971883261548e-06
1259668971890106368,negative,0.0009721209047037576
1259668971961430018,negative,0.003962591684264691
1259668971965448192,negative,0.1621317088068388
1259668972032720896,negative,0.00020655262205506543
1259668974322753537,negative,7.531347864475402e-06
1259668974587072513,negative,0.00018532995686568657
1259668974599581697,negative,0.016309179733344694
1259668974821875713,neutral,0.4408817677177981
1259668975090388994,negative,0.0010844700613079435
1259668975610466304,negative,0.3274595693630028
1259668976222822403,negative,0.0001124919331355758
1259668976386351106,negative,1.6790152933186432e-09
1259668976461905926,negative,0.03489312911405267
1259668978579931137,negative,0.00010375017155327087
1259668978831671296,negative,0.010404447519042513
1259668978999398402,neutral,0.3628831412862302
1259668979678920707,negative,0.09845883548488699
1259668979787980801,negative,2.7952860264859704e-06
1259668979997704193,negative,0.0030988016120727948
1259668983118204928,neutral,0.3627196315859301
1259668983256678401,negative,0.0009715577207035442
1259668983416045569,neutral,0.6130147246847621
1259668983428648962,negative,3.3472628470555727e-06
1259668983470579714,neutral,0.45566730829515023
1259668983994867713,negative,0.02814639780591683
1259668984003203073,neutral,0.4737554465528978
1259668984225501184,negative,0.1207284814479363
1259668984368107524,negative,0.02182740901000955
1259668987287351296,negative,0.006099936616333308
1259668989090975744,negative,6.150362524525203e-06
1259668991460728834,positive,0.8038432474308217
1259668991687249923,negative,0.1837835069079584
1259668992081477640,neutral,0.5813635478152814
1259668992094019586,negative,2.4666126736561367e-05
1259668995709468672,neutral,0.5272800465105069
1259668995726348289,negative,0.0017982684934366776
1259668997378842624,negative,0.00011594068940910565
1259668999937261568,negative,0.25669597484810663
1259669000067391489,positive,0.7974440654750468
1259669000201670657,negative,0.0020679112113601342
1259669000860119046,negative,0.005059966624603775
1259669001023688705,neutral,0.5455279260454973
1259669001631907841,negative,0.1763885332487721
1259669003779350530,negative,3.436948125507771e-05
1259669003917811712,neutral,0.3761114219698652
1259669004693778432,negative,0.3116189485860199
1259669004710486016,negative,0.008353001067320199
1259669004836274179,negative,0.0803118546346495
1259669005574553608,negative,2.426955400007758e-05
1259669007994585088,negative,4.218533684056661e-07
1259669008363802633,positive,0.8548319935404205
1259669008397320193,negative,0.005554248168238517
1259669008430723072,negative,0.03603252193707286
1259669009764671488,negative,1.2610987651723922e-11
1259669012448866305,negative,0.020626192709026873
1259669012851630080,negative,3.4245111229766865e-06
1259669012943908867,negative,0.024611213898561846
1259669014168641537,negative,1.6239598727706617e-13
1259669014302863368,negative,0.08493406194020985
1259669016345444353,negative,0.14600362406388467
1259669016366460930,negative,0.06416804600411988
1259669016387424256,negative,0.06641967143603404
1259669016723013635,negative,0.14323209954187302
1259669016743903233,negative,1.4657533086451163e-08
1259669016957911041,negative,0.00039136474396378544
1259669017394130947,negative,0.03908930113231598
1259669017436082176,negative,0.006829410600828879
1259669017440276481,negative,0.000853750684691433
1259669021231734784,negative,0.004490608006469133
1259669021240287239,negative,0.01616280406883457
1259669021563269120,negative,0.0023706952940150644
1259669022200692738,negative,0.0010744294365834875
1259669022322409474,negative,0.000288492895263769
1259669024994197505,negative,1.017087424785027e-06
1259669025220591623,negative,0.20094928059250583
1259669025639948288,negative,0.12392646217696103
1259669029326925824,negative,0.17632601764987182
1259669029599543297,negative,0.0008637834186907704
1259669029964390400,negative,0.19541598075300018
1259669030149009408,negative,0.0946110091573746
1259669033076523008,negative,0.006818559602716657
1259669033454129152,neutral,0.6478168620438577
1259669033894412289,negative,0.00015212881558590121
1259669034221658116,negative,0.00012663504392526422
1259669034397810693,negative,0.006108211236302445
1259669034615934978,negative,0.00877137750976325
1259669034666209282,neutral,0.49789225920557484
1259669037468057601,neutral,0.46511884455441777
1259669037539160064,negative,0.006458383429546931
1259669037816176642,negative,0.04446128432158741
1259669037920985088,neutral,0.3463189215312905
1259669038164254721,negative,0.03035934002002571
1259669039313453059,negative,0.0010612284658163883
1259669041289072648,negative,0.1560114960270055
1259669042119540736,negative,0.002674161199069637
1259669042262138882,neutral,0.38377181257284454
1259669042509594625,negative,0.03385421301271804
1259669042551537664,negative,0.29421650888984446
1259669042731929601,neutral,0.49892412180975515
1259669042874507265,negative,0.032560740130161324
1259669043662946305,negative,4.720548787715865e-09
1259669043885289472,negative,0.028325167815792213
1259669045692989441,negative,0.0006111206745680726
1259669045802082304,negative,0.02130249282339705
1259669045852373002,neutral,0.5159436667231726
1259669047005851648,negative,0.0009721209047037576
1259669047551111170,negative,0.00015493259688444084
1259669047941136385,negative,0.015359755825087237
1259669047999893506,negative,2.141737615118353e-07
1259669048197107716,negative,0.04742092553828254
1259669051019866112,negative,2.7275357247463924e-06
1259669051456000003,neutral,0.42394469686680314
1259669054274617353,negative,0.00014314699633567548
1259669054526312454,negative,0.13567425367000696
1259669054819905542,negative,0.05566777781697941
1259669055134240768,negative,0.024393943330230122
1259669057751658497,negative,0.009868786994187913
1259669058665971712,negative,0.00033579646769490523
1259669058808459264,negative,0.014259874811545115
1259669059270033411,negative,0.005786120539882683
1259669059282571268,negative,0.025502550283771006
1259669062524813313,negative,8.286441915696123e-05
1259669062688309248,negative,0.011615737603487442
1259669071877922817,negative,0.12236163312838223
1259669071890702341,negative,0.002988851992981973
1259669072280616961,negative,0.0019767083394363395
1259669072427585536,negative,0.21286224704095816
1259669075615199233,negative,0.10499331260704814
1259669075787038723,neutral,0.4249404075430618
1259669076571455489,positive,0.7074472949624224
1259669076747616256,negative,0.00018570611028978495
1259669078798630912,negative,0.00010228506667245946
1259669078811258886,negative,0.06416804600411988
1259669079423582210,positive,0.66733171846095
1259669079545253890,negative,0.00106489945304463
1259669079767597056,negative,0.00023172241621763887
1259669079776006156,negative,0.008349230852860247
1259669079872409603,neutral,0.3848256395435371
1259669079905964033,negative,0.00996690378949695
1259669080400957441,negative,0.02846151973106016
1259669080782573568,negative,9.006595748785897e-10
1259669081252417536,negative,0.08245186047061687
1259669081302556674,negative,0.02871537246914232
1259669081541804033,negative,0.17154990542386903
1259669083479576576,positive,0.8815181232175207
1259669083823509505,negative,0.0010744294365834875
1259669084272197640,negative,5.538811753164853e-05
1259669084326768642,negative,0.00032495078482094186
1259669084347813888,negative,0.031994838744922774
1259669084523855874,negative,5.401369962276984e-06
1259669085144723458,negative,0.044063049745793746
1259669085304107008,negative,0.06896599183609385
1259669085367001090,negative,0.0006657680977429488
1259669088131059712,negative,0.0023987213571049822
1259669088277868544,negative,2.3204179051587152e-05
1259669088814510080,negative,0.024074850491779893
1259669089016000513,negative,0.03561088181469033
1259669089322221569,negative,0.000891758373845586
1259669089527762947,negative,0.00257193255654754
1259669089531891718,negative,1.4165916775079394e-12
1259669091863998465,negative,0.0001071884036327434
1259669092002299909,negative,5.962214523960821e-06
1259669092224495620,neutral,0.49789225920557484
1259669092593696773,negative,0.005279783081401405
1259669096234389505,negative,0.06896599183609385
1259669096834236421,positive,0.8038432474308217
1259669097081602048,negative,0.0008743762150537003
1259669097098379264,negative,0.00023192392838627805
1259669097358360578,negative,0.2114790669212462
1259669097824034816,negative,0.001867442467739763
1259669098478395393,negative,0.0010643345868330556
1259669100072259586,negative,0.06399361664219883
1259669101238239232,negative,0.011346795706893863
1259669101380882438,positive,0.9956944807779333
1259669101787693061,neutral,0.4402571704036702
1259669101909364737,negative,0.13751973171718848
1259669105495494656,negative,2.140086212954762e-05
1259669106107846662,negative,2.4855453676085233e-05
1259669106271432711,negative,0.0013136133886386707
1259669109056442369,negative,0.12355675231413714
1259669109152854016,neutral,0.34076927931029793
1259669109220020225,negative,0.3094745737661471
1259669109337440257,negative,0.000154594111452603
1259669109689790466,neutral,0.45771095618460156
1259669109769408513,negative,0.004673724721106376
1259669110214070273,positive,0.9454337569521802
1259669110394322946,negative,0.02473913915190985
1259669113036734464,negative,0.23394218930273464
1259669113317683200,negative,0.0009721209047037576
1259669113632423942,negative,0.06539382288609233
1259669113707941890,negative,0.00010399696601720357
1259669113712017408,negative,0.06416804600411988
1259669113770848257,negative,0.00966253486475533
1259669113825308673,negative,0.2506603168854123
1259669113829560321,negative,0.0003781881125264476
1259669114156535808,negative,0.06605710334884395
1259669114483879937,negative,0.03239377893899462
1259669114504851458,negative,2.8225344725768705e-05
1259669114680901634,negative,0.0010612284658163883
1259669117122068485,negative,0.08772005384311528
1259669117256286218,neutral,0.3916192645537074
1259669117549895682,neutral,0.49789225920557484
1259669118971756544,negative,0.025502550283771006
1259669121140248576,negative,0.011346795706893863
1259669121249292290,negative,1.5576565967285155e-06
1259669121303744513,negative,0.00012043124640696894
1259669121509347328,negative,0.00024177276862188824
1259669121584766982,neutral,0.6030035165019055
1259669121916076032,negative,0.20540765573604133
1259669122029441024,negative,3.4245111229766865e-06
1259669122201329664,neutral,0.49789225920557484
1259669122301997058,negative,0.2294308831755222
1259669126563467264,negative,6.650483722913209e-15
1259669126580252672,negative,0.001230208188192375
1259669127133909001,negative,0.004750427751385761
1259669129558216704,negative,0.11287831785764994
1259669129620910080,neutral,0.3403391890910929
1259669129973379073,negative,0.014191303444336393
1259669130262777862,negative,0.03283618498266043
1259669130434797568,negative,0.004800504314827292
1259669133949644801,negative,0.04654118491159797
1259669135069532160,neutral,0.4402571704036702
1259669135077847041,negative,0.00031625666673288727
1259669135539216385,positive,0.6806395895321746
1259669138454335498,negative,0.0005622247288226983
1259669138877931523,negative,3.140326344509829e-06
1259669139481923585,negative,0.0009361613492463844
1259669140081696768,negative,0.0003685674520664772
1259669142149480453,negative,0.004800504314827292
1259669142656909312,neutral,0.4402571704036702
1259669142812188673,negative,0.018008025138896752
1259669142933843968,negative,0.000550605950451707
1259669143344656386,negative,0.0009721209047037576
1259669143516741632,negative,7.156115911886269e-07
1259669143554580481,neutral,0.3694749079867598
1259669143709782022,negative,0.0902117041152887
1259669147522400264,neutral,0.4018177602303977
1259669150596837379,positive,0.9400641457680626
1259669151175639042,negative,0.001867442467739763
1259669151251079174,negative,0.1763885332487721
1259669151267934208,negative,0.09729720865165654
1259669151469223936,negative,0.0009715577207035442
1259669151783796736,positive,0.9592994016773937
1259669151783804928,negative,4.808844720606916e-05
1259669155642519552,negative,0.00014208549671919986
1259669155726450688,negative,2.3411030221612353e-06
1259669156661690368,neutral,0.3775522017607436
1259669156724604928,negative,0.08892715533476855
1259669159027277828,negative,0.011523099451354423
1259669162995130369,negative,0.0007616828564411351
1259669163426975744,negative,0.1329451863313843
1259669163506896904,negative,7.44651973961442e-05
1259669163829858305,negative,2.2415601025163796e-05
1259669164110876676,negative,0.0016818510888113776
1259669164328914949,negative,0.00904468806196467
1259669164400279552,negative,0.002544221082704142
1259669166975520770,negative,0.027629952053386534
1259669167378239489,negative,0.060749556975889116
1259669168053460999,neutral,0.4959273733508839
1259669168376381442,negative,0.0001071884036327434
1259669168401584129,negative,0.02682991745153248
1259669169655689217,negative,0.002891732847110908
1259669171534782464,neutral,0.39948280646312523
1259669172503576584,negative,0.039917398382737244
1259669172658765824,negative,0.0010110712432796697
1259669172847509508,positive,0.8130853588455016
1259669175980691463,negative,0.020730677352599404
1259669176119066625,negative,9.808122694541123e-09
1259669176182022146,neutral,0.45031347932339144
1259669180644839426,negative,0.011548915414214937
1259669181122961408,negative,0.1280974390983661
1259669184457445376,negative,0.012638075400289462
1259669184658567168,negative,0.01373638873620955
1259669185833164800,negative,5.401369962276984e-06
1259669186047102979,negative,0.00012350986907285768
1259669188488114177,negative,9.006595748785897e-10
1259669188500652032,negative,0.019144170977440804
1259669189901590530,neutral,0.5256487361589304
1259669193244491777,negative,0.08564243752134529
1259669193365925888,negative,0.03283618498266043
1259669199347220480,negative,0.15591288266057057
1259669205730889729,negative,0.010400006272847094
1259669205873541121,positive,0.9648217882764855
1259669206905376768,negative,0.0018901482301011737
1259669209258381313,positive,0.9506175525323004
1259669209342259200,negative,3.4245111229766865e-06
1259669210172739584,positive,0.9004029805726697
1259669210789064704,negative,0.0342428431475153
1259669210957058048,neutral,0.4471030888104273
1259669211498057728,negative,0.0005836794739698498
1259669214597713922,negative,0.000861013385080541
1259669214899691522,neutral,0.4148064475361395
1259669215327457283,negative,0.03908930113231598
1259669217776812032,negative,0.03490139699032735
1259669217835712514,negative,0.03673010266486733
1259669217869168647,negative,0.0010025431378403822
1259669218150289409,negative,0.08371020180036082
1259669218225774594,negative,0.003221521086392494
1259669218892578816,neutral,0.49789225920557484
1259669218934562816,negative,1.2437802542683136e-06
1259669219068858371,negative,0.10982957771331091
1259669219253407744,negative,0.07800950076186582
1259669219286880258,negative,0.002082292717620623
1259669222134693888,negative,0.0017235933331620787
1259669226752802816,negative,1.4055722061135845e-05
1259669227323228165,negative,0.0014592865350761767
1259669227881062400,negative,0.05857814310421885
1259669230208921602,negative,0.05087067874538144
1259669230288502785,negative,0.23062168476247616
1259669231429353472,negative,0.21157174877458332
1259669231672713218,negative,0.01387682643738661
1259669232180236288,neutral,0.5762578033233333
1259669235506216963,negative,0.08707855181048388
1259669236005261312,negative,0.0003205713684134867
1259669236022157312,positive,0.6611536724663378
1259669236206747649,neutral,0.37222935795141343
1259669239063023617,negative,0.0006764054199964125
1259669239574589440,neutral,0.3856455132535526
1259669239662772226,negative,0.06416804600411988
1259669239839035396,negative,4.739086425038478e-07
1259669240153604098,negative,0.0052346256090343365
1259669244381364224,negative,1.1807168143466021e-05
1259669244683444224,positive,0.8038432474308217
1259669244838580229,negative,0.047725141982109184
1259669247384604672,negative,9.325850481645167e-06
1259669247938179075,negative,0.04757136216216457
1259669251096526849,negative,0.03568489069568071
1259669251360731136,negative,0.006725742986279119
1259669251893465089,negative,0.007065386348283391
1259669252195463168,negative,0.10048582305745868
1259669252610633738,negative,0.008991541386185414
1259669252757307393,neutral,0.5305639532619965
1259669252929466369,negative,0.015798872013638453
1259669253881462784,negative,0.1989658174173474
1259669256272138240,negative,6.291390401856781e-05
1259669256351952902,negative,5.4613204874523385e-06
1259669256603566080,negative,0.004874635622921088
1259669259640360961,negative,0.15720289665506715
1259669260198084608,negative,0.0018088319352342415
1259669260760084481,negative,0.007613096279431269
1259669260823076866,negative,0.0006545213369192868
1259669261661896704,negative,1.4888058062446967e-07
1259669262014263296,neutral,0.44684431135710134
1259669262224044033,negative,0.10982957771331091
1259669264786550784,negative,0.0025042286509540075
1259669265155850240,neutral,0.3853561538418746
1259669265353003010,neutral,0.5362703601420662
1259669266061762565,negative,0.07296355020078991
1259669268368687105,negative,0.03908930113231598
1259669268536406017,negative,0.030401487437344384
1259669270008602629,negative,2.6537163074524316e-05
1259669272344907777,negative,2.875315811798005e-05
1259669272877563906,negative,0.004490608006469133
1259669272894287872,negative,0.0018542489685930365
1259669273540206599,negative,0.0007678471331074128
1259669273670230016,negative,0.037699317729962406
1259669273770889222,neutral,0.3916192645537074
1259669276518203394,negative,0.0010899692269339906
1259669276757196800,negative,0.06471691186971447
1259669276803416064,negative,0.0011345196461538124
1259669277248032768,negative,0.005120666993619501
1259669277306748930,negative,0.0009721209047037576
1259669277566808064,negative,0.00021504069010153264
1259669280708272130,negative,1.6956583313105272e-11
1259669281031237632,negative,0.01387682643738661
1259669281106587650,negative,0.07015314104684704
1259669281249341440,negative,6.472259304188122e-07
1259669281647837185,negative,0.08793878761746006
1259669281689632770,negative,0.0019532943202154453
1259669281811443718,negative,0.1837835069079584
1259669284747382787,negative,0.004364320041531342
1259669285154304006,negative,0.12125163073451409
1259669285967986693,negative,0.1530481999067977
1259669286286753794,negative,0.013425507304720946
1259669286290960386,negative,0.0010025431378403822
1259669286391603200,neutral,0.518237295715705
1259669289910652933,negative,0.0021347084271138065
1259669290090926082,negative,0.0034795368667188305
1259669290690756614,negative,0.00027317544528841336
1259669290736902144,negative,0.1763885332487721
1259669290904518656,positive,0.9041429197623129
1259669293236490240,negative,0.02261464302030816
1259669293655969792,negative,0.09279748579821419
1259669293727391750,negative,0.0031819423900219155
1259669293949689856,neutral,0.49726815457029594
1259669294532739073,negative,0.022037275852210873
1259669297477160960,negative,0.0003685674520664772
1259669297485447168,negative,0.0010025431378403822
1259669297808527360,negative,0.0019194979590249188
1259669298018213888,negative,0.014851507444517319
1259669298248855552,negative,0.011373484368130977
1259669298781384705,negative,0.0013265264877985
1259669298806652934,negative,0.06835898890224368
1259669299142295554,neutral,0.3856455132535526
1259669301637898240,negative,0.32024770717179
1259669301805473793,neutral,0.49789225920557484
1259669302057336832,negative,0.00789955191588465
1259669302137012231,negative,7.835007586155732e-09
1259669302258606080,negative,0.02202502545527129
1259669302325714944,negative,0.11756585327592668
1259669302430429189,negative,0.0010844700613079435
1259669306184531970,negative,0.0001145683903343879
1259669306347945985,negative,0.0007325347757816389
1259669306813616128,neutral,0.4856916821171273
1259669306943684610,negative,0.0010025431378403822
1259669311175700482,neutral,0.3768166410687624
1259669311544680448,negative,0.13952507454351062
1259669314266738688,negative,0.08498640725537643
1259669314346668035,negative,0.09279748579821419
1259669314380140544,neutral,0.5681921013422102
1259669314929655809,negative,0.0010844700613079435
1259669314967351296,negative,0.02498235903469907
1259669315160141824,negative,0.14842557592728034
1259669315252600834,negative,0.25345753714892516
1259669315327934464,negative,0.07691931961532635
1259669315416195072,negative,0.001991519728389348
1259669315424604160,neutral,0.5333769010026531
1259669315592155138,negative,0.00012043124640696894
1259669318477938688,negative,3.4245111229766865e-06
1259669318499008518,negative,0.001982043388847434
1259669318754861056,negative,1.0441168803608643e-11
1259669322546524160,negative,4.844042472504625e-06
1259669322823282689,negative,0.14645384945611187
1259669323217547266,negative,0.18459858958932926
1259669323431452674,negative,0.08291601474580387
1259669323838361606,negative,0.14088400785104097
1259669323913854976,negative,0.002746434973029527
1259669324081573900,negative,0.00015212881558590121
1259669324278771712,negative,1.797261196416357e-07
1259669326979891202,negative,0.08498640725537643
1259669327076343808,negative,0.004500908720721487
1259669327290281990,neutral,0.3694749079867598
1259669327315374080,negative,0.0029689161869506163
1259669327319650310,negative,0.23465469432494485
1259669327386750979,negative,0.1947486165211348
1259669327495774211,negative,0.00016587354038581758
1259669328561143810,negative,5.222785588431652e-05
1259669330574241792,negative,0.0010844700613079435
1259669331790741504,negative,2.970982991845818e-05
1259669332143022082,negative,0.0016016164969417078
1259669336471584775,neutral,0.6063819306056172
1259669336492576768,negative,0.0033659798076027853
1259669337276899329,negative,0.0010844700613079435
1259669339843833856,neutral,0.397285367777589
1259669340288360449,positive,0.9952026393825891
1259669343744425984,positive,0.6903841358962718
1259669343941648385,negative,0.18453206311828033
1259669344595906560,positive,0.6611536724663378
1259669345153675264,negative,0.0027631554652955428
1259669345183035392,negative,0.0004316781925956639
1259669345501937665,positive,0.8766268102343255
1259669347695497217,negative,1.900991135098309e-06
1259669347766685697,negative,0.32477286870154387
1259669348207202304,positive,0.7536152528059166
1259669348215554048,negative,0.1487287893870892
1259669348710580224,negative,0.1763885332487721
1259669349058719749,negative,0.00077328076080544
1259669351877283842,positive,0.6903841358962718
1259669351944409090,negative,5.977186626154188e-07
1259669352632238080,negative,0.0001124919331355758
1259669356360990720,negative,2.6665549277738527e-05
1259669356474179590,negative,1.5533688681005918e-05
1259669360773341184,negative,0.09677868744031175
1259669361188634624,negative,0.012824637561805673
1259669361679351808,negative,0.07331045262326333
1259669361935159301,neutral,0.35509496682161057
1259669362371330048,negative,0.023861849086957997
1259669364602740736,negative,0.02523263177727461
1259669364804145152,negative,0.00011344392634423936
1259669364988665857,negative,0.004490608006469133
1259669368717422604,negative,0.0006191299228806578
1259669368964874240,neutral,0.5136446707795853
1259669370021838850,negative,0.0009373021801594066
1259669372781694976,negative,0.2611334418632019
1259669372941086720,negative,0.039951591374045144
1259669373012389891,negative,0.10265769152520167
1259669373117227016,negative,0.0009715577207035442
1259669376984178688,negative,0.003245171210712141
1259669380968984576,negative,0.0009845053056262364
1259669382176768000,negative,0.02780152231684879
1259669382709592064,negative,0.015359755825087237
1259669386102804483,neutral,0.34639579898937944
1259669386190819329,negative,0.016322112350718156
1259669386270519298,positive,0.9999893969251963
1259669390146093067,negative,0.001867442467739763
1259669390460702725,negative,0.004275786629855665
1259669390464880640,neutral,0.42447457193172483
1259669394202013696,negative,0.001675768376064588
1259669398798962688,neutral,0.6478168620438577
1259669402909278209,negative,0.002476778084950019
1259669404016615436,neutral,0.6351025715694747
1259669406545784835,neutral,0.3761114219698652
1259669407741214720,negative,0.03270225248626584
1259669408122916864,negative,4.887014854202853e-05
1259669408219348993,negative,0.13952507454351062
1259669410593243141,negative,0.21176379104547072
1259669410593325058,negative,0.00012839732339181169
1259669410870067202,negative,1.0128481393630488e-05
1259669411092402182,negative,0.046175839629240115
1259669411356725250,neutral,0.42394469686680314
1259669412082339844,neutral,0.41239281395093064
1259669412216549376,negative,0.01817480142569221
1259669412220633088,negative,0.09716173145415667
1259669414766456832,negative,0.00020483803310704984
1259669415571922946,negative,0.10866800175245787
1259669415777443841,negative,0.018833799681127267
1259669416020770816,negative,0.1763885332487721
1259669419225231360,negative,6.135040527335817e-05
1259669420177268736,negative,0.1766178114576733
1259669420672200704,negative,0.00026371210823463234
1259669420676448256,negative,0.21631061820183065
1259669421016170502,negative,0.00015212881558590121
1259669423218139136,negative,0.13952507454351062
1259669423897612295,negative,8.399258844811518e-05
1259669424593829892,negative,0.0027631554652955428
1259669424983900162,positive,0.9516336771178022
1259669427467018241,negative,5.1719968306943177e-05
1259669428230410246,neutral,0.5415628404222355
1259669428758695936,negative,0.0861174439764947
1259669429035597826,negative,0.00040831490558307745
1259669429375455237,negative,4.887014854202853e-05
1259669429392031745,negative,4.5645906047168154e-05
1259669432852459520,negative,0.003245171210712141
1259669433204817921,negative,0.0003205713684134867
1259669433204838407,negative,9.006595748785897e-10
1259669433360007168,neutral,0.5293700225891195
1259669436220375040,negative,0.16671477014930153
1259669436463603717,neutral,0.5071877077754149
1259669436535103489,negative,0.10093603079889746
1259669437088743426,negative,0.001867442467739763
1259669437176823809,negative,0.027781349872206935
1259669437638012928,negative,0.013268102688795197
1259669440142114818,negative,0.2162108712489747
1259669440246935552,negative,0.0006111206745680726
1259669440364343297,negative,0.32413356059835935
1259669440397885440,negative,0.32413356059835935
1259669441056473091,negative,0.01551445926906349
1259669441199124480,negative,0.0005179432008570532
1259669445368299523,negative,0.2031218527706539
1259669445867270154,negative,0.1462146037270393
1259669445875847171,negative,0.07562310424835945
1259669449369665543,negative,4.887014854202853e-05
1259669449843474434,negative,6.40322635422539e-05
1259669452548947968,negative,0.0807328009857341
1259669452704137216,neutral,0.4971790182263552
1259669453010341894,negative,0.015798872013638453
1259669453115195392,negative,0.0006111206745680726
1259669453224185857,negative,0.08415259277353393
1259669453282914310,negative,0.000861013385080541
1259669453538832384,negative,0.0001071884036327434
1259669453685522432,negative,0.09711271766391612
1259669456994938880,negative,0.1188376399658234
1259669457011724288,negative,0.2716073688587494
1259669457200447492,negative,7.365825497053431e-15
1259669458169315328,neutral,0.49789225920557484
1259669459071119362,negative,0.0018901482301011737
1259669460908158976,negative,0.0012346320141581391
1259669461130510343,neutral,0.49789225920557484
1259669461491159042,negative,0.27928211558754046
1259669461659004934,negative,3.4245111229766865e-06
1259669461759602688,negative,0.005042460529389207
1259669461927428097,negative,0.0013379129662278119
1259669462002937857,negative,0.13302093677824128
1259669462166450176,negative,0.019338265115279963
1259669462476902406,negative,4.4684671462839333e-08
1259669465173839874,neutral,0.5736305369782303
1259669465605844994,negative,0.00014673936894625804
1259669465874259969,negative,5.401369962276984e-06
1259669465953902594,negative,5.9360588965499074e-08
1259669467124113411,negative,0.15199790507801075
1259669467199504385,negative,0.003942483904874858
1259669467304525824,negative,0.008462738187574223
1259669467329703941,negative,0.013404901426829008
1259669467438682113,negative,0.0010612284658163883
1259669469418467328,negative,0.00010399696601720357
1259669469472817152,negative,0.09006220992901169
1259669470466932737,negative,0.01948847896768648
1259669471075209217,negative,0.0012196970653731085
1259669471205212160,negative,0.08846338549353941
1259669473952518144,negative,0.0016021177171489619
1259669474178990090,neutral,0.36105199386257386
1259669474191585282,negative,0.04574435665352584
1259669474489270273,negative,1.4903521712777086e-06
1259669475252752386,negative,0.0006544555841570526
1259669475563048963,neutral,0.3682351430410055
1259669475638620160,negative,0.01047607363764785
1259669475642822656,negative,0.003377053638970729
1259669477823860737,negative,0.19864915998803498
1259669478402600962,positive,0.6680548774098833
1259669478788530176,negative,0.00024177276862188824
1259669478956204033,negative,0.014701988379557898
1259669479035998209,negative,0.00040831490558307745
1259669479367364608,negative,0.21847877402104524
1259669479719567362,negative,0.0010417942015484836
1259669481879670786,neutral,0.36303518670732554
1259669482030739456,negative,0.0008854334858271377
1259669482278129664,negative,0.1947486165211348
1259669482378874880,negative,0.001979459897387121
1259669482420744192,negative,0.05329578451101657
1259669484245303296,neutral,0.6480980822085491
1259669484589244417,negative,0.01807422728676764
1259669486048874496,negative,0.014701988379557898
1259669486103388162,neutral,0.3499352441185855
1259669486573101056,negative,0.06967499314271368
1259669486581559301,negative,0.027712972854753676
1259669487231496193,negative,5.765169151907416e-06
1259669487583989760,negative,0.1763885332487721
1259669487831388167,negative,0.004396727819986865
1259669490452889602,negative,0.13725698083826876
1259669491178487814,negative,0.13193728762960674
1259669491237224451,negative,0.014019307405854062
1259669491581100038,positive,0.8038432474308217
1259669492105437185,negative,0.00966253486475533
1259669493963460610,neutral,0.5136446707795853
1259669494290579456,negative,3.22911917495954e-05
1259669495611887618,positive,0.7298290643337475
1259669496299687936,negative,5.275675344631475e-09
1259669496341712900,negative,0.16778160508579706
1259669498975543296,negative,0.002259757181544405
1259669499617456130,negative,0.19874206151247403
1259669499718053890,negative,0.08479056045893965
1259669499806126080,negative,0.32150692856701657
1259669499910983680,neutral,0.4159210345112751
1259669500179419137,positive,0.9628334600643687
1259669502859661313,negative,0.001979459897387121
1259669503421624320,positive,0.8651618779548107
1259669503652163584,negative,0.0008194483140517282
1259669504344436744,negative,0.1763885332487721
1259669507502682112,negative,1.1712771754352243e-05
1259669508043812864,negative,0.015359755825087237
1259669508085686275,neutral,0.5762578033233333
1259669508417077249,negative,0.04446128432158741
1259669508421234688,negative,0.00976236304086536
1259669511294328832,negative,0.06416804600411988
1259669512825208835,neutral,0.41690027968852345
1259669513517367301,negative,0.006951395465545481
1259669513580220425,neutral,0.4249404075430618
1259669516340146176,negative,0.05773019087322524
1259669517099077632,negative,0.1091722150958399
1259669517120274432,negative,0.0003648599289631919
1259669520966352898,negative,0.2780356644856449
1259669523998932992,negative,0.0902117041152887
1259669524321759234,negative,0.03545368915398882
1259669524493860866,negative,0.02505606841972375
1259669524808376326,negative,0.14149442406163282
1259669524867100683,negative,0.0015425566757892638
1259669524930072577,negative,0.008859410834980635
1259669525106221056,negative,2.5867286630357746e-05
1259669525122801665,neutral,0.34508366534973484
1259669525353631745,negative,0.006099936616333308
1259669528134463492,negative,0.005706860347054979
1259669528277127168,negative,0.00035948860132572677
1259669528440721409,negative,4.483426685667427e-07
1259669528872726530,negative,0.0016906612151541022
1259669529342423040,negative,9.527746574938118e-05
1259669532794253312,negative,0.005784234551088542
1259669532945387520,negative,0.0753055840887904
1259669533473812481,negative,0.003058948588974404
1259669533633150978,negative,0.0006385044076142993
1259669536573231104,negative,1.797261196416357e-07
1259669537017954306,negative,0.14231677819453872
1259669537596661761,negative,1.803043095242323e-05
1259669540818092032,negative,0.10922771244871944
1259669541728092160,negative,7.836209092154704e-05
1259669541858226177,negative,0.02712988442326638
1259669542126657536,negative,0.004490608006469133
1259669544785842178,negative,8.187121660385518e-05
1259669545020784640,negative,0.01511592895321524
1259669546429902848,negative,0.09085893696955073
1259669549487702016,neutral,0.3485752753154611
1259669550787751936,negative,0.0010844700613079435
1259669553287700480,negative,0.08506024553755913
1259669554176851971,negative,0.0033337140203505344
1259669554302783489,negative,0.001805070096335834
1259669554436943872,negative,0.3029968537174699
1259669554453778432,positive,0.6793270924001363
1259669557679177728,neutral,0.3499352441185855
1259669561739182085,positive,0.9776838795098087
1259669563425333249,negative,0.02780152231684879
1259669566566936576,neutral,0.3837038142699086
1259669569892999169,negative,8.22618657378782e-05
1259669569947475969,negative,0.01886395224397838
1259669570111094785,negative,0.030966502674353358
1259669570446655488,negative,0.004231702582378938
1259669574439575554,negative,0.0002851018965407856
1259669575739850754,neutral,0.37882450970765275
1259669578700992512,negative,0.07351645227629625
1259669579309219841,negative,0.00026924324192090124
1259669582480134145,negative,0.1763885332487721
1259669583545409543,negative,0.005248083604530247
1259669586737278976,negative,0.0001071884036327434
1259669586997325833,negative,0.003572304960168048
1259669587223855106,negative,7.99731765722001e-05
1259669587257368577,neutral,0.5811511227810445
1259669588339384320,negative,0.05633655045335181
1259669588406497281,negative,1.7984691755357483e-05
1259669591107592193,negative,0.05082072941868382
1259669591510315010,neutral,0.38086177398430243
1259669592387002368,negative,0.051857556206605426
1259669592537956362,negative,0.060260409413199996
1259669595620888576,negative,0.0003400439902424797
1259669596581306368,negative,0.06719680953083594
1259669597181153280,negative,0.017434988150647965
1259669600821825539,negative,0.18087776757104299
1259669600976986114,negative,0.022709145508044884
1259669601023152128,negative,0.015359755825087237
1259669601182461952,negative,7.99731765722001e-05
1259669603938111495,negative,0.21329137559658679
1259669604349214720,negative,0.051024639385464074
1259669604886097928,negative,1.4903521712777086e-06
1259669605196410880,negative,0.2340169763775592
1259669608610627584,negative,0.0001352988087198643
1259669609700941824,negative,0.27007338066764763
1259669612012220418,negative,0.004361365290893559
1259669613664710656,neutral,0.35039208386534
1259669616810475523,negative,0.0415265797811064
1259669617238315008,negative,0.24397266231172723
1259669617347366914,negative,3.4245111229766865e-06
1259669617867403265,negative,0.0797819070514135
1259669617938698244,negative,0.004029600605258602
1259669620291756033,positive,0.8038432474308217
1259669621097009154,negative,0.17296953561694134
1259669621612953600,negative,0.03283618498266043
1259669621847793664,negative,0.005828443442697404
1259669624704163841,negative,0.004313537282541415
1259669625085800449,negative,0.00023192392838627805
1259669625308172288,negative,0.04031683243264869
1259669625349869568,negative,0.004490608006469133
1259669625840812040,negative,0.16595543563974707
1259669625966657546,negative,0.0055049892506827455
1259669626151211008,negative,0.29572458599862655
1259669629410172928,negative,0.20123614417112382
1259669629414322176,negative,0.02606818464968321
1259669630173446149,negative,0.0849714063318424
1259669630207098885,negative,0.0034795368667188305
1259669630278406145,negative,0.002891732847110908
1259669630848765952,negative,0.0008194483140517282
1259669633382129666,negative,0.10675713145800696
1259669633671598080,negative,0.00032495078482094186
1259669633780637703,negative,1.92112740986923e-05
1259669634044825601,negative,0.0055049892506827455
1259669634799800324,negative,0.10932711709569197
1259669637429690368,negative,5.538811753164853e-05
1259669637672902656,negative,9.690580761321245e-05
1259669637853143040,negative,6.844453649955433e-07
1259669637920436224,negative,0.006474016096723676
1259669638239174656,negative,2.5889546872634706e-06
1259669639061295107,negative,0.1763885332487721
1259669641305247747,negative,0.04417197360848566
1259669642198552576,negative,0.0028879608629274797
1259669645927350277,negative,0.00010399696601720357
1259669646036422657,negative,0.0029406416667913356
1259669646279655424,negative,0.0007678471331074128
1259669647194013704,neutral,0.5569930830056133
1259669647651155968,positive,0.9873319472850931
1259669649785905152,negative,0.0001124919331355758
1259669650599804936,negative,0.021785730659891783
1259669650671112192,negative,0.09638296467361263
1259669650801152010,negative,0.22546063932034202
1259669650960416768,negative,9.694439537673987e-06
1259669651346210816,negative,0.0006917308269062983
1259669654089465857,positive,0.8038432474308217
1259669654114533377,negative,0.01411476297314335
1259669654135615488,negative,0.02982008908908977
1259669654194307074,neutral,0.6063819306056172
1259669654353645578,negative,0.0034795368667188305
1259669654462763009,positive,0.859096209272808
1259669654475325444,negative,0.2799088137091087
1259669654550777857,negative,0.17436167880612008
1259669654622126081,negative,0.08498640725537643
1259669654664024069,negative,0.16836820103683395
1259669655003762694,negative,0.04385542612722674
1259669658787086337,negative,0.00018343150385090117
1259669658803765252,negative,0.0034795368667188305
1259669658850021378,neutral,0.5720782711619357
1259669659189751808,negative,0.004752708521976388
1259669659311394819,negative,0.15376837527031084
1259669659940466693,neutral,0.3891124268011174
1259669662322659333,negative,0.001867442467739763
1259669662406717440,negative,0.1763885332487721
1259669662608080896,positive,0.8038432474308217
1259669662960439298,negative,0.0001242836798083558
1259669663153360897,positive,0.6611536724663378
1259669663300149249,negative,0.005464060813967797
1259669666433241091,negative,0.00817522770188467
1259669666659786752,positive,0.7596978682574347
1259669667452522501,negative,0.1420294680399179
1259669671495651328,negative,0.006099936616333308
1259669671688765440,negative,0.059611628817017974
1259669672074584066,negative,0.0849594181376216
1259669672187826176,neutral,0.6588352635663056
1259669672615542785,negative,0.006099936616333308
1259669675517992961,negative,0.0009715577207035442
1259669675530530819,negative,0.1646873756907371
1259669676155682818,negative,0.04082494378486978
1259669676172496902,positive,0.9999000592596056
1259669676197543936,negative,0.20540765573604133
1259669676713488387,negative,0.0256577886133005
1259669679381102592,negative,0.08737076490486827
1259669680379355136,negative,2.899303373567384e-07
1259669680740065280,negative,0.0002319795552112069
1259669681029419010,negative,0.1380552270668579
1259669683399245825,negative,0.2114790669212462
1259669683852230657,negative,0.0010612284658163883
1259669684086992896,negative,0.03901391224101055
1259669684225478663,negative,0.061487027467490185
1259669684447657985,neutral,0.4196624164672258
1259669684699516932,negative,0.2294308831755222
1259669687375454213,negative,0.0033659798076027853
1259669687518081025,negative,0.00729999161918888
1259669687836774407,negative,0.0001131047824739274
1259669688251895809,negative,1.5655635448707076e-07
1259669688369516550,negative,0.08032270499489333
1259669688465924097,positive,0.6611536724663378
1259669688746901509,neutral,0.3397172522164106
1259669688952541185,negative,4.615706486671167e-05
1259669689199886336,negative,3.1974168530311244e-05
1259669692052103171,positive,0.8691300000772292
1259669692379267072,negative,5.961958658285036e-06
1259669692521705472,negative,0.24805787403094184
1259669692580593666,negative,0.005248083604530247
1259669692677074947,negative,0.00011594068940910565
1259669692798689282,negative,0.06680404964235864
1259669692853207040,negative,0.00032080140564151653
1259669695831117825,negative,0.0001071884036327434
1259669696036712452,positive,0.9996593201187919
1259669696925691905,positive,0.8159177435873509
1259669697093685250,negative,0.051857556206605426
1259669697156374528,negative,0.0003205713684134867
1259669697353715712,negative,0.03343397843213717
1259669697378824192,neutral,0.34551741265218977
1259669697722814464,neutral,0.4261419693900864
1259669700004524032,neutral,0.3403391890910929
1259669700008689665,negative,0.03305643607891318
1259669700105117702,negative,3.8481009782345716e-07
1259669700490833921,negative,4.844042472504625e-06
1259669700663029763,negative,0.0027631554652955428
1259669700704981004,negative,0.00020247097442119188
1259669701166346240,positive,0.7814364253986019
1259669701216530433,negative,0.1912305802303923
1259669701262745606,negative,0.1975383921457794
1259669704144273408,negative,4.455349432805224e-06
1259669704395931648,negative,0.00978865478119522
1259669704525918214,negative,0.03425317842486221
1259669704651804672,negative,1.8121971904278876e-07
1259669708640407552,negative,1.0791044373943751e-05
1259669708862828549,negative,7.084200679604162e-05
1259669709458456577,negative,0.002725987440501146
1259669709731049472,negative,0.00040831490558307745
1259669712784556035,negative,0.2058868964704292
1259669712901898240,negative,0.3274595693630028
1259669713082372097,neutral,0.3768166410687624
1259669713765965825,negative,7.167698332709421e-09
1259669713908568064,negative,0.001979459897387121
1259669714034458625,negative,5.401369962276984e-06
1259669714168578054,negative,0.06513856712367669
1259669716953714688,positive,0.9308091072534974
1259669718736220174,neutral,0.3730515260428536
1259669719239536643,neutral,0.43113994827855434
1259669721290543104,neutral,0.4882555417505466
1259669721731006464,negative,0.007986558275427024
1259669722444058626,negative,0.11912695259608493
1259669722448179201,neutral,0.49789225920557484
1259669722569732096,negative,9.154918278299086e-08
1259669723060604929,negative,0.014586289679403347
1259669725514252288,negative,0.12389112822941034
1259669725795278848,negative,0.19017518982956952
1259669726009196547,negative,0.004267390371216309
1259669726348947457,negative,0.09824276563857469
1259669729352003587,negative,0.06142765265651478
1259669731872837643,negative,0.05362522252559939
1259669731877040128,negative,0.00010831350863263425
1259669734015918080,neutral,0.5318834537628724
1259669734041190402,negative,0.006248738922124314
1259669741943369729,negative,0.0021984047600412267
1259669741955883008,negative,5.974940041131578e-06
1259669742014672897,negative,8.324631913244493e-06
1259669742358495232,neutral,0.378153977519337
1259669742442479616,neutral,0.3694749079867598
1259669743734308864,negative,0.004771948644100839
1259669746280280064,negative,0.002089022984107211
1259669751393136641,neutral,0.6058635855908684
1259669754824085504,negative,0.006099936616333308
1259669755126046722,negative,0.00724767865755841
1259669755172139009,neutral,0.5813635478152814
1259669755566358528,negative,0.001979459897387121
1259669758967939075,negative,9.563298724301398e-05
1259669763783041027,negative,0.024473434832218324
1259669764475150338,neutral,0.46127768308170247
1259669767184683011,negative,0.1280974390983661
1259669767306326020,negative,0.003572304960168048
1259669767532826625,negative,0.0991917137766969
1259669767687815172,negative,0.0003339826066691653
1259669767969026048,neutral,0.5887824945461675
1259669768765923329,negative,0.006099936616333308
1259669773408845825,negative,0.001979459897387121
1259669773639655427,negative,0.015798872013638453
1259669775690670082,negative,0.0006385044076142993
1259669775900389376,negative,0.00046994677848817654
1259669776277913600,negative,0.001808685031507885
1259669776525377541,negative,0.01886395224397838
1259669777720713217,negative,0.0807328009857341
1259669777796259848,negative,0.0003498608802202053
1259669779582988288,negative,0.0020407172412612324
1259669779763339266,negative,0.003941163027611593
1259669780589674501,negative,0.04061601377091102
1259669785224200192,negative,0.08734888482795726
1259669789116633088,negative,0.005543655301606048
1259669792853762053,negative,0.11730186764582319
1259669793508073477,negative,0.01059860160726189
1259669793847869447,negative,3.7929681081191267e-07
1259669793864646656,positive,0.9004029805726697
1259669796653871105,positive,0.7090522855839745
1259669797169696768,negative,2.7638075926687727e-08
1259669797727621122,negative,0.0006111206745680726
1259669797874413568,negative,0.316469533656467
1259669801275809792,negative,1.1712771754352243e-05
1259669801535852549,negative,0.06133019495222736
1259669801691238400,negative,0.02573763903058719
1259669801875714051,negative,0.00041984098395757584
1259669801984757770,neutral,0.49191106795877426
1259669802081226753,negative,9.006595748785897e-10
1259669805843353601,negative,0.2335397554214548
1259669806485172226,negative,5.1285324322443914e-15
1259669809350017025,negative,0.009384840213681269
1259669809782050816,positive,0.7916505586981557
1259669809828179968,negative,9.694439537673987e-06
1259669809861742592,neutral,0.49789225920557484
1259669810700587008,negative,0.026889403478079877
1259669810708975621,negative,0.0009721209047037576
1259669813548457986,negative,0.0010612284658163883
1259669813586264064,negative,0.1420294680399179
1259669813712084996,negative,0.009390130589239503
1259669814462816256,negative,0.21157174877458332
1259669817679851523,negative,8.212213041037657e-09
1259669818359382016,negative,0.008328899899193509
1259669818594275331,negative,0.007316265037165537
1259674060499357697,negative,2.1527286219566785e-06
1259674061183074305,negative,0.11142125282558946
1259674061464047616,negative,6.950364290120381e-08
1259674061623513088,negative,0.1837835069079584
1259674061967417344,negative,0.0016645049334396997
1259674062034526211,negative,0.2393901626417037
1259674062374211586,negative,0.00014193270357274298
1259674062634340352,negative,0.0001071884036327434
1259674062894379008,negative,0.029921176523604726
1259674062927921157,negative,0.10690708251486535
1259674063355760640,negative,0.0005898788032715108
1259674066195185664,negative,0.0019359471335205001
1259674066790821889,negative,0.019757612589697902
1259674066975444992,negative,0.2529302693654888
1259674068019789824,negative,0.008509150291104804
1259674070854975488,neutral,0.39251804253098443
1259674070863544321,negative,0.2216847440387795
1259674070892843009,negative,2.141737615118353e-07
1259674071043698688,negative,0.0010844700613079435
1259674071081586689,positive,0.9004029805726697
1259674071190700032,negative,0.0009854922335783625
1259674071568125952,negative,0.0010709352814549582
1259674071828226056,negative,0.27485612651443825
1259674072121839616,negative,8.447833297515457e-06
1259674074181242880,negative,0.08746897614189138
1259674075145932800,negative,0.06416804600411988
1259674075351441408,negative,6.876630978639216e-07
1259674075640868865,negative,0.03081141527813211
1259674076345511936,negative,1.2953043172335601e-05
1259674076781711367,negative,7.44651973961442e-05
1259674076920061953,negative,0.00036804443648361936
1259674078820143105,negative,0.021508888306962737
1259674078853705728,negative,0.028831823186554556
1259674079663206401,negative,0.00976236304086536
1259674079960817664,negative,0.001576751604989869
1259674080053166080,negative,0.00030577315797970675
1259674081118621697,negative,8.892498414683053e-06
1259674083077361664,negative,1.8871194925232696e-05
1259674083257704449,negative,0.004450727128982486
1259674083333029888,negative,0.022443063046002864
1259674084067196928,negative,0.1188376399658234
1259674084075585536,negative,0.006099936616333308
1259674084394311680,negative,0.002884302276741412
1259674084629233664,negative,0.007886622044110156
1259674087384911878,neutral,0.5202227495333587
1259674087691091968,negative,2.9097034306973883e-09
1259674088110354433,negative,0.0006111206745680726
1259674088416727040,negative,0.0019971663299380737
1259674089150574594,negative,0.13952507454351062
1259674089293320193,negative,0.00010399696601720357
1259674089482043392,negative,0.00031152186075164557
1259674089771450371,negative,1.0872508508429055e-06
1259674091415646208,negative,0.0006950517543536936
1259674091520491521,negative,0.009708758088875651
1259674091688263680,negative,0.0002940245641068687
1259674092048920576,negative,0.13519213350639775
1259674092204183552,negative,0.00022398505345025266
1259674092845895680,negative,0.0013614325184417924
1259674095639302144,negative,0.14452984294962815
1259674095668670465,positive,0.7593405635822872
1259674095744094209,neutral,0.4746128007392847
1259674095949660163,negative,4.4684671462839333e-08
1259674095999954944,negative,0.00046887718449669204
1259674096243101698,negative,0.1495991676565993
1259674096897609731,neutral,0.47697210391394973
1259674097426055174,negative,0.0027631554652955428
1259674099795685376,negative,0.0027637621073521995
1259674100030717952,negative,0.05962527727563242
1259674101205143554,negative,8.286441915696123e-05
1259674101247021057,negative,0.0001071884036327434
1259674101289009153,negative,0.05986745712391097
1259674108327051271,negative,0.0037909714499328733
1259674108549304320,negative,0.2061341893888073
1259674108746321920,negative,0.0002729587548727942
1259674108931067906,negative,0.04370122802952206
1259674109434355715,positive,0.8799651175020874
1259674112437387265,negative,0.09528058865849887
1259674112580091905,neutral,0.4775636392339482
1259674112986939392,negative,7.877697300507063e-05
1259674113343475713,negative,0.20255358895239842
1259674116619108366,negative,0.002476778084950019
1259674116891738119,negative,9.43012730356337e-08
1259674117281853440,negative,0.016716135693877525
1259674117374083078,negative,0.0001145683903343879
1259674117428609036,neutral,0.4181351527995465
1259674121048391680,negative,0.002476778084950019
1259674121371344897,negative,2.569380596412312e-05
1259674125389508609,negative,0.14323209954187302
1259674125796364288,neutral,0.5933205336997263
1259674125943091201,negative,0.001001102826477094
1259674126073106438,neutral,0.4776118462403291
1259674126081499138,neutral,0.3856455132535526
1259674126127685632,negative,0.03084510379457838
1259674129487314945,negative,0.06339007210862391
1259674129537601536,negative,2.7219808408113795e-06
1259674129617293313,negative,0.007564982521118381
1259674130376425473,negative,0.03283618498266043
1259674130758197249,negative,0.00018329231606838635
1259674130833539073,negative,6.876630978639216e-07
1259674130921783298,negative,5.723491759836435e-10
1259674133538975747,negative,0.07994740866337047
1259674133996199941,negative,0.0006694679687966461
1259674134004498439,neutral,0.4402571704036702
1259674134835060741,negative,8.352796122121298e-12
1259674134847598598,negative,0.00020580743444614777
1259674134969229312,negative,0.024045793340042185
1259674138228203520,negative,0.0074866801461006246
1259674138526076931,negative,0.021254028234981657
1259674140002394113,negative,0.001979459897387121
1259674141902303232,negative,3.685968053713385e-05
1259674147090837506,negative,3.436948125507771e-05
1259674155370364928,negative,0.012783606032408424
1259674155559145473,negative,0.008684432742200189
1259674158595747841,positive,0.6903841358962718
1259674160692936704,negative,0.22234722621464834
1259674160755879937,negative,8.352796122121298e-12
1259674162718703623,negative,0.021757670758807326
1259674162785853440,negative,0.053257127885288816
1259674167785422849,negative,5.401369962276984e-06
1259674172281716740,negative,0.00010399696601720357
1259674172449525761,negative,5.124876174090995e-05
1259674175779868672,negative,0.12378921953876297
1259674175825993729,negative,6.495708464372997e-06
1259674175947583489,negative,0.001897133810294913
1259674177143033858,negative,6.236281195495652e-06
1259674179948904448,negative,0.2279843050870361
1259674180120834048,positive,0.9806406649499686
1259674180351602695,negative,0.00014673936894625804
1259674180884234241,negative,0.007304920808062502
1259674183690334208,negative,0.08300092635240025
1259674184432705536,negative,4.090578561791126e-06
1259674184956940296,negative,0.18464739365830857
1259674185170931715,negative,0.00014193270357274298
1259674185191706630,negative,0.0009435057522476817
1259674185665777677,negative,0.08101592470635954
1259674188450869250,negative,0.00012347081096261277
1259674189478481922,neutral,0.5030332264438171
1259674192108294145,negative,0.00019547164809635456
1259674192225632256,negative,0.21995805992442502
1259674192779280384,positive,0.8640692716907965
1259674193060401159,negative,0.06220004310011008
1259674193064529923,negative,2.8225344725768705e-05
1259674193161080832,negative,0.034077500830317346
1259674193316196359,negative,8.286441915696123e-05
1259674193425133569,negative,0.153986883842548
1259674193773367297,negative,0.0007670610256784269
1259674196155740160,negative,0.03733235336625141
1259674197124476928,negative,6.876630978639216e-07
1259674197535719424,negative,0.060562662810818485
1259674197967732736,negative,0.07800950076186582
1259674200555565056,negative,0.000359933290684051
1259674200589172736,negative,0.3156342808770678
1259674200899452928,negative,0.04171333629565921
1259674201314787336,negative,0.02780152231684879
1259674201528643592,negative,0.03222224493618086
1259674201763561472,negative,3.442517829383374e-05
1259674202409443329,negative,0.02871537246914232
1259674204628082688,negative,0.059403064377995744
1259674204691034112,negative,0.06416804600411988
1259674205248946176,negative,0.1837835069079584
1259674205278306310,negative,0.09248559772207307
1259674205886480386,neutral,0.42394469686680314
1259674205920137216,neutral,0.34076927931029793
1259674208864436225,negative,6.013546717660836e-08
1259674209380454403,neutral,0.6478168620438577
1259674209892130817,negative,3.4245111229766865e-06
1259674210282147845,negative,0.0031263350937146177
1259674210617753601,negative,0.000581221620233042
1259674210810593280,negative,0.00023349334345031022
1259674213163696141,negative,0.00010399696601720357
1259674213343993856,neutral,0.5528791442567945
1259674214669283328,negative,1.4903521712777086e-06
1259674217563459584,negative,0.1390073700050442
1259674218062479360,negative,0.1677666906452242
1259674218268155905,negative,0.0006111206745680726
1259674218553376770,negative,0.0006111206745680726
1259674218859573249,negative,0.15047134342126023
1259674219148967936,negative,0.003429625081667563
1259674221640376320,negative,0.00025506744599913773
1259674221673943041,neutral,0.34021212627453806
1259674221749436416,negative,0.06539382288609233
1259674221875208192,neutral,0.479895799682674
1259674222860828673,negative,0.0013972732923931213
1259674223032795139,positive,0.8622809219471732
1259674223141945345,negative,0.022786875663938565
1259674225805332482,negative,0.07201229037896263
1259674225947918338,negative,0.015728195352085958
1259674226233085952,negative,0.1291935958699174
1259674226493186049,negative,0.00040831490558307745
1259674226723827712,negative,0.08737076490486827
1259674226912624642,negative,0.00015489092477156152
1259674227000725504,negative,0.01948847896768648
1259674229957689344,negative,0.06954108210877083
1259674230159007746,neutral,0.43138125207913736
1259674230247079936,negative,0.0027426170837283994
1259674230876233730,negative,0.01387682643738661
1259674231123689472,negative,0.0002319795552112069
1259674231136280576,neutral,0.478807018131385
1259674231606054912,negative,6.876630978639216e-07
1259674231756984325,negative,0.0034795368667188305
1259674231790612482,negative,6.876630978639216e-07
1259674234063933441,negative,0.004944226653134196
1259674235242455042,negative,0.07815680916161223
1259674235284291585,negative,7.738533314581642e-08
1259674235599040512,negative,0.0038320532239663665
1259674235636760576,negative,3.3467336030016024e-05
1259674238639910912,negative,0.003493783955890547
1259674238715338760,negative,0.02535252445835623
1259674238803476481,negative,0.0020653279233384743
1259674239021592576,negative,0.12397345064285378
1259674239206150144,negative,0.012301801568523727
1259674239222853632,negative,0.13761176176498757
1259674239432560641,positive,0.6917985306849078
1259674242335023106,positive,0.9076845814907082
1259674242859388928,negative,4.206704040552699e-07
1259674243106775040,negative,0.0012346320141581391
1259674243358482435,negative,0.0015102876717087831
1259674243542978560,negative,0.003229919748291066
1259674243693981706,negative,0.0036707507109749737
1259674247099748354,negative,0.0015102876717087831
1259674247691206657,negative,1.4903521712777086e-06
1259674250790735873,positive,0.9503072200690588
1259674251017236480,negative,0.0003685674520664772
1259674252086738944,negative,0.0018867402189216764
1259674252774641668,negative,0.011858833850741202
1259674252850184197,negative,0.00020152659466527432
1259674252996947968,neutral,0.38505445136364685
1259674253076639749,negative,0.08737076490486827
1259674255287074816,negative,1.7557630826965795e-11
1259674255438090241,negative,0.001979459897387121
1259674256696279041,negative,0.00257193255654754
1259674256717291532,neutral,0.614145169244357
1259674259489726468,negative,0.030504656135155767
1259674260278149122,negative,7.567510805295399e-07
1259674260332638208,negative,0.020626192709026873
1259674260500611075,negative,0.1625715795808995
1259674260756467713,negative,4.633885416786326e-05
1259674263486791681,negative,0.013031414444131185
1259674263772110854,negative,0.09361437935906992
1259674263918796800,negative,0.020626192709026873
1259674264069976064,negative,0.03615513821923256
1259674264082448384,negative,0.00976236304086536
1259674264137015297,negative,0.3107281742138744
1259674264707502080,negative,2.985826867621662e-05
1259674264736858122,positive,0.900332234892488
1259674268377460738,negative,0.0984596704185613
1259674269136515074,negative,0.0027162029856809427
1259674271447744523,negative,0.08196102329832092
1259674271850233857,neutral,0.49789225920557484
1259674272156585991,neutral,0.4622903534400044
1259674272416567302,negative,3.938202778235312e-06
1259674276678033415,negative,2.196742763092335e-06
1259674276891897863,negative,0.05663937656749153
1259674277227319298,negative,4.829734786159107e-05
1259674277605003265,positive,0.9330456393038917
1259674277735026693,negative,2.438955286783907e-07
1259674277818839045,negative,0.00011594068940910565
1259674277978267649,negative,6.947801136430579e-05
1259674278070534144,negative,0.31740431354076004
1259674280876552198,negative,0.06416804600411988
1259674280905883648,neutral,0.5355205463611974
1259674281602093061,negative,0.20579645459667567
1259674281904046080,negative,6.876630978639216e-07
1259674282147237888,neutral,0.5528791442567945
1259674284362018817,negative,0.0014673541244417504
1259674284571734017,negative,0.09572132148810075
1259674284806504448,negative,0.0001124919331355758
1259674284974387200,negative,5.967113912419337e-06
1259674286245150725,negative,0.00018532995686568657
1259674288715517953,negative,0.011437457971077649
1259674289042841603,negative,0.0007618081509431089
1259674289671979016,negative,0.017034197592508626
1259674292981301248,negative,9.416144079559762e-06
1259674293639798787,neutral,0.502768804934603
1259674294172467204,negative,0.00025506744599913773
1259674294289907714,positive,0.9906026052621373
1259674294545723392,negative,0.0008173781610985607
1259674294667395072,negative,5.116961963915327e-05
1259674297800556550,negative,0.0031745504518236574
1259674297943154688,negative,0.002175737554270197
1259674298630971392,negative,0.00040831490558307745
1259674298777812995,neutral,0.3499352441185855
1259674301470556160,negative,0.0018591254829168561
1259674301931929606,neutral,0.49789225920557484
1259674302007427075,negative,0.1252284027315309
1259674302074535936,negative,0.026951501974291737
1259674302623944705,negative,0.11136389498352098
1259674303404085248,negative,0.10499331260704814
1259674305878724608,negative,0.005850782058744407
1259674306323394561,negative,0.024045793340042185
1259674309536120838,negative,0.17491342885648878
1259674310043729921,negative,0.01497982752347152
1259674310572224512,negative,0.00024177276862188824
1259674310903582721,negative,0.0015102876717087831
1259674311301849089,negative,0.2855052620815405
1259674311654346763,negative,0.0023987213571049822
1259674314992955400,negative,1.1271607596985551e-05
1259674315588620289,negative,0.0037909714499328733
1259674317891174405,negative,0.04822628908454062
1259674319103430656,negative,0.1280974390983661
1259674319778693120,negative,0.012045697525705147
1259674322437799937,negative,0.013425507304720946
1259674322928631809,negative,0.05730078668854835
1259674323092221952,negative,6.734694736610495e-06
1259674326388715520,negative,6.876630978639216e-07
1259674327798083584,negative,6.876630978639216e-07
1259674331183022082,negative,0.000823843940624702
1259674335071125504,negative,0.16999645543711273
1259674340146241537,negative,0.13306999012077053
1259674343346442240,negative,0.1380552270668579
1259674344428634115,positive,0.8397898461104442
1259674347364667392,negative,0.08737076490486827
1259674351944650752,negative,0.019703441151161624
1259674356864757761,neutral,0.3554293208132269
1259674360278900737,negative,0.0001071884036327434
1259674361646256130,negative,0.013626825411868906
1259674364229955586,negative,0.0009721209047037576
1259674364326354945,negative,0.008328899899193509
1259674365228130304,negative,6.876630978639216e-07
1259674365471404032,neutral,0.34415154971953915
1259674368508116993,negative,3.91859724799959e-05
1259674372547268615,negative,0.18584771560607416
1259674372836601857,negative,0.0002745393139059353
1259674373033582593,negative,0.001979459897387121
1259674373201379329,negative,0.0037909714499328733
1259674373453156353,negative,0.00013472466323708254
1259674373490905088,negative,0.0004446712732336448
1259674374195609600,negative,0.09737580709418589
1259674374292062213,negative,0.09248559772207307
1259674376997404672,negative,0.2902378911148125
1259674377576165384,negative,0.014851507444517319
1259674377609764864,negative,0.023310187557615727
1259674377681080322,neutral,0.5633970074921019
1259674378058506240,negative,0.27485612651443825
1259674378096259074,negative,6.876630978639216e-07
1259674381103566849,negative,6.687651072690041e-08
1259674381120417792,negative,0.0010612284658163883
1259674381736869890,negative,0.0807328009857341
1259674385163698176,negative,0.0006191299228806578
1259674385209794561,negative,0.16975253601611676
1259674385524367360,negative,0.07242407661842509
1259674386111647745,negative,0.03283618498266043
1259674386380083202,negative,5.401369962276984e-06
1259674387503960065,negative,8.286441915696123e-05
1259674389399900161,negative,0.07305921773007393
1259674389936664577,negative,0.0018148282095110612
1259674390633025538,negative,0.0043765745462335985
1259674394135154689,negative,0.1474283526534481
1259674394751877125,negative,0.008787525787110336
1259674394772885507,negative,0.1560114960270055
1259674395456479232,negative,0.005642662436860166
1259674398644199425,negative,0.0028453764284779976
1259674400028274688,negative,0.19637282797598377
1259674403115237377,negative,0.005366894439160987
1259674403610202113,negative,1.2437802542683136e-06
1259674403631218690,negative,0.015857864583402916
1259674407049592839,negative,0.13306999012077053
1259674407645085700,negative,0.24747032029041643
1259674407770959872,negative,0.025674081925407235
1259674410157514753,negative,0.0010025431378403822
1259674410249793536,negative,0.014454438769178844
1259674410350448640,negative,0.03727656168708604
1259674410778341377,negative,0.008354445548526856
1259674410958503936,neutral,0.5136446707795853
1259674411008835584,negative,0.11758795232284289
1259674411189383173,neutral,0.3719053757343934
1259674411306795010,negative,0.07994740866337047
1259674411696828420,negative,0.005042460529389207
1259674412007280645,negative,0.12663000356770546
1259674412204335105,negative,0.16510907912969588
1259674414175707136,neutral,0.5321603147195382
1259674414376878081,negative,0.001979459897387121
1259674414427385856,negative,1.1733868253653655e-14
1259674414494494721,negative,0.04934572343165602
1259674414720913409,negative,4.720548787715865e-09
1259674415022948352,negative,0.07317965327660488
1259674415102676992,negative,1.1625829527667806e-09
1259674415362646017,neutral,0.377114597401479
1259674415408844801,negative,0.10782546911735501
1259674415735988227,negative,3.2347021376380087e-06
1259674418936262657,negative,0.005554248168238517
1259674419045134336,negative,0.0075420061012841265
1259674419099848707,negative,0.06416804600411988
1259674419213078528,negative,0.31820487300311295
1259674419359895553,negative,0.08460410063032942
1259674420244819972,negative,0.0001720199614462556
1259674423096938502,negative,0.16975253601611676
1259674423206051841,neutral,0.49789225920557484
1259674423508025346,neutral,0.3451058605793373
1259674423893901315,negative,1.3106936773210655e-08
1259674424036507648,negative,8.025812441271363e-06
1259674424057516038,negative,4.89373035681325e-05
1259674427521892353,negative,6.876630978639216e-07
1259674427572326403,negative,0.0010744294365834875
1259674427588898819,positive,0.6824837810859113
1259674428532719617,negative,0.23170062587869594
1259674431162589184,negative,0.01373638873620955
1259674431200337920,negative,0.0003134447620248508
1259674431401668613,negative,2.3541822897126815e-07
1259674432253067269,negative,0.01387682643738661
1259674432290856960,negative,0.0008743762150537003
1259674432550862848,negative,0.18444659959824014
1259674432873922560,negative,0.0001664892491406492
1259674435709210636,neutral,0.3959799993909788
1259674435747041285,negative,6.289773082624896e-05
1259674435985997824,negative,0.000625225168688573
1259674436510285826,negative,0.013013199414607947
1259674439580606464,negative,0.19556349734238998
1259674439723167744,positive,0.8961773308375027
1259674439790272512,negative,0.00019102606470277792
1259674440033611776,negative,0.0012585062543185059
1259674440599732225,negative,1.4903521712777086e-06
1259674440679522310,negative,0.03162972108221766
1259674440809447426,negative,0.0015102876717087831
1259674440897458176,negative,0.17252994103855265
1259674441023467520,negative,1.855700655074006e-10
1259674441140887553,negative,0.0029517222499636656
1259674444001402882,negative,5.39329259659579e-05
1259674444265451520,negative,0.020626192709026873
1259674444571840513,negative,0.001038876731447655
1259674445385551872,negative,0.0035426461554839903
1259674448367464448,negative,9.322789390911214e-06
1259674448833114112,negative,0.1020514964866649
1259674448866803712,negative,0.09756400700316734
1259674448887775242,negative,0.22884192834884368
1259674449722269696,negative,0.08930864673833933
1259674449835634694,negative,0.005179210038025121
1259674452520054785,negative,0.0021728585609723087
1259674452708687872,negative,0.0027162029856809427
1259674452830441474,negative,0.06408061391474448
1259674452943605762,negative,6.876630978639216e-07
1259674453098860544,negative,0.008818329146886328
1259674453161775104,negative,0.011615737603487442
1259674454008922119,negative,0.13932209947714974
1259674454034206723,negative,0.0005154405633179762
1259674456521428992,negative,0.0631178643524701
1259674457049894912,negative,0.10876105300223092
1259674457469263878,negative,4.469391819232846e-05
1259674460673761281,negative,0.00976236304086536
1259674460803813376,negative,0.19805966716199805
1259674461462310913,negative,0.0021347084271138065
1259674461722284033,negative,0.0006111206745680726
1259674462150103040,negative,0.24143143721755378
1259674462166736906,neutral,0.35785643069366135
1259674462313746432,negative,0.1014350040626784
1259674462317879297,negative,0.06680404964235864
1259674464910000130,positive,0.9070512529075725
1259674465828573186,negative,0.27260058174444685
1259674466399006720,negative,6.897287372821552e-06
1259674466499477511,negative,9.006595748785897e-10
1259674466545786880,negative,0.000924865003986267
1259674469003649024,negative,0.00032080140564151653
1259674469142069254,negative,0.008654159485732353
1259674469288861696,negative,0.01379793556672461
1259674469616017408,negative,0.07400892819881277
1259674470572339201,negative,0.0013972732923931213
1259674471373422592,positive,0.8038432474308217
1259674473042771968,negative,0.0011923267639871128
1259674473244041217,positive,0.9305643208350506
1259674473801945090,positive,0.9683435456870173
1259674473919373312,positive,0.6917985306849078
1259674474523308034,negative,0.00047041479494717975
1259674478092533761,neutral,0.43925831756850653
1259674478092705793,negative,0.004945862789923454
1259674479334240257,negative,0.015449822830313362
1259674483033608194,negative,0.036036038366038296
1259674487001407488,negative,0.07542219377462994
1259674489631256583,negative,0.0001124919331355758
1259674490071629825,negative,0.3029968537174699
1259674491015303169,positive,0.6793270924001363
1259674491048902661,neutral,0.42394469686680314
1259674495016751104,negative,0.2982799741564386
1259674495079628801,negative,0.0001124919331355758
1259674495234781184,negative,0.015080485062924186
1259674495314468865,negative,0.006682946763661309
1259674495406747657,negative,0.016321557896082715
1259674499156512769,negative,0.015798872013638453
1259674499173113856,negative,0.0010844700613079435
1259674499445862401,neutral,0.4737554465528978
1259674499449933824,negative,0.18569168650212692
1259674499487805440,negative,0.001533461388838888
1259674499680817153,negative,0.013128422331749033
1259674499957620736,negative,0.07800950076186582
1259674501685694470,negative,0.00026961766382779524
1259674502453252100,negative,0.0009721209047037576
1259674502612619264,negative,0.007240518211311845
1259674503568859136,positive,0.9606430759938248
1259674506651713537,negative,0.001979459897387121
1259674506689417216,negative,0.004995799080284031
1259674507377283079,negative,0.09494128638607256
1259674507436011521,negative,0.31820487300311295
1259674507603611648,neutral,0.49789225920557484
1259674507670769664,negative,7.221602114547028e-05
1259674508513902595,negative,0.0001071884036327434
1259674511424847872,negative,0.061067394831085094
1259674512586670080,neutral,0.48728019602140255
1259674516470497282,neutral,0.622061895835469
1259674517040844801,negative,0.03283618498266043
1259674517095378946,neutral,0.4697975927360885
1259674517170991104,negative,0.007600697562576907
1259674524725006338,negative,0.0028546034709577743
1259674525202968576,neutral,0.502768804934603
1259674527707140098,negative,0.0006694679687966461
1259674527900016640,negative,0.004707036362615324
1259674528063655943,negative,2.5076894850319947e-08
1259674529095352320,neutral,0.4888828329598233
1259674529410043904,negative,0.13193728762960674
1259674531972755456,negative,0.016413933736254906
1259674536448069632,negative,1.3060797497134093e-06
1259674541317636096,negative,0.015359755825087237
1259674545339789313,negative,0.0003801469097191183
1259674545570615301,positive,0.9648217882764855
1259674546027720704,neutral,0.6323720940364075
1259674546048729088,positive,0.9953463793303047
1259674546204000262,negative,0.0017026219015447677
1259674546342440960,negative,0.015798872013638453
1259674546589835266,negative,6.876630978639216e-07
1259674549475512320,positive,0.9843322343747926
1259674549546778624,negative,0.07815680916161223
1259674549798334465,negative,6.876630978639216e-07
1259674550066974726,negative,0.004771948644100839
1259674550360563712,negative,2.426955400007758e-05
1259674553254416384,negative,3.9494524612921957e-05
1259674557079785473,neutral,0.35983286365274136
1259674558182891522,negative,0.004490608006469133
1259674558866522112,negative,2.354373747551946e-05
1259674561290919945,negative,0.0052527180982422745
1259674561555070976,negative,0.023577784415731162
1259674561894899712,negative,0.20123808562140877
1259674561924206593,positive,0.816250854651105
1259674562079395840,neutral,0.35785643069366135
1259674562100330496,negative,0.0009715577207035442
1259674565350842368,negative,0.08301289864159057
1259674565371969536,negative,0.00023192392838627805
1259674566235959297,positive,0.8392221273009148
1259674566953238530,neutral,0.433464046436463
1259674567301304321,negative,0.06416804600411988
1259674569801191425,negative,4.26221735560145e-05
1259674571294363648,negative,0.0002480884737458091
1259674571306946561,negative,0.10534270008240813
1259674571948658689,negative,0.07815680916161223
1259674571998851072,negative,0.001805070096335834
1259674572028346368,negative,0.24548792260080854
1259674573953523713,negative,0.00023192392838627805
1259674574062567425,negative,0.00010399696601720357
1259674575014703104,negative,0.10185424128410257
1259674579108335619,positive,0.6824837810859113
1259674582044246016,negative,0.004490608006469133
1259674582174269440,neutral,0.4761326000948011
1259674582891495431,negative,0.20583664820410985
1259674583172550656,negative,0.0001283521040299262
1259674583180902401,negative,2.656573497135638e-05
1259674583382228993,negative,0.08220681219386558
1259674583663349760,negative,2.354373747551946e-05
1259674583898218503,negative,0.09526998698704071
1259674586423181312,negative,0.001979459897387121
1259674586540539906,negative,0.0008588776598996616
1259674588012777473,negative,0.011006344036709739
1259674588176429056,negative,0.009708758088875651
1259674588377755649,negative,6.876630978639216e-07
1259674591527612416,negative,2.3486607874451382e-05
1259674591552733184,negative,0.0009721209047037576
1259674594786578435,negative,0.01373638873620955
1259674595352870915,negative,0.14225192890088506
1259674595868770306,negative,0.2177684703671328
1259674599677136897,negative,1.5175224394844428e-06
1259674599811362818,negative,0.002884302276741412
1259674599899435009,positive,0.9876122487982222
1259674600084037633,negative,0.015359755825087237
1259674600247570433,negative,0.009888431013859311
1259674600293765120,negative,0.060733463500516394
1259674603611394049,negative,0.15501549614531876
1259674603888263169,negative,0.00011664566216798863
1259674603963777032,positive,0.886445894445114
1259674604143964160,negative,0.10396832186755227
1259674604358053889,negative,0.15395594016320838
1259674604693532672,neutral,0.42141339019951163
1259674604982935557,negative,0.0002208404112509492
1259674607650582532,negative,0.016107046908463065
1259674607927296003,negative,0.0018591254829168561
1259674608199925767,neutral,0.3456388524536745
1259674608220995584,negative,0.0008743762150537003
1259674608413880320,positive,0.6917684948210879
1259674608527163392,positive,0.6917684948210879
1259674608745222147,negative,0.002346326341704024
1259674608816586752,negative,0.20540765573604133
1259674612092121088,negative,0.0003205713684134867
1259674612780195842,negative,0.14423955590033682
1259674612876619777,negative,0.12378359490694008
1259674612985729025,negative,0.00031625666673288727
1259674616030609408,negative,0.000924865003986267
1259674616324165632,negative,0.1846825826698936
1259674616861261824,negative,9.364165471341435e-05
1259674616861265926,negative,0.00023192392838627805
1259674620258648066,negative,0.00010399696601720357
1259674620279611392,negative,0.03425317842486221
1259674621248405518,negative,0.008040521102648104
1259674621315514368,negative,3.532702292822468e-07
1259674621441441792,negative,3.938202778235312e-06
1259674624692011009,negative,0.1564747102256925
1259674624939495424,negative,0.0023302034039361257
1259674625564381184,negative,2.4303957187305902e-05
1259674625648320518,negative,0.005178454670222554
1259674625702838283,negative,0.002447615025029644
1259674628756246533,negative,0.2669132004125129
1259674629033033728,negative,0.02906287089039545
1259674629125353474,negative,0.0038900755159717937
1259674629163094016,negative,0.001662781499794354
1259674630035574784,negative,0.002884302276741412
1259674632472473604,negative,0.0002319795552112069
1259674633168707584,negative,0.014851507444517319
1259674633344888843,negative,0.0704642053884746
1259674633529368576,negative,0.05534925021942388
1259674634032680960,negative,0.0003624210335147225
1259674634481479681,positive,0.6917985306849078
1259674637249720320,neutral,0.4208409959293513
1259674637362819072,negative,0.24182531397807863
1259674637648171009,negative,0.01826701940864631
1259674637962706944,neutral,0.5681921013422102
1259674638772318208,negative,0.003810295034465994
1259674642098380805,negative,0.0010612284658163883
1259674642433937409,negative,9.696378667456959e-05
1259674642748448769,neutral,0.42969666120977396
1259674642987483136,positive,0.6853114736502736
1259674645520887810,negative,0.013229373735370824
1259674645558693891,negative,1.1158019809280591e-07
1259674645667606529,neutral,0.49789225920557484
1259674646422659072,negative,0.003442493508641739
1259674646800207872,negative,7.279166863420933e-05
1259674647056060416,neutral,0.35983286365274136
1259674647093809155,negative,4.808844720606916e-05
1259674647123103745,negative,0.10982957771331091
1259674649866244098,negative,0.08506024553755913
1259674650751229953,negative,1.2953043172335601e-05
1259674651137052672,neutral,0.3554293208132269
1259674653792108553,negative,0.02780152231684879
1259674654744154118,negative,0.039917398382737244
1259674658103795713,negative,0.014461023557940055
1259674659433459712,negative,0.12425975475575822
1259674659748032512,negative,2.4379212260339996e-06
1259674662079995907,negative,5.401369962276984e-06
1259674662923120644,positive,0.6917684948210879
1259674666668613634,negative,0.0010844700613079435
1259674667167645696,negative,5.401369962276984e-06
1259674667335462913,negative,0.00010893069715140822
1259674667599777793,negative,0.21448909277836434
1259674670674173953,negative,0.00910669616091887
1259674670812577793,negative,0.019016012180586937
1259674671127158784,neutral,0.4833416154542377
1259674671429095425,negative,0.003229919748291066
1259674671533916161,positive,0.8038432474308217
1259674671584292866,negative,0.05246169084606015
1259674671705980928,negative,0.11405306361200124
1259674674973290499,negative,0.004806377465984207
1259674675678007296,negative,0.00247424225263879
1259674676130975745,negative,0.02573763903058719
1259674676260999168,negative,0.020426807718314993
1259674678752354304,neutral,0.49299516546356315
1259674678823538689,negative,0.05144447960304468
1259674679314452490,negative,0.04071585535911559
1259674679696031748,negative,0.10231981680853597
1259674679922565122,neutral,0.49789225920557484
1259674680039964676,negative,0.004490608006469133
1259674682908786689,neutral,0.49789225920557484
1259674684133642245,negative,0.00729999161918888
1259674687707234305,positive,0.8038432474308217
1259674688072138752,negative,0.06609811229411687
1259674688898375680,negative,0.14671135337548094
1259674688978108418,negative,9.006595748785897e-10
1259674692652335104,neutral,0.42695075000513394
1259674693080137728,negative,0.012354872923821484
1259674695919599617,negative,1.900991135098309e-06
1259674695990992896,negative,0.03216288793408687
1259674696028577792,negative,0.004490608006469133
1259674696238448641,negative,0.021524264422023404
1259674696511037446,negative,0.014302955739359694
1259674696578035718,positive,0.7286493539158221
1259674697110818816,negative,9.43012730356337e-08
1259674697173733378,negative,0.0027162029856809427
1259674701414227968,neutral,0.3634379927326896
1259674704958324737,neutral,0.3850748772223694
1259674705189052416,negative,0.00019102606470277792
1259674705256157184,negative,0.0002968397958814884
1259674708213186561,negative,6.876630978639216e-07
1259674708473192448,neutral,0.6080630413223207
1259674712579301376,negative,6.236281195495652e-06
1259674714253021185,neutral,0.42889125785368876
1259674716509483008,negative,0.00729999161918888
1259674716656336897,negative,0.0017076165256297298
1259674717348401158,negative,0.004490608006469133
1259674720682815497,negative,0.2669132004125129
1259674721500770313,negative,7.835007586155732e-09
1259674721597227010,negative,0.00844914957259929
1259674721832046593,negative,0.0026598935278733513
1259674721995669504,negative,0.009777915578746212
1259674722117312512,negative,0.001867442467739763
1259674722331168771,negative,4.808844720606916e-05
1259674725976027139,negative,2.6956747876660406e-06
1259674726781407233,negative,0.3291134434252385
1259674729906135046,negative,0.0006370047844914858
1259674729935405057,negative,0.18855216371662745
1259674730514321410,negative,0.006830540069864696
1259674730807783424,negative,0.17252994103855265
1259674733228052484,negative,1.5765345153759634e-05
1259674733525655552,negative,0.05663937656749153
1259674733576105985,negative,0.09269785766509667
1259674734016462848,neutral,0.42394469686680314
1259674734331117575,positive,0.8684086640190635
1259674734490529801,negative,5.9360588965499074e-08
1259674738848419847,negative,0.13306999012077053
1259674741511786497,negative,4.504849719913185e-08
1259674742514163722,neutral,0.4323225023402126
1259674743675944961,negative,4.3628509872367197e-05
1259674743919312896,negative,0.008354445548526856
1259674746326781953,negative,0.0018901482301011737
1259674750512578564,positive,0.7914673439851743
1259674750814572544,negative,8.188664930424734e-05
1259674751775182848,negative,0.04061601377091102
1259674751779459072,negative,0.18645318293529733
1259674751884238848,negative,7.590241084164051e-05
1259674754899943424,negative,0.18464739365830857
1259674755386478594,neutral,0.5272217981058308
1259674755940126726,negative,0.003572304960168048
1259674756246376448,negative,0.0027631554652955428
1259674756791631872,negative,0.1763885332487721
1259674758440005632,negative,0.30468958915460226
1259674759236911107,negative,9.239593692825435e-06
1259674759505350656,negative,0.013626825411868906
1259674759933108224,negative,0.00043375615196149275
1259674762827182081,negative,0.0002738087152790123
1259674763494150150,positive,0.7430220382249356
1259674763573657601,negative,0.001979459897387121
1259674763578036225,negative,0.04757136216216457
1259674768808325120,negative,0.2283974469598275
1259674769248661508,positive,0.8038432474308217
1259674770930573313,neutral,0.46794710963776137
1259674771043876864,negative,0.0003205713684134867
1259674771442274304,negative,4.808844720606916e-05
1259674771471716353,positive,0.7090522855839745
1259674772188921859,negative,2.4666126736561367e-05
1259674772482322433,negative,0.020626192709026873
1259674772486656006,negative,0.004707036362615324
1259674774743257088,negative,4.444846852905467e-07
1259674775259095041,neutral,0.5268773929489531
1259674775330476038,negative,0.0886997652403304
1259674775489613824,negative,0.020626192709026873
1259674776047501312,negative,0.0027631554652955428
1259674776144052225,negative,0.02823106106010924
1259674779545722881,negative,4.096526844299489e-09
1259674779617038336,negative,0.051857556206605426
1259674779818381312,negative,0.2854140673107046
1259674779977764864,negative,0.013237340954989076
1259674780678184960,negative,0.005130500321721208
1259674783454834693,negative,0.004490608006469133
1259674784100728834,negative,3.883567641334319e-11
1259674784553734150,negative,0.06986867954925612
1259674785400918022,negative,3.2347021376380087e-06
1259674785807831040,negative,0.007613096279431269
1259674785887539200,negative,0.042706582739054526
1259674787720204288,negative,0.00021299970893753385
1259674787783163904,negative,0.007304920808062502
1259674787879825409,negative,0.008354445548526856
1259674788152381442,negative,0.07242407661842509
1259674788341088257,positive,0.9255069934657735
1259674788542517248,negative,0.006071911805517749
1259674788693508096,negative,0.00257193255654754
1259674789154865153,negative,0.06633437152878846
1259674792829030401,negative,0.00040330520548712007
1259674793223376896,negative,3.1188189974616536e-08
1259674793235841024,negative,7.17200660321783e-06
1259674793244266496,negative,0.00011594068940910565
1259674793483345927,negative,0.004898498107492295
1259674793877504004,negative,0.03868120483915134
1259674796050259980,negative,0.0009721209047037576
1259674796109037568,negative,0.0018922955176838066
1259674797161799682,negative,0.06680404964235864
1259674797816057857,negative,0.3107281742138744
1259674798143295491,negative,5.379033435536094e-05
1259674800353611777,negative,0.03497456422817877
1259674800877903873,negative,0.028381840221004945
1259674800957644800,negative,0.11050739101581093
1259674800974368768,negative,0.0016906612151541022
1259674801385472000,negative,0.2389612942656213
1259674801578401796,negative,0.0010844700613079435
1259674802379350017,negative,6.876630978639216e-07
1259674804690411521,negative,0.02359629631712022
1259674804870885381,negative,0.0006412606839871961
1259674805088985089,positive,0.6917985306849078
1259674805198114816,negative,0.0003470156243591243
1259674805546213376,negative,0.010141931556317676
1259674806548660227,neutral,0.502768804934603
1259674808675110914,negative,0.010141931556317676
1259674808754884614,negative,0.00041732822265126224
1259674809207869444,negative,0.024045793340042185
1259674809660817418,negative,0.12096903286964095
1259674810671460352,negative,0.18341869600670177
1259674812789686274,negative,9.328529631017094e-05
1259674813091786752,negative,0.11756809186414974
1259674813389590528,negative,0.004919977244422378
1259674813448232962,negative,0.13952507454351062
1259674813691580419,negative,0.014047862715231443
1259674814194778115,negative,0.00021299970893753385
1259674817734889474,negative,0.0002729587548727942
1259674817982275584,negative,0.18725376895310059
1259674818204622850,negative,2.6112178181599873e-05
1259674818405961730,negative,0.1871820495799827
1259674818699579400,negative,0.15830063479572212
1259674819420774400,negative,0.16595543563974707
1259674821299929089,neutral,0.5326226909534052
1259674821425868801,positive,0.6921459309296395
1259674821430054914,negative,0.0035426461554839903
1259674821480329217,negative,0.12899027542993594
1259674822449049601,negative,0.11627240776253964
1259674822491152384,negative,0.013994802818286878
1259674822755352577,negative,0.03917674790093056
1259674823208427520,neutral,0.5057965267125448
1259674823241973760,positive,0.8486120114449591
1259674825515307008,negative,0.05362522252559939
1259674825666134016,neutral,0.3983854953950569
1259674825678901250,negative,0.32889981717468647
1259674826098094085,negative,0.0011530757360554717
1259674826115035139,negative,0.3107281742138744
1259674826517725184,negative,0.07800950076186582
1259674829692731400,neutral,0.5580106789290911
1259674829994831879,negative,0.00010399696601720357
1259674830053552128,neutral,0.43602814208349644
1259674830376484865,negative,0.16595543563974707
1259674830820999168,negative,0.00019547164809635456
1259674831051776002,negative,0.001834322444792417
1259674831416524800,negative,2.3486607874451382e-05
1259674833870340096,neutral,0.49789225920557484
1259674833895534593,negative,0.00026371210823463234
1259674834075889664,negative,0.00040128065245666347
1259674834533040128,negative,0.10471746426945498
1259674834608500737,negative,0.028528061238391987
1259674834784718848,neutral,0.6063819306056172
1259674834843418624,negative,0.05096542822037207
1259674835065675780,negative,4.847690465804096e-07
1259674835162206208,negative,0.0002811166563087002
1259674835304747008,negative,0.12199829388035723
1259674838681169921,neutral,0.5107115718661803
1259674838895116289,negative,0.03425317842486221
1259674839029252101,negative,0.030950085545522036
1259674839360712705,negative,0.06633437152878846
1259674839398391808,negative,0.20263303819373624
1259674839687802880,negative,0.19572484602238113
1259674839759142914,negative,1.2588445978341044e-05
1259674841113919489,negative,0.0005509412349913992
1259674843152343040,negative,6.876630978639216e-07
1259674846918828033,negative,0.01137328790898652
1259674847187214337,negative,2.7638075926687727e-08
1259674847346593792,negative,0.00014193270357274298
1259674847547920390,negative,1.0481191398392214e-05
1259674847581548545,negative,0.008357866079020813
1259674850865688582,positive,0.8139597917709156
1259674851117338626,negative,0.1188376399658234
1259674851284926465,neutral,0.46511884455441777
1259674851339636738,negative,0.001552724423175413
1259674854606860288,negative,0.22126336699453458
1259674854900596741,positive,0.7554145855094311
1259674855819149313,negative,0.24817213041736177
1259674859866664961,negative,3.6723407387344772e-06
1259674859921178625,negative,0.07800950076186582
1259674860336316419,negative,0.002884302276741412
1259674860780957696,positive,0.8815181232175207
1259674863062716423,neutral,0.46127768308170247
1259674863742201856,positive,0.8038432474308217
1259674867026104320,negative,0.0008149974737656591
1259674867508686850,negative,0.015359755825087237
1259674867592560640,negative,0.0003998734037475162
1259674868108480513,negative,9.328529631017094e-05
1259674868381110272,neutral,0.35509496682161057
1259674868834074625,negative,0.02498235903469907
1259674869102411778,negative,0.252009167989122
1259674871560318976,negative,0.13319659991961832
1259674872017534981,negative,6.687651072690041e-08
1259674872885764096,neutral,0.5630410866502906
1259674873183367169,negative,0.0005394837036622969
1259674873346920448,negative,0.14429697114145257
1259674875335245824,negative,0.0014874556686418547
1259674876333436933,negative,3.9850952687118755e-05
1259674876778033153,negative,0.2501598756379907
1259674877251989505,negative,0.0028636985843817093
1259674877256183808,negative,0.25856335377195944
1259674880112500738,negative,0.2908734149766705
1259674880641024007,negative,9.715163484839789e-06
1259674880661995520,positive,0.8038432474308217
1259674881781903362,negative,0.0011345196461538124
1259674884713611266,negative,0.00022398505345025266
1259674884751400965,neutral,0.5318834537628724
1259674885091209219,negative,0.005031035514327551
1259674885464494080,negative,0.15813439855056136
1259674885531619330,neutral,0.49789225920557484
1259674885787435012,negative,0.00015212881558590121
1259674888970723330,negative,0.03283618498266043
1259674892850663424,negative,0.2204968058691728
1259674892993208322,negative,0.23149916868875114
1259674893064560663,negative,5.063802543420888e-06
1259674894436118534,negative,0.0035099702564857583
1259674897967710208,negative,0.0498195430805025
1259674906675085318,negative,0.004067626809355413
1259674907312562177,negative,0.021661658907876278
1259674909657137152,neutral,0.503550250065319
1259674913402695680,neutral,0.49789225920557484
1259674913738313729,negative,0.23796880495946
1259674914115719168,negative,0.18464739365830857
1259674914245804034,neutral,0.6030035165019055
1259674914279297025,neutral,0.3473101901087073
1259674914556203014,negative,0.0010251431998526208
1259674917970120704,negative,0.00976236304086536
1259674918377177090,negative,0.1945174939935611
1259674921862459393,negative,1.1712771754352243e-05
1259674922076364803,negative,0.0018696686511978226
1259674922516955139,negative,1.4268042031710302e-05
1259674923439738880,negative,0.10709212113562651
1259674923607429120,negative,0.1280974390983661
1259674923703906304,negative,0.10012855260846168
1259674926409269254,negative,0.02972394835292431
1259674931157237760,negative,0.1939736074368769
1259674931794714627,negative,0.03500584106834282
1259674934286135305,negative,0.00027113510038788717
1259674934370058243,negative,0.31820487300311295
1259674934483263489,negative,0.0007951069084485712
1259674934852411401,negative,0.015702013533657327
1259674935452196866,negative,0.03199836525714282
1259674935569420288,negative,0.001679466304803674
1259674936056086528,negative,0.14429697114145257
1259674936056168449,negative,0.11197453814077982
1259674936190177287,negative,0.043524359809567655
1259674939038318595,negative,2.9684886927605343e-09
1259674939285741569,negative,1.6790152933186432e-09
1259674939474563075,negative,0.15866324597019585
1259674939730227202,negative,6.876630978639216e-07
1259674939893964803,negative,0.1763885332487721
1259674942997741574,neutral,0.5097982533090764
1259674944251867136,neutral,0.47773211781174707
1259674944406982662,negative,0.15651386443342344
1259674944780357632,negative,0.07800950076186582
1259674946986487810,negative,0.05135573228297563
1259674947519156225,negative,0.0010025431378403822
1259674948412432388,negative,0.004041608600622871
1259674951352639489,negative,0.00036661883243867147
1259674951956774912,negative,0.004366437511991499
1259674952158109696,negative,0.022899522738449238
1259674952275550209,negative,0.0807328009857341
1259674952329986049,negative,0.00020655262205506543
1259674956624953344,negative,0.31049244389058367
1259674956864069637,neutral,0.4557104946057342
1259674957052772352,negative,0.08828314867350139
1259674959720468483,negative,0.00018590964654127633
1259674960441769986,negative,0.0010899692269339906
1259674964749246464,negative,0.001867442467739763
1259674966305488897,negative,0.00015435636511022886
1259674968197136386,negative,0.316469533656467
1259674968239022082,negative,1.1499125082709503e-05
1259674968306126849,negative,0.1375556330165261
1259674968486445062,negative,0.028916424367534374
1259674968679481347,negative,4.795380928457234e-07
1259674969153339401,negative,3.5200097725178104e-05
1259674972265631744,negative,0.06986867954925612
1259674972802494464,positive,0.6824837810859113
1259674976464011267,negative,2.8225344725768705e-05
1259674976849924097,positive,0.6734211753473646
1259674976866562048,negative,0.006099936616333308
1259674977386803202,negative,0.0043765745462335985
1259674977441325057,negative,0.3169237768379855
1259674977558654976,negative,2.0001041577036784e-06
1259674980473856002,negative,0.008777373476770597
1259674980729544704,negative,2.3318904612653886e-06
1259674980742311937,negative,0.0008867950214162592
1259674980813602816,negative,0.00711228122284706
1259674981069438977,negative,0.0167170266884817
1259674981182693376,negative,0.0004446712732336448
1259674981396615171,negative,0.0067451943332301366
1259674981606338560,negative,0.02501067007342778
1259674981635510273,neutral,0.49789225920557484
1259674982260457477,negative,8.286441915696123e-05
1259674982264836103,negative,0.0006412606839871961
1259674985272086530,negative,0.002664622628897474
1259674986014560257,negative,0.0013536198765005275
1259674988929593347,negative,1.902552069812362e-05
1259674989000896512,negative,0.00045402458206942773
1259674989080567808,negative,0.011528773299582034
1259674990183669760,negative,0.07287781234195695
1259674990208856065,negative,0.06633437152878846
1259674993459367938,neutral,0.34639579898937944
1259674993727811586,positive,0.6997004397472204
1259674993757237249,positive,0.7914673439851743
1259674993786486784,negative,0.0010744294365834875
1259674994012979201,negative,0.21541875941883268
1259674994411528197,negative,0.0035426461554839903
1259674994755473408,negative,4.3253541078773737e-07
1259674995158061056,negative,0.16330388559657305
1259674997347377152,neutral,0.33251329914292405
1259674997469130757,negative,0.07797843667555195
1259674997783769090,negative,0.000728891723088977
1259674998647783424,negative,0.20540765573604133
1259674998769401856,negative,0.0018591254829168561
1259674998983274497,negative,9.528524137714218e-11
1259674999448899591,negative,0.0003685674520664772
1259675001202118656,positive,0.9671298750405497
1259675001747386371,negative,0.025386021573793723
1259675001864753155,negative,0.002555925961163638
1259675003345342471,negative,0.013994802818286878
1259675006017187841,negative,0.0010543963045410829
1259675006017196032,neutral,0.49789225920557484
1259675006059110402,negative,0.013936506707954542
1259675006390489089,neutral,0.33171726678303914
1259675006415572993,negative,6.876630978639216e-07
1259675006713413636,negative,6.287593173359501e-07
1259675006935732224,negative,0.001278503335434978
1259675008412143616,positive,0.9004029805726697
1259675010039455744,negative,9.006595748785897e-10
1259675010274414592,negative,0.003026822297697381
1259675010450554881,negative,0.08918331233311756
1259675010488303618,negative,0.12992359624225844
1259675010773499908,neutral,0.5532827904781172
1259675010844758018,negative,0.00853171846852226
1259675011113275399,negative,0.0005059072601466893
1259675011134025728,negative,0.0018554374108626095
1259675011343884295,negative,0.08181825870571295
1259675014376407041,positive,0.66733171846095
1259675014632267778,negative,0.05116450469219968
1259675015261360131,negative,3.4269653009186633e-10
1259675015412211714,negative,0.0014592865350761767
1259675015806681090,neutral,0.3694749079867598
1259675015953481728,negative,0.12096903286964095
1259675018528731137,negative,0.0005111930531768347
1259675018562351110,negative,0.130239264482866
1259675018889506816,neutral,0.5159436667231726
1259675019212460035,negative,2.0434204911564204e-06
1259675019942129666,negative,3.4798802262918727e-09
1259675022735663106,negative,0.0009721209047037576
1259675023238934534,neutral,0.41239281395093064
1259675023989567488,negative,0.0002938617331751939
1259675027001106432,negative,6.236281195495652e-06
1259675027475177472,negative,0.07800950076186582
1259675027496108032,negative,0.009242648591675243
1259675027869499392,negative,0.09331664874997228
1259675028293062660,neutral,0.49789225920557484
1259675028850761728,negative,0.05312823158132949
1259675031094857728,negative,8.662609239286696e-06
1259675031388512256,positive,0.7367518157765633
1259675031807893505,negative,3.4245111229766865e-06
1259675032239947776,negative,0.002888298656639232
1259675032646811649,negative,0.10785747516877296
1259675032655142912,negative,0.25257338654372374
1259675036174163968,negative,0.003493783955890547
1259675036585164800,negative,0.0019976429667659247
1259675039512879105,negative,0.1955874522461855
1259675040058146816,negative,9.006595748785897e-10
1259675043933483013,negative,0.07955230852588217
1259675043942064130,neutral,0.38080686520597073
1259675044298600449,negative,0.03283618498266043
1259675044411834368,negative,7.99731765722001e-05
1259675044801925121,negative,1.8770881793590655e-06
1259675044999057410,negative,0.13623349344832383
1259675045414068225,negative,0.057301243068502254
1259675048245370886,negative,0.09494128638607256
1259675051936419840,negative,0.0006891625906188302
1259675052867555328,negative,0.018158711766169205
1259675053169442818,negative,0.004673724721106376
1259675053186265094,negative,0.082436623551983
1259675053987450880,negative,1.1258241880178448e-05
1259675057107992577,positive,0.9648217882764855
1259675057342812160,neutral,0.4402571704036702
1259675057510658048,negative,9.821131130937552e-05
1259675057909051393,negative,2.7638075926687727e-08
1259675060387942400,negative,9.416144079559762e-06
1259675060564000768,negative,1.493723726392825e-07
1259675061042253826,negative,3.938202778235312e-06
1259675061587492864,negative,0.002245910227488382
1259675064833904640,negative,0.009831651326144825
1259675065710448640,negative,8.596330254556994e-05
1259675068105359360,negative,4.3835915926658916e-05
1259675069132963842,negative,0.0032524200992237774
1259675069413908480,negative,0.018096533309264508
1259675070152282112,negative,0.2250240833675858
1259675073268510726,neutral,0.5627686395131918
1259675073314721792,neutral,0.46127768308170247
1259675073654521857,neutral,0.4882555417505466
1259675074141081601,negative,0.004490608006469133
1259675074480701445,negative,0.0010844700613079435
1259675077358096386,negative,0.012301801568523727
1259675077458767873,negative,2.390530775152486e-07
1259675077517459459,neutral,0.4249404075430618
1259675078368931851,negative,0.0006783114913871947
1259675078905810945,negative,0.0006652959816572004
1259675081342619648,neutral,0.4326103535975157
1259675082093363203,negative,2.7809250344025946e-05
1259675082831597568,negative,0.0016645049334396997
1259675082978443269,negative,0.06184958173643085
1259675085406953474,neutral,0.5984149932059023
1259675085910179841,negative,0.11285875064217764
1259675086258343937,negative,0.004490608006469133
1259675086539218944,negative,0.12536738130700406
1259675086660878336,negative,0.0001330482624452527
1259675089676783617,negative,1.1712771754352243e-05
1259675090427547648,positive,0.66733171846095
1259675091102826496,neutral,0.49789225920557484
1259675099243974656,negative,0.007059884237735595
1259675102981042176,negative,0.0001071884036327434
1259675103194800128,negative,0.001979459897387121
1259675106814693381,neutral,0.6313162702405049
1259675106856570880,neutral,0.33059786153902154
1259675107036971010,negative,0.09279748579821419
1259675107720642563,negative,0.010660328457337524
1259675111914864642,negative,1.4903521712777086e-06
1259675112560824321,negative,0.0007408793992613953
1259675112967737346,negative,0.01373638873620955
1259675115064786944,negative,0.0001071884036327434
1259675115689840640,negative,0.00012832536524754728
1259675115849158657,negative,0.06759298023393918
1259675116302217226,negative,0.01527938444680123
1259675116348178432,negative,0.0015425566757892638
1259675116876763139,neutral,0.5528791442567945
1259675117069766658,negative,0.010564073112148072
1259675119250812928,negative,0.29770281162709994
1259675119376568321,negative,0.06575003864135667
1259675119556804609,negative,0.06542922137181013
1259675119577968646,neutral,0.5057965267125448
1259675119825195008,negative,0.056790934093256105
1259675120471326721,positive,0.6854533579392449
1259675120714625025,negative,0.12096903286964095
1259675123461885953,negative,0.0003205713684134867
1259675123663200258,negative,1.6956892047656095e-06
1259675123952627718,negative,0.0028879608629274797
1259675124690804737,positive,0.9712366795850275
1259675127446462465,negative,0.18213184157745865
1259675127765176321,neutral,0.4970048759646283
1259675127815512064,neutral,0.46127768308170247
1259675127995908099,neutral,0.42191422235854953
1259675128625012738,negative,1.6201332126509467e-06
1259675129170272257,neutral,0.5288334500974751
1259675133297524737,negative,3.582162316302611e-11
1259675133398208512,negative,0.16704484571212388
1259675133569937408,negative,0.0020752135396048675
1259675135814090753,negative,0.05986745712391097
1259675136090943488,negative,0.060470214758698244
1259675136225091585,negative,0.19556349734238998
1259675136485216264,negative,0.0003138861410449131
1259675137047232515,negative,2.2243878616210694e-05
1259675137512783873,negative,0.00015659886231490184
1259675137772793866,negative,0.13801241188201818
1259675137814790146,negative,7.566292410730699e-07
1259675138141884417,negative,0.0009108695465331823
1259675139945488385,negative,0.23738877830535265
1259675140335550465,negative,0.0001124919331355758
1259675140713046017,negative,0.0003205713684134867
1259675141367365633,neutral,0.5097982533090764
1259675141526695937,negative,0.004544103791086315
1259675142185246723,negative,0.10499331260704814
1259675142197620736,negative,0.0011729466768904768
1259675144383053824,neutral,0.6243461994463826
1259675144999624709,negative,0.19953312280616226
1259675145033052160,negative,0.0010744294365834875
1259675145049907205,negative,0.0012756217413689348
1259675145544667137,negative,0.021808566776704043
1259675145737842690,negative,1.0382589015275984e-06
1259675145821728770,negative,0.006099936616333308
1259675146077515776,negative,0.024301312553947043
1259675146094366725,negative,0.02771046601551483
1259675148719923200,negative,9.006595748785897e-10
1259675149109989383,negative,3.0550836330549076e-08
1259675149365805062,negative,0.0010612284658163883
1259675149579759617,negative,0.07994740866337047
1259675149596590081,negative,1.1501077606348752e-10
1259675149890211845,neutral,0.42690943801943315
1259675149961433088,negative,0.3262110631977544
1259675150016004098,negative,0.28792660600305386
1259675150104104961,negative,3.09088287681923e-08
1259675152679415808,negative,0.0026181028233733857
1259675153153187842,negative,1.0306600808881586e-12
1259675154050842624,negative,0.014373126994007904
1259675157121114113,negative,0.0009715577207035442
1259675157494407169,negative,0.00010399696601720357
1259675157934731265,negative,0.30004885973729933
1259675161046904835,negative,7.49712206139589e-09
1259675161072148481,negative,3.092510396739713e-06
1259675161705328640,neutral,0.49351055353224094
1259675162754105346,negative,0.04997509105914039
1259675165211983875,negative,0.2369710931082333
1259675165589336064,negative,7.881397013412565e-05
1259675166579273728,negative,0.059734167025343385
1259675166717640704,negative,5.686442291801307e-05
1259675166797230080,negative,0.001602036838192876
1259675167200083975,negative,0.0038529283197845524
1259675169573961730,negative,0.0018591254829168561
1259675169871839232,negative,6.563572612027681e-06
1259675169985122306,negative,0.0031534612074530836
1259675170341556231,neutral,0.49789225920557484
1259675170438025217,negative,5.401369962276984e-06
1259675170542891009,positive,0.7141158635215865
1259675170589093890,negative,4.606330945890301e-10
1259675170769420295,negative,3.5054718976129996e-06
1259675171776061440,neutral,0.46127768308170247
1259675174108114944,negative,0.020790009145981413
1259675174460416002,negative,0.2808046989155518
1259675174883913728,negative,0.010320231446011024
1259675174972071937,negative,0.014864457073406914
1259675178365304839,negative,8.496162321018738e-05
1259675178516254721,negative,0.019681344996178053
1259675178574983168,negative,0.0042522479906285295
1259675178663100416,negative,0.06296433260537741
1259675178797318145,negative,0.0010352356612828688
1259675178981830659,negative,0.0002898386140116514
1259675179422228481,negative,0.0010025431378403822
1259675181968211969,negative,0.05924068211857729
1259675182685474817,negative,0.1763885332487721
1259675182966484997,negative,0.0002968397958814884
1259675186053419009,negative,8.032168832955831e-11
1259675186305122304,negative,0.013025131295684101
1259675186716200965,negative,0.1375556330165261
1259675187202662400,neutral,0.47697210391394973
1259675187328532480,negative,0.1947486165211348
1259675187546673158,neutral,0.39347317557690875
1259675187668287490,negative,0.005416780486503464
1259675187710234628,negative,0.19813838628932448
1259675188012240896,negative,0.08734888482795726
1259675188108681216,negative,0.0029020586729068426
1259675190356664320,negative,0.00236520874539242
1259675190553796608,positive,0.7239845566906643
1259675190553960453,negative,0.013674152675538846
1259675190616784901,negative,0.0014832638685918931
1259675190734307328,negative,0.003493783955890547
1259675191627653120,neutral,0.3762838827489381
1259675191740899328,negative,0.19974940783435371
1259675191942119424,negative,0.01373863876619034
1259675194404331523,negative,0.1291958032504262
1259675194597216256,negative,0.004490608006469133
1259675194852929537,neutral,0.397285367777589
1259675195192872961,negative,9.416144079559762e-06
1259675195427749891,negative,0.00020392974304221415
1259675196178530305,negative,4.414950002971627e-11
1259675196484653062,positive,0.6917985306849078
1259675196518207488,negative,0.00018570611028978495
1259675198946709510,negative,0.0010612284658163883
1259675199815004165,negative,0.00011594068940910565
1259675200297275392,negative,5.379033435536094e-05
1259675200473509894,negative,0.00027317544528841336
1259675202914521090,negative,0.08562022844242856
1259675203191308290,neutral,0.4742964610631184
1259675203526815746,negative,0.2685571152573295
1259675204021891072,neutral,0.3904264401254528
1259675204516806656,negative,6.2887357128157e-06
1259675204680331264,negative,0.00010794004841623516
1259675204739096586,positive,0.6824837810859113
1259675207247200256,negative,6.697474891504635e-12
1259675207947567105,negative,0.008494124076352635
1259675207947649024,negative,0.000154594111452603
1259675208102883334,negative,0.015359755825087237
1259675208132235265,negative,0.04509481964762282
1259675208786612232,negative,0.23149916868875114
1259675211450011654,neutral,0.4217396192772329
1259675211743375362,negative,0.0027631554652955428
1259675212787912705,negative,0.0050737300952766184
1259675212896964610,negative,0.024177892496496014
1259675213081513985,neutral,0.3554293208132269
1259675213312262145,negative,0.2603126212877705
1259675215463940099,negative,9.241841419318876e-05
1259675215573012480,negative,0.02712988442326638
1259675215849816069,negative,0.005332346447322072
1259675216411754508,negative,0.0008867950214162592
1259675216445345792,neutral,0.46127768308170247
1259675216764174337,negative,2.723579724134971e-05
1259675217091231746,positive,0.6611536724663378
1259675219586887683,negative,0.004603135636959583
1259675219675041793,negative,0.0033659798076027853
1259675219750383617,negative,0.12018394209022296
1259675220102742016,negative,0.08737076490486827
1259675220287332352,negative,0.018808626534652234
1259675220337733634,negative,0.10499331260704814
1259675220463497216,neutral,0.4402571704036702
1259675220505493504,negative,1.719815867515244e-05
1259675220522217474,negative,0.017446043440953685
1259675221524656129,negative,4.340340466598489e-06
1259675221667090438,negative,0.051857556206605426
1259675224510992385,negative,0.004396727819986865
1259675225215717380,negative,3.936615427901916e-05
1259675225718996997,negative,0.00016773074261233688
1259675228541784065,negative,0.000170704337769729
1259675229032497158,negative,0.009784716571599539
1259675229112209410,negative,2.1197574043146155e-05
1259675229271535618,negative,0.017858442897074035
1259675229405626368,negative,0.10785747516877296
1259675229422596097,negative,0.05409705497958728
1259675232778027016,negative,0.21286224704095816
1259675233520418816,negative,0.009215212211118323
1259675233654628352,negative,0.030933558401897956
1259675234283773953,negative,0.0010498024812171723
1259675236678729731,negative,0.00023289984427522653
1259675237093830657,negative,0.030181841141603882
1259675237731446784,negative,0.24697802195758997
1259675237790240774,negative,0.03633425491335861
1259675238092210176,negative,0.15765716900304946
1259675238263996417,negative,0.052004530605019014
1259675240751345664,negative,2.190479360297585e-05
1259675240847851585,negative,0.0029688576472099524
1259675240969502722,positive,0.6824837810859113
1259675240986279937,negative,0.06633437152878846
1259675241258930177,negative,9.001203592515341e-05
1259675241326022656,negative,1.3683255498136353e-08
1259675241606979589,neutral,0.6181638095906781
1259675241892261890,negative,7.320780592662942e-05
1259675242454306821,negative,0.0009056364797388426
1259675244706402306,negative,0.07242407661842509
1259675244882792449,negative,0.0010844700613079435
1259675245428031490,negative,0.001804575468473385
1259675245566296064,negative,0.028734092703149302
1259675246157688832,negative,0.06416804600411988
1259675249320361984,negative,0.04232657419355151
1259675250616406017,negative,0.0001054352436110904
1259675253493637123,negative,0.10499331260704814
1259675254525394944,negative,0.036618254123745565
1259675255666245633,negative,2.082724080990999e-05
1259675257935364101,negative,0.07331510406957256
1259675258098823172,negative,5.074674828888278e-07
1259675258140930055,neutral,0.3853561538418746
1259675258321285120,negative,4.3835915926658916e-05
1259675258346508289,negative,0.05648045913529293
1259675258702852096,negative,0.024327985829199292
1259675259114074119,negative,0.00015920807856335912
1259675259193536512,negative,0.006099936616333308
1259675259604795392,negative,2.5595971675253928e-08
1259675261605498881,negative,0.3107281742138744
1259675261878108161,negative,0.003973193983295471
1259675262175916032,negative,0.0018992787592259821
1259675262855372806,negative,0.037756692163167425
1259675262876295169,negative,2.8780030965182703e-06
1259675262976999430,negative,0.21385594614082007
1259675263446798342,neutral,0.46318326475361027
1259675265619439617,negative,0.026216926304679176
1259675266021982212,negative,0.038712264607788316
1259675266802163715,negative,0.024767360646041684
1259675266835779585,negative,5.803767506841503e-07
1259675267091574785,negative,2.019145515084136e-05
1259675267406221318,negative,4.174352620525521e-05
1259675267842400257,negative,0.000568944074264631
1259675270115663874,negative,0.00264426907505121
1259675270564450304,neutral,0.48650977092262915
1259675270816182274,negative,0.005495291003862625
1259675271051055106,negative,3.23491056299051e-08
1259675271948460032,negative,9.006595748785897e-10
1259675274754457604,negative,0.0027162029856809427
1259675276432281603,negative,0.0016636480558086407
1259675279020130304,negative,5.401369962276984e-06
1259675279200583685,negative,0.00033380509814436173
1259675279397736448,negative,0.022899522738449238
1259675279569625088,negative,0.008135108752632174
1259675279582167040,negative,0.009796769577674572
1259675279603183624,negative,0.0051630407064302206
1259675279682920449,negative,0.051857556206605426
1259675280144138242,negative,0.004490608006469133
1259675280400138242,negative,0.0010498024812171723
1259675280471457793,negative,0.06703844205217341
1259675280505024512,negative,1.0476611465863518e-06
1259675283289976837,positive,0.794536607981579
1259675283495542788,neutral,0.5813635478152814
1259675283650760705,negative,0.015359755825087237
1259675283675807750,negative,0.10255170089792942
1259675284116328448,negative,0.07800950076186582
1259675284363792385,negative,0.2069991025679891
1259675286813184006,negative,0.06986867954925612
1259675286817386496,negative,0.06416804600411988
1259675287270436865,negative,0.004755181214395029
1259675287287148547,negative,0.10499331260704814
1259675287358406657,positive,0.7959933372301188
1259675287404544001,negative,1.323324800301587e-06
1259675287442382854,negative,1.9022316975970836e-05
1259675287853436930,negative,0.14429697114145257
1259675288302243840,negative,0.006829410600828879
1259675291279962112,negative,3.4848139522564856e-07
1259675291548626945,negative,0.21157174877458332
1259675292634951692,negative,0.0011551281516030737
1259675292811038723,negative,1.793255102646517e-05
1259675293062660098,negative,3.9850952687118755e-05
1259675295952416769,negative,0.08239359846279443
1259675295952580608,negative,0.059698854668771895
1259675296065863680,negative,0.03727656168708604
1259675296275533824,negative,0.2733568006699472
1259675296489525248,negative,0.04760681325783257
1259675296539856896,negative,0.059734167025343385
1259675297059872769,negative,0.0001124919331355758
1259675297118654464,negative,0.19874206151247403
1259675299454824449,negative,0.21936072474714438
1259675299920429058,neutral,0.43113994827855434
1259675300222377985,negative,0.1188376399658234
1259675300268367872,neutral,0.513136929509853
1259675300880842752,negative,0.22350378688320982
1259675303988858880,negative,0.01387682643738661
1259675304181870593,negative,0.19411726083375416
1259675304408293377,negative,0.027389323524589407
1259675304584515592,negative,0.3107281742138744
1259675304945123329,negative,0.01800973392037569
1259675305536630787,negative,0.001111837635864721
1259675306358644737,negative,0.22707567550596763
1259675306371297283,negative,0.002476778084950019
1259675307746852865,negative,0.0016645049334396997
1259675307990269952,neutral,0.42394469686680314
1259675308120301568,negative,0.00019547164809635456
1259675308220911621,negative,0.0010250750001889741
1259675308426477572,negative,1.2437802542683136e-06
1259675308657164289,positive,0.750408522779321
1259675309210664960,negative,0.013412290577320766
1259675309575680003,negative,0.007869264684074164
1259675312008368133,negative,0.08883692893701715
1259675312419373056,negative,8.338899332916675e-05
1259675312474017792,negative,0.01911493050646962
1259675312704585729,negative,0.1061808150628229
1259675312704630784,negative,1.4903521712777086e-06
1259675313124118533,negative,0.002133859469340359
1259675313396682756,negative,0.10499331260704814
1259675316710227969,negative,0.02771046601551483
1259675316752171009,negative,0.2853936812879422
1259675316806705153,negative,7.1529461556591824e-09
1259675316932362240,negative,0.1931215844019026
1259675317276487681,negative,0.0015711615930582919
1259675317326819329,positive,0.9911422757753112
1259675317372928000,negative,0.0019310459417189107
1259675317469405189,negative,0.0851269252254444
1259675320371814400,negative,5.31014881410609e-05
1259675320598364160,negative,1.2437802542683136e-06
1259675320652890114,negative,0.0033357726627831837
1259675320724025344,negative,0.19164139598656602
1259675320979984385,negative,0.0010744294365834875
1259675321571241984,negative,0.2808046989155518
1259675322087280643,negative,2.1197574043146155e-05
1259675322225758209,negative,0.0044322582267574216
1259675322544513030,negative,0.0003685674520664772
1259675322615828480,negative,0.0010899692269339906
1259675324700340228,positive,0.6917684948210879
1259675324935278595,neutral,0.41239281395093064
1259675325916643331,negative,9.416144079559762e-06
1259675326164205569,neutral,0.6473311832236807
1259675326470291457,negative,0.0033803115707969913
1259675328768815104,negative,0.00019102606470277792
1259675329200746496,negative,4.770614100223107e-09
1259675329821622279,negative,0.0006694679687966461
1259675329947459584,negative,2.3486607874451382e-05
1259675330081677314,negative,0.05648045913529293
1259675330828054528,negative,0.05161044306514728
1259675331251732481,negative,2.7219808408113795e-06
1259675331977502722,negative,5.401369962276984e-06
1259675333088948224,negative,9.715163484839789e-06
1259675333181218817,negative,0.05926244267995421
1259675333214625792,negative,0.03014147870641393
1259675333986574342,neutral,0.5684815903566117
1259675334074646529,neutral,0.43559448057623096
1259675334183657472,neutral,0.5548130087999826
1259675334242426881,negative,0.0018901482301011737
1259675334305296385,neutral,0.5532827904781172
1259675334682779648,negative,0.12539647396216658
1259675334699552769,negative,3.4245111229766865e-06
1259675337140637696,negative,4.634948838091624e-05
1259675337463599104,negative,0.07800950076186582
1259675337518178305,negative,0.10396832186755227
1259675338193371136,neutral,0.41600917863779713
1259675338499657729,positive,0.9250135773256418
1259675338545774592,negative,0.18087776757104299
1259675338856153088,negative,0.10998977000500841
1259675338872946689,negative,0.0001698977642168325
1259675339359469575,negative,1.698822330649929e-05
1259675339384598529,negative,0.0482655498506068
1259675341339099137,positive,0.9991521438049014
1259675341355769856,negative,0.02573763903058719
1259675342421270532,negative,0.0010612284658163883
1259675342807224323,negative,0.0006829440969524028
1259675342995959816,negative,7.590241084164051e-05
1259675343117602822,neutral,0.3761114219698652
1259675345663537160,negative,0.07624141650207558
1259675346301079559,negative,0.30275382382157545
1259675346850512896,negative,0.002476778084950019
1259675346854649856,negative,0.00038598296772758453
1259675347433463811,negative,0.00022610791721670203
1259675347647377409,negative,0.0010417942015484836
1259675347831980032,negative,0.005179210038025121
1259675349761142785,negative,0.03283618498266043
1259675350730080257,negative,1.7914039715757506e-05
1259675351497748480,negative,0.0005443270811328236
1259675351527100420,negative,0.0033659798076027853
1259675353641033728,neutral,0.49789225920557484
1259675354559586312,negative,0.1317242136824684
1259675354811301896,negative,0.006099936616333308
1259675355260104706,negative,0.06962970732215165
1259675355721265153,negative,0.009825432830285315
1259675358468726791,negative,0.029275106885847148
1259675358548418563,negative,0.0001071884036327434
1259675358716203008,negative,0.07592864887986474
1259675358913331200,negative,0.1735514314320381
1259675358971916289,negative,0.00035614703872428535
1259675359248818177,negative,0.055057252092284965
1259675359349551104,neutral,0.552604093023779
1259675359613784069,negative,0.007886622044110156
1259675359768969218,negative,3.4245111229766865e-06
1259675362533019648,neutral,0.41600917863779713
1259675362537193472,negative,0.1401047471949216
1259675362574970886,negative,0.17012075602664886
1259675362797248514,negative,0.011103351708150522
1259675363107536896,neutral,0.49789225920557484
1259675364269441027,negative,0.0381490623288257
1259675366962204672,negative,0.0027973853880631267
1259675367578664962,negative,1.0390845092383224e-21
1259675367851376641,negative,0.00189630357304901
1259675369495560192,negative,0.0003223659479644414
1259675371156406274,negative,0.0006891625906188302
1259675371244486657,negative,0.014823494600360605
1259675371575881728,negative,0.0010744294365834875
1259675374943981569,negative,8.286441915696123e-05
1259675375426310151,neutral,0.5813635478152814
1259675375447269376,negative,0.00026371210823463234
1259675375979974656,positive,0.7401378725988634
1259675376231555073,negative,0.0012806966491351755
1259675376533585921,negative,0.0867425464541602
1259675379620409345,negative,0.0006887806872333251
1259675379620601861,negative,0.004972565049499947
1259675379842850816,negative,0.0006111206745680726
1259675380027449351,negative,0.01061370549434513
1259675380069421056,negative,3.9850952687118755e-05
1259675380279136260,negative,0.001552724423175413
1259675380287516672,negative,0.0016727132089050822
1259675380300034048,neutral,0.5159436667231726
1259675381159784449,positive,0.9017393548041241
1259675381323489282,neutral,0.4434191688350768
1259675383433179137,negative,0.06416804600411988
1259675383764529154,negative,0.01387682643738661
1259675383881969669,negative,0.0032409696760552277
1259675383890354179,negative,0.028679202845628634
1259675385492639745,negative,0.015351712719611924
1259675388218834949,neutral,0.3775522017607436
1259675388566962177,negative,0.01258098413261522
1259675389548429312,negative,3.323713070994068e-06
1259675391553404930,negative,0.17632601764987182
1259675392425803781,negative,0.029275106885847148
1259675392555782144,negative,0.13952507454351062
1259675393046523906,neutral,0.5425964582599748
1259675393541488641,positive,0.6917684948210879
1259675393826660359,neutral,0.3933410571741267
1259675393860173829,negative,0.1188376399658234
1259675395797983233,negative,0.007956855706518405
1259675396146167808,negative,0.0009108695465331823
1259675396209065984,neutral,0.49789225920557484
1259675396225798145,negative,0.0015102876717087831
1259675396594900992,negative,0.0017682476029267763
1259675396968153090,negative,0.0003685674520664772
1259675397370703872,positive,0.66733171846095
1259675397681274880,negative,0.013378931777488948
1259675397685497858,negative,0.13519213350639775
1259675400629891072,negative,0.00014297890696998033
1259675400822829056,negative,0.009390130589239503
1259675401900744704,negative,3.505601274319442e-06
1259675401976250368,negative,0.08410066948936065
1259675404186652672,neutral,0.4593218317852663
1259675404333453312,negative,0.0010899692269339906
1259675404555767814,negative,0.0003470156243591243
1259675404677394432,negative,0.06416804600411988
1259675404723523584,positive,0.9004029805726697
1259675405021216777,negative,4.1114270970579104e-05
1259675405738369029,negative,0.0018591254829168561
1259675405876899840,negative,0.02473913915190985
1259675408804581379,negative,0.0794118608526421
1259665370287398912,neutral,0.49789225920557484
1259665370337603584,negative,3.792263027895587e-08
1259665370589220866,negative,0.06416804600411988
1259665370614554624,negative,0.01374416052888531
1259665372002816001,negative,0.028113579024347222
1259665373181378560,negative,0.0006111206745680726
1259665374410240000,negative,0.0010744294365834875
1259665374745964544,negative,0.0003055454792287052
1259665374787895301,negative,0.023484213628572396
1259665375857434627,negative,0.0002966902484516087
1259665376000061441,negative,0.0003205713684134867
1259665376457060352,negative,0.020626192709026873
1259665377539358725,negative,0.007571848411168897
1259665379007164417,negative,0.0002938617331751939
1259665379066032129,neutral,0.3761114219698652
1259665383646257154,negative,0.1449072389606077
1259665385223225354,negative,0.050551453526002293
1259665386162847750,negative,0.03862420018433853
1259665386754248707,negative,0.06416804600411988
1259665386884288515,negative,0.004603135636959583
1259665387186262016,neutral,0.42310245513114186
1259665388624887810,negative,0.10048582305745868
1259665388994015232,positive,0.7205607441942632
1259665389262438400,negative,9.42639254586256e-05
1259665389304401922,negative,0.15765716900304946
1259665389363048449,negative,0.00010399696601720357
1259665391216922626,negative,6.472259304188122e-07
1259665393054031873,negative,0.05748578419900991
1259665395407040518,negative,0.00010399696601720357
1259665397386817537,negative,0.0010612284658163883
1259665398028353536,negative,0.057613891314938624
1259665398393458688,negative,0.15494659326512134
1259665399202922496,negative,0.0041858105796429524
1259665399437832193,negative,1.9843645128549553e-06
1259665399672700928,negative,0.04047778288701192
1259665399941038081,negative,0.11730186764582319
1259665400339607552,negative,0.0017982684934366776
1259665401241391106,negative,0.0034795368667188305
1259665401904062464,negative,0.21157174877458332
1259665403007119360,negative,0.0004446712732336448
1259665405024534530,negative,6.238352407277028e-05
1259665406010232837,negative,0.00010399696601720357
1259665407742525440,negative,0.02515680570020951
1259665408950484992,negative,0.00013783791803949824
1259665409357295616,negative,0.0034795368667188305
1259665409734778888,negative,0.028113579024347222
1259665409818705930,negative,1.0453481485985389e-07
1259665410712121349,negative,0.00013783791803949824
1259665411831853058,negative,0.011006344036709739
1259665411920089089,negative,0.09217424558640826
1259665414436589568,negative,0.03359966965674305
1259665415074197504,negative,0.005646489337979532
1259665415535550465,negative,0.30927281889554603
1259665415711711235,negative,0.04258011744510042
1259665416638660608,neutral,0.49789225920557484
1259665420182794242,negative,0.023873195913051034
1259665421814378497,negative,0.06416804600411988
1259665422200311808,neutral,0.43602814208349644
1259665423206887427,negative,0.0004446712732336448
1259665423362129927,negative,0.01373638873620955
1259665423890632705,negative,9.907181303026273e-07
1259665424809148416,negative,0.06416804600411988
1259665425039687680,negative,3.719562924158324e-07
1259665425148895233,negative,0.14539584595162997
1259665425622798337,negative,0.01497982752347152
1259665428730839041,positive,0.7430220382249356
1259665428831522822,negative,0.006933029074986186
1259665431377387520,negative,0.00015931189362738447
1259665431650013185,negative,0.04242118892269496
1259665432602181634,negative,0.029307810943678667
1259665434216992768,negative,0.01387682643738661
1259665434246250499,negative,0.10112339414202315
1259665435215179784,negative,1.4903521712777086e-06
1259665435563343874,negative,0.07541476098655583
1259665435781476353,negative,0.2799088137091087
1259665436444106753,negative,0.01387682643738661
1259665437656322050,negative,0.06896550243588336
1259665438365147136,negative,0.0005827030432568295
1259665439640023040,negative,0.010584207086252958
1259665439761879041,neutral,0.42035560660731386
1259665440151875584,negative,0.0059294597163644155
1259665440923701249,negative,0.003142740385914648
1259665441045217280,negative,0.0001737786565755729
1259665441171046400,negative,0.11738157990611137
1259665441741508608,negative,0.012839722665714506
1259665442077106176,negative,0.21157174877458332
1259665442546860035,neutral,0.49789225920557484
1259665445663145984,negative,0.2800169000772446
1259665445998772225,negative,0.04508145637391806
1259665448007860224,negative,0.2685571152573295
1259665563648917504,positive,0.943419195515697
1259665564156526594,negative,0.0034989158554812297
1259665566081695744,neutral,0.4215422362445495
1259665568506032130,negative,0.1564747102256925
1259665569676234752,negative,0.01387682643738661
1259665572419317761,negative,0.011346795706893863
1259665573794865152,positive,0.9980458865927783
1259665573811806209,negative,0.13734033137311283
1259665574164127746,neutral,0.4590236991256936
1259665574977851400,negative,0.06416804600411988
1259665575317368833,neutral,0.4269848784089327
1259665575468564480,negative,0.11758795232284289
1259665576487780352,negative,0.01387682643738661
1259665578601721856,negative,0.08287671379182243
1259665578664644612,negative,0.04258096971716093
1259665578966446080,positive,0.8442013221267932
1259665580887441408,negative,0.00010399696601720357
1259665584356315136,negative,0.21573134249476875
1259665584683433985,negative,0.08287671379182243
1259665584851234817,negative,0.05733834492560849
1259665585153159171,negative,0.0004819443067520633
1259665585253867522,negative,0.12231270295313562
1259665585648144384,negative,0.06416804600411988
1259665587212562434,negative,0.08409745068965344
1259665588844183553,negative,0.0010025431378403822
1259665589305520131,negative,0.013493247928191206
1259665590219767809,positive,0.9471204767194251
1259665593860599810,negative,0.0052346256090343365
1259665596096172039,positive,0.9004029805726697
1259665597673111554,negative,0.24081627254952076
1259665599099285506,negative,0.002086308608544976
1259665599199928322,negative,0.026521955721204003
1259665600978259969,negative,0.2782330137357557
1259665601552941057,negative,0.008849985802884684
1259665602291040262,neutral,0.5287874960061721
1259665602614091776,neutral,0.43602814208349644
1259665603629125635,negative,0.00013783791803949824
1259665605449388042,negative,0.08567010277164819
1259665607064268802,negative,0.19044257264177342
1259665608741998592,negative,0.00026371210823463234
1259665608792313867,neutral,0.5535031130366364
1259665608930742272,negative,0.020958473690026482
1259665609966714882,negative,0.005317770870599078
1259665610360926209,negative,0.1050325517496988
1259665611619262464,neutral,0.33097655469268167
1259665611673817090,negative,0.14324630451422762
1259665612164476928,negative,3.37787472147048e-07
1259665612231659525,negative,0.08828314867350139
1259665612395229184,neutral,0.3489750659882322
1259665614177742849,negative,1.2437802542683136e-06
1259665614727151617,negative,0.004361365290893559
1259665617776410624,neutral,0.5776538250801986
1259665617919062018,negative,0.1291935958699174
1259665618220937216,neutral,0.39290406055138927
1259665619252908033,neutral,0.43602814208349644
1259665620225974273,negative,0.03489312911405267
1259665623619186688,negative,5.999578714427054e-12
1259665624554504193,negative,0.12802810884713664
1259665625095569410,negative,0.2731757790307592
1259665625540157441,negative,0.0010612284658163883
1259665626957623298,neutral,0.3855191343188022
1259665628345978880,positive,0.9070512529075725
1259665629503721473,negative,0.0006265249233411215
1259665630279733252,negative,0.002588204885947969
1259665631630241799,positive,0.7234550799339514
1259665632360124421,neutral,0.5741239207807037
1259665633161035776,negative,0.051857556206605426
1259665634226573314,negative,0.2605794176775176
1259665634742472704,negative,0.00257193255654754
1259665634943807488,negative,0.05418040382191123
1259665636361408514,negative,0.00016062454183537501
1259665640836812800,negative,0.0007091373485049316
1259665641168080897,negative,3.3467336030016024e-05
1259665759669833730,positive,0.9330456393038917
1259665762110918657,negative,0.0029020586729068426
1259665762115035137,negative,6.442298658974546e-05
1259665763570462720,negative,0.004750427751385761
1259665766531715072,negative,0.011615737603487442
1259665766544261125,negative,0.10982957771331091
1259665767521562624,negative,0.017648787967738413
1259665767844524039,negative,0.13509185177454286
1259665769039831047,negative,0.00030293131367641074
1259665769501253632,negative,0.019590665157277747
1259665770751156224,negative,0.01883590815640718
1259665771690631181,negative,0.004919977244422378
1259665771820650497,neutral,0.3356251695384362
1259665771921387530,positive,0.7593405635822872
1259665772613373952,negative,0.1511391902820264
1259665773443846144,neutral,0.5651377886002171
1259665774140145664,negative,0.0037081004912209647
1259665776002265088,negative,0.0006111206745680726
1259665776656646146,negative,0.13342792737761977
1259665779529781251,negative,8.286441915696123e-05
1259665780754591744,negative,0.07513811673359384
1259665780796534789,positive,0.9683435456870173
1259665780838293504,neutral,0.4438727195466093
1259665780888797184,negative,0.26680004654813255
1259665781014618120,positive,0.7078095530276536
1259665781308129280,neutral,0.4471030888104273
1259665782960766979,positive,0.8797276684276147
1259665783329820673,negative,0.0021347084271138065
1259665784781058055,negative,0.02627492078061546
1259665785238282240,negative,0.004673724721106376
1259665785380888576,negative,0.013361570844442228
1259665786819543043,negative,0.005676975029128503
1259665787368988673,negative,0.06633437152878846
1259665787767357445,negative,0.07037677116519346
1259665787956137985,positive,0.940917404575273
1259665788757094401,negative,0.0007820944986550094
1259665789273047042,negative,0.24273111374465883
1259665789914943490,negative,0.06416804600411988
1259665790414061568,negative,0.05748578419900991
1259665791378751493,negative,0.024019337880948972
1259665791433224193,negative,0.005676975029128503
1259665792632791040,negative,0.0016927440232661671
1259665792641064960,negative,0.0019774975216584707
1259665793584959491,negative,0.11904680020991483
1259665794738335744,positive,0.879839630377015
1259665794826301441,negative,0.06416804600411988
1259665794868359171,negative,0.13090038562342188
1259665795292057601,negative,0.14608276284740282
1259665795581345792,negative,0.06416804600411988
1259665795929591811,neutral,0.5287874960061721
1259665796185243648,negative,0.0020752135396048675
1259665796311244802,negative,0.0003660119997963394
1259665796449566721,negative,0.023661400526972038
1259665799394066432,positive,0.869945233287081
1259665802204192768,negative,0.11482332817360176
1259665803873587200,negative,0.035907735431492546
1259665804444028930,negative,0.005767085922700772
1259665804641042438,negative,0.01387682643738661
1259665804867575818,negative,0.06416804600411988
1259665805802786818,negative,0.0037081004912209647
1259665805819760640,neutral,0.49789225920557484
1259665806314614785,negative,0.008849985802884684
1259665806448832512,negative,0.06416804600411988
1259665806872449024,positive,0.9605202858126779
1259665807816228866,negative,0.13306999012077053
1259665808210436103,neutral,0.5776538250801986
1259665808713814016,negative,8.286441915696123e-05
1259665809217073155,negative,0.0052346256090343365
1259665812127973377,negative,0.002603809929109167
1259665812136345600,negative,1.4622849892404055e-12
1259665816666009606,negative,0.0010744294365834875
1259665816754274306,negative,0.01748425930546806
1259665817974697986,negative,0.033813544412497835
1259665818205466624,negative,0.016107046908463065
1259665820315156480,negative,0.0010612284658163883
1259665820319440898,neutral,0.6278491083745054
1259665821137281025,negative,0.09344134935797666
1259665821145665537,negative,0.1917648440123616
1259665822764675072,negative,0.0004182805528760166
1259665822777131008,negative,0.011615737603487442
1259665822785638401,negative,0.16510907912969588
1259665824316563463,negative,0.06416804600411988
1259665824429850626,negative,0.024019337880948972
1259665824849240065,negative,0.011981335453416779
1259665825713156096,negative,0.020500315188146934
1259665826250215429,negative,0.03567528148880592
1259665829278502914,negative,0.11737300357112802
1259665938791702531,negative,0.28468327966096363
1259665938963668992,neutral,0.36979526280206465
1259665939307495425,negative,0.00032495078482094186
1259665940381343744,negative,0.00010399696601720357
1259665940653977600,negative,0.0010612284658163883
1259665940721078272,negative,0.0034727255604602735
1259665941077475328,negative,0.0010744294365834875
1259665941845225472,neutral,0.38153430989142556
1259665942126215170,positive,0.7430220382249356
1259665942805712898,negative,0.0006111206745680726
1259665943405486080,negative,0.0005423780535614047
1259665943690608640,neutral,0.5933205336997263
1259665943766188032,negative,1.4903521712777086e-06
1259665943787118592,negative,0.028325167815792213
1259665948212187143,negative,0.000684373314879607
1259665948480540672,neutral,0.4168406223308422
1259665949508153347,negative,0.00270253129715177
1259665950284165122,negative,0.13157103899671885
1259665950414188544,negative,0.1333669965599387
1259665950758113280,positive,0.7234550799339514
1259665951093555206,negative,0.006375938427376273
1259665952259571719,negative,0.0010025431378403822
1259665953140457473,negative,3.905245783983057e-07
1259665953354403845,negative,0.1061808150628229
1259665954432303105,negative,0.12995413526225802
1259665954562166785,negative,0.0029387561055579142
1259665954918760448,neutral,0.43602814208349644
1259665955648679942,negative,3.929289514820973e-06
1259665957485756416,negative,0.00032080140564151653
1259665958479724544,negative,0.0010612284658163883
1259665961768140801,negative,0.1262238085569959
1259665961927532551,negative,0.06904640528283326
1259665962346913794,negative,0.04877142023343672
1259665962644709378,negative,0.22803392818241322
1259665963865313280,negative,0.011346795706893863
1259665964112674817,negative,0.13694898450544027
1259665964318314498,neutral,0.3356251695384362
1259665964574150666,negative,0.011615737603487442
1259665966000209920,negative,0.007070898901805346
1259665966906171398,negative,0.0878914382143606
1259665967610769412,negative,0.0005723957865827438
1259665967992369152,negative,0.2799088137091087
1259665969041072129,negative,1.2953043172335601e-05
1259665969510834177,negative,0.2700027633983157
1259665970270023681,negative,0.024019337880948972
1259665972048297995,negative,0.22981738495754075
1259665972526485513,negative,0.0021251770332202493
1259665973247905792,negative,0.0010612284658163883
1259665973604483072,neutral,0.47773211781174707
1259665976431435777,negative,0.03483733851854125
1259665977316384769,negative,0.2747529701017733
1259665980265058304,negative,0.009132389677613909
1259665980587991045,negative,0.23871696831429615
1259665980831170562,neutral,0.5553138634541599
1259665981179416578,negative,0.0012598406189321533
1259665981791703046,negative,0.0001737786565755729
1259665982236381188,neutral,0.3489750659882322
1259665983725350912,negative,0.00010656838290143137
1259665984325070848,negative,0.0010025431378403822
1259665984341884930,negative,0.09248833688898632
1259665985264549889,negative,0.004673724721106376
1259665985721729027,negative,0.00017966455712032088
1259665985893814273,negative,1.5576565967285155e-06
1259665986774499330,negative,0.19855983760276644
1259665987227586562,negative,0.038511075290194284
1259665987391102986,negative,1.2437802542683136e-06
1259665987500224515,negative,0.22981738495754075
1259665987789565952,negative,0.1564747102256925
1259665988313853953,negative,0.11888097799389061
1259665988770988032,negative,0.0010297892652331004
1259665989316288513,negative,0.00010094451336405138
1259665989333143552,neutral,0.3875332285022518
1259665990318776320,negative,0.19044257264177342
1259665992692662275,negative,0.009647713706257374
1259665993988792322,negative,0.005042460529389207
1259665995280592897,negative,0.2295389535904688
1259665995456745479,neutral,0.49789225920557484
1259665997973331971,negative,0.0010612284658163883
1259665998183104518,negative,0.03489312911405267
1259665998518431744,negative,0.12357351775782117
1259665999009402880,negative,1.523126365505677e-05
1259665999567163392,negative,0.0020313417116949403
1259666000120811521,neutral,0.49892412180975515
1259666000569667584,neutral,0.39556697899400195
1259666000737382402,negative,0.08567010277164819
1259666001035223041,negative,2.3162486221360847e-06
1259666002331054080,negative,0.0006111206745680726
1259666003258204166,negative,0.0010899692269339906
1259666003291709446,negative,1.4903521712777086e-06
1259666003539230722,negative,0.013621464929923447
1259666004575244288,negative,0.12395904848747287
1259666004948381696,negative,0.020626192709026873
1259666006001291264,negative,0.0027426170837283994
1259666006185848832,negative,0.02177442904020364
1259666006915588096,neutral,0.3489750659882322
1259666009427980288,negative,0.0037081004912209647
1259666014209363968,neutral,0.437369725752128
1259666015597756419,negative,0.05045049462397754
1259666130668605441,negative,0.01408279593887073
1259666131020853248,negative,0.016966262639556837
1259666133348577280,negative,0.004911674074640123
1259666134405656576,negative,0.2262638045040485
1259666134900658178,negative,0.0829543510555653
1259666135986966531,negative,3.739898473287484e-08
1259666136075042822,negative,0.03489312911405267
1259666136100110336,negative,0.12357351775782117
1259666136620204036,negative,0.0010637455740917013
1259666137152962560,negative,0.08567010277164819
1259666137786318849,negative,0.31454462127424954
1259666137954029575,positive,0.7200732639329434
1259666138230935559,negative,0.015357129233410281
1259666138386051072,negative,0.23815905101276308
1259666138897756160,negative,0.08301289864159057
1259666139568836609,neutral,0.49789225920557484
1259666140097400834,negative,0.007858428877464782
1259666141326258180,negative,0.012265982523322476
1259666142983053312,positive,0.9949561275053965
1259666143339479046,positive,0.8871700528265909
1259666145306652672,negative,0.05628323348160865
1259666146401402881,negative,0.21519833454198892
1259666146506268672,negative,0.06416804600411988
1259666147068252170,negative,0.15401639358722968
1259666148494360577,negative,0.08567010277164819
1259666149651951622,negative,0.06416804600411988
1259666151409364992,negative,0.09769210163255303
1259666151535247361,negative,0.0017696349142155275
1259666153162637313,negative,0.08727532180403988
1259666153623949313,negative,0.0010025431378403822
1259666153959559173,negative,0.00014673936894625804
1259666156530528256,negative,2.6822038423251063e-05
1259666156740378627,positive,0.901048024389489
1259666156744515589,negative,0.005767085922700772
1259666157176528896,negative,0.15765716900304946
1259666157474328576,negative,0.0829543510555653
1259666158514507777,negative,0.02409743404424997
1259666160053878784,negative,0.08567010277164819
1259666160062095360,neutral,0.49789225920557484
1259666161081483266,negative,0.03921139187530509
1259666162117496832,negative,0.0766139028230765
1259666162939461633,negative,0.2685571152573295
1259666165024030720,negative,0.275901311711089
1259666169151307777,negative,0.040083944943560615
1259666170581573632,positive,0.8950774650462305
1259666170812272641,negative,0.05678359842693954
1259666171307196417,positive,0.7362120298159334
1259666171785338887,negative,0.001225384198976454
1259666172255051776,negative,1.899111984658722e-06
1259666172758372352,negative,0.005553367168882938
1259666172771020802,negative,0.12868189745437478
1259666173425221632,negative,0.13952507454351062
1259666175275008005,negative,0.0019475332197958317
1259666175711227905,negative,0.03489312911405267
1259666176105422850,negative,0.0017982684934366776
1259666176705265665,positive,0.675254256211609
1259666178571567104,negative,0.016309179733344694
1259666179343421441,negative,0.0026593707970760487
1259666179708186625,negative,8.286441915696123e-05
1259666180559773696,negative,0.08591561864960427
1259666181159616513,negative,0.000562904559143015
1259666182501785602,neutral,0.43602814208349644
1259666182636015617,negative,0.0010612284658163883
1259666183793659905,negative,0.0002811166563087002
1259666184129130497,negative,0.00270253129715177
1259666184192090112,negative,0.00010399696601720357
1259666185991393284,negative,0.1291935958699174
1259666186280804352,positive,0.7090522855839745
1259666186637320195,negative,0.0851269252254444
1259666190944948227,negative,1.5576565967285155e-06
1259666191368491008,negative,0.010314377258386914
1259666194082279424,negative,0.10982957771331091
1259666194975657986,neutral,0.3684733086669936
1259666195583770632,neutral,0.33700431186214697
1259666197114695682,negative,0.10396832186755227
1259666197446090756,negative,0.005646489337979532
1259666198024732672,negative,0.051857556206605426
1259666198314332164,negative,0.0006111206745680726
1259666199224496130,negative,0.037514898937512295
1259666200998621187,negative,0.0006111206745680726
1259666366983880705,negative,0.0006111206745680726
1259666369081217024,negative,0.03199836525714282
1259666369286754307,negative,1.4509718917427772e-05
1259666370188513283,negative,0.008945352068749284
1259666370284998661,negative,0.06416804600411988
1259666371073282048,negative,0.026521955721204003
1259666371157340160,negative,0.005646489337979532
1259666371320983555,negative,0.06416804600411988
1259666373313204229,negative,0.3054914157684274
1259666374064037888,negative,0.19786027486605082
1259666374286245889,negative,0.12665581985073582
1259666375490052096,neutral,0.6172383477481156
1259666375762751494,positive,0.8950082499227665
1259666375888551936,negative,0.13952507454351062
1259666378694569984,negative,0.13342792737761977
1259666379214671872,negative,0.005767085922700772
1259666379982209025,neutral,0.43988208189787964
1259666380028346368,negative,0.27675766278087843
1259666381349490691,negative,0.0007584205498624368
1259666385229221891,negative,0.06967499314271368
1259666386512732160,positive,0.9879455122987937
1259666387921965056,neutral,0.4775637057108831
1259666388970594306,negative,0.0047171222513937
1259666390388269063,negative,0.013304341105219369
1259666391860482048,neutral,0.5287874960061721
1259666392384704513,negative,0.00032080140564151653
1259666392535744513,negative,2.7952860264859704e-06
1259666394293186570,negative,0.0014592865350761767
1259666394695774208,negative,0.0014592865350761767
1259666395559866376,negative,0.15755821837487272
1259666395622670337,negative,0.04280085371761797
1259666397552095239,negative,0.0753055840887904
1259666397900095488,negative,0.0006111206745680726
1259666398877569024,positive,0.8914577646815258
1259666398986424323,negative,0.00012197976757398485
1259666400840429568,negative,1.2815908333839483e-05
1259666401217912834,neutral,0.47123849016516073
1259666401444401158,negative,0.008849985802884684
1259666401792589824,negative,0.0008867950214162592
1259666402220351489,negative,3.0170282051553128e-05
1259666402954432513,negative,0.06416804600411988
1259666407425544196,negative,0.016966262639556837
1259666408344096774,negative,0.07727445049268812
1259666410940268554,negative,0.004361365290893559
1259666412655828992,negative,0.00024881995297063465
1259666412739715077,negative,3.5157758328987683e-09
1259666413708591110,negative,0.00011594068940910565
1259666414530633730,positive,0.9808505777140265
1259666416728498176,negative,0.0017516680670808752
1259666418661916675,positive,0.8201713341456076
1259666419655995392,negative,0.048174630532207774
1259666420788531200,negative,0.02697305753498915
1259666421056802816,negative,0.015416358515861213
1259666421736525831,positive,0.9753638110468063
1259666421790969856,negative,0.16881102316172678
1259666422088773634,negative,0.0014176877554914406
1259666424257265666,negative,0.007728050265968545
1259666424617787394,positive,0.7976270518649723
1259666424991223813,negative,0.01387682643738661
1259666425607749634,negative,0.011175369368598734
1259666426232700928,negative,6.372517986213273e-05
1259666427310682112,negative,0.04394129149496759
1259666428774539266,negative,0.13368271817149005
1259666428841656323,positive,0.9004029805726697
1259666429122617347,negative,0.13952507454351062
1259666430263463936,negative,0.027885749962428145
1259666430456365061,negative,2.60596357985136e-05
1259666431475691520,negative,0.0003341805225469292
1259666432008359937,negative,0.08441856918229862
1259666432473923584,negative,0.018909662117287063
1259666433270833153,negative,0.12357351775782117
1259666433694404610,negative,0.0010612284658163883
1259666434013171712,negative,0.0016423959224511212
1259666435124715520,negative,0.003032689293361386
1259666435426717696,negative,0.06433454950143148
1259666437846831111,negative,0.05104959799127207
1259666438442422273,negative,0.3081474282359827
1259666438945599489,negative,0.0003044604138240052
1259666439411306501,negative,0.2214536032056412
1259666439759331334,negative,0.06974191735155014
1259666440392773632,negative,0.21519833454198892
1259666441441284098,negative,0.21989160053230422
1259666441722363906,negative,0.0013783485578357246
1259666442926112772,negative,0.0006412606839871961
1259666554020601857,neutral,0.49789225920557484
1259666556730179584,negative,0.1474283526534481
1259666558017773568,negative,0.09962009574736544
1259666558382682112,negative,0.03936244064101549
1259666559917850626,negative,0.08301289864159057
1259666560714715142,negative,0.18682231507265643
1259666563726217224,negative,0.0038804144572643683
1259666563969568775,negative,0.2796459691033901
1259666563977949184,negative,0.029051555192998953
1259666565005541381,negative,0.06967499314271368
1259666565286551552,negative,0.02830367965887837
1259666565890539520,neutral,0.5287874960061721
1259666566817501192,negative,0.011401682628917878
1259666568155447296,negative,0.0003205713684134867
1259666569400999936,neutral,0.3489750659882322
1259666569434546176,negative,0.0038451857741143214
1259666569514430470,negative,0.008463457822142242
1259666569543761923,positive,0.9981906093380676
1259666571028582406,negative,8.385264941463194e-05
1259666571108245504,negative,0.0006111206745680726
1259666571536076801,neutral,0.5762578033233333
1259666572286865409,negative,5.9360588965499074e-08
1259666572823666690,negative,0.17785859282602975
1259666573301858310,negative,0.21519833454198892
1259666573532581888,negative,0.19044257264177342
1259666574199394306,negative,0.04127633241424443
1259666574677549057,negative,0.06305207699505351
1259666577403846656,negative,0.051857556206605426
1259666578104365058,negative,0.24081627254952076
1259666578423132161,negative,0.06630709494016303
1259666578523787266,negative,0.21851426212867475
1259666579119316997,neutral,0.46107894722701936
1259666579421306880,negative,0.00270253129715177
1259666580520255488,negative,0.08567010277164819
1259666580553809920,negative,8.239713428646741e-06
1259666580973277184,negative,0.012982243243822182
1259666583074623489,negative,8.239713428646741e-06
1259666583741501440,neutral,0.43602814208349644
1259666584089645057,negative,0.015360083151583546
1259666584181903361,negative,0.0004411516770031293
1259666584903311361,negative,2.1918257869194387e-06
1259666585582735365,negative,0.024185383972425128
1259666586002231297,negative,0.0010899692269339906
1259666586388103169,negative,0.1474283526534481
1259666586442530818,negative,0.1045877536979236
1259666586492981253,negative,0.028528061238391987
1259666586526461952,negative,1.2953043172335601e-05
1259666587247878150,negative,0.0005037292801217843
1259666587306602498,negative,0.018472151167302973
1259666587428192257,negative,0.027521248111661664
1259666587944054784,negative,0.04147959294160894
1259666588992778240,negative,0.06416804600411988
1259666589613506560,negative,4.578529449505258e-12
1259666590049714176,neutral,0.36979526280206465
1259666590133563393,negative,3.086162599572169e-05
1259666590162989056,negative,0.1372534351274651
1259666590422970368,negative,0.01373638873620955
1259666591412862976,negative,0.054754454741963395
1259666592855732229,negative,0.008849985802884684
1259666593480683523,positive,0.9879042330573891
1259666595850444805,negative,0.08582515305971183
1259666596915810304,negative,0.02182740901000955
1259666597423144960,negative,6.495708464372997e-06
1259666597482029056,positive,0.9004029805726697
1259666598312308736,negative,0.08567010277164819
1259666600317333505,negative,0.00032495078482094186
1259666600787152896,negative,7.03185206341493e-11
1259666603240808454,neutral,0.4761326000948011
1259666603567972353,negative,0.024578235186794632
1259666604444520448,negative,0.0010612284658163883
1259666605262471173,negative,0.005646489337979532
1259666606315188225,negative,0.06416804600411988
1259666606403149824,negative,0.0003205713684134867
1259666608093618178,negative,0.30398973281226777
1259666609125437442,negative,0.000853750684691433
1259666609179934720,negative,0.0003205713684134867
1259666609649725447,neutral,0.3356251695384362
1259666609716842498,negative,0.004061497948975842
1259666609746083849,negative,0.05022994994543688
1259666609876189184,negative,9.66431376431586e-05
1259666610018750464,negative,0.00023289984427522653
1259666610211762178,negative,0.0003885913170298658
1259666610937266178,negative,0.06299218868546382
1259666611541364736,negative,0.021807834154836607
1259666612560564226,negative,0.0002599255841157035
1259666612954726400,negative,0.00011594068940910565
1259666615152652290,negative,0.030928886996293013
1259666615311847425,negative,0.03035934002002571
1259666617849581570,negative,0.007858428877464782
1259666619032363009,negative,9.28679969205228e-06
1259666622161334279,negative,2.09265182461313e-07
1259666627123167234,negative,2.2052447735032133e-05
1259666627727101954,negative,0.00010399696601720357
1259666628989591552,negative,0.1333669965599387
1259666742487519232,negative,0.0006412606839871961
1259666742684479488,negative,0.00048544078867654845
1259666743808622593,negative,0.08828314867350139
1259666744165236743,positive,0.9255069934657735
1259666744391548928,negative,0.015481607702140222
1259666744748228613,negative,0.0011228824386020756
1259666745503223810,negative,0.0034795368667188305
1259666746740482052,negative,1.899558653311612e-05
1259666747617050630,negative,0.24935580078175656
1259666749135388675,negative,0.0014592865350761767
1259666750276337665,negative,0.037514898937512295
1259666750817402887,negative,0.02345776883825893
1259666752146935813,negative,0.0010744294365834875
1259666752251674624,neutral,0.4894886660404289
1259666752654528515,negative,0.005646489337979532
1259666753984086016,negative,0.3224912829462178
1259666753984086019,negative,0.0021347084271138065
1259666754642628608,negative,0.00013783791803949824
1259666755087003648,negative,0.002497104048945973
1259666758245527557,negative,0.0010612284658163883
1259666758568480774,negative,0.00270253129715177
1259666762016141313,negative,0.14453018303402967
1259666762527920129,negative,0.003941163027611593
1259666765036093441,negative,0.029307810943678667
1259666766533464064,negative,0.0010025431378403822
1259666766629912578,neutral,0.5059127799084793
1259666767498170369,negative,0.1474283526534481
1259666768076906497,negative,1.3586206323668308e-05
1259666770060808201,negative,0.0062077598657699394
1259666770434162689,negative,2.3162486221360847e-06
1259666771633725441,negative,0.01387682643738661
1259666771805642753,negative,4.3384248268407924e-05
1259666771885330433,negative,0.2112692501913793
1259666772740972544,negative,0.009237498098892497
1259666773059735559,negative,0.11758795232284289
1259666773525266436,negative,5.7015906935177466e-05
1259666774775279617,neutral,0.48079073889838364
1259666776922652678,negative,0.0010025431378403822
1259666777560186882,negative,0.0002966902484516087
1259666777996496896,negative,0.06416804600411988
1259666778520723456,neutral,0.3489750659882322
1259666779200249856,negative,0.01596036250408127
1259666779707633664,negative,0.04055255288509741
1259666780110323713,negative,0.00019547164809635456
1259666780492095488,negative,0.11758795232284289
1259666781658112001,negative,0.12355675231413714
1259666783306465287,negative,0.10396832186755227
1259666783902011392,negative,0.00011594068940910565
1259666785676267520,negative,0.3281955327535473
1259666787244834823,negative,0.020158670779162582
1259666788058619910,negative,0.06416804600411988
1259666790080294913,negative,0.10025674188084442
1259666790273220609,negative,0.13952507454351062
1259666792521162753,negative,0.13525545640197068
1259666794815553537,negative,0.15967297432135674
1259666795159605248,negative,0.0017982684934366776
1259666795545481216,negative,2.928570590452184e-05
1259666797436928002,negative,1.5712719568613862e-08
1259666797550342147,negative,0.1490496314368267
1259666797730713601,negative,6.40322635422539e-05
1259666797961400325,negative,0.06416804600411988
1259666798053638145,negative,0.0006224412644584258
1259666799102029825,negative,1.5712719568613862e-08
1259666800075255810,positive,0.9785484235716956
1259666800918310916,neutral,0.34021212627453806
1259666802382012416,negative,0.0014280937451316234
1259666802587701249,negative,0.0010612284658163883
1259666803204202496,negative,0.21386168978117548
1259666803762049024,negative,0.2854571364364633
1259666804387074049,negative,0.13734033137311283
1259666804529598466,negative,1.0458890225620578e-06
1259666807021019144,negative,0.011175369368598734
1259666807071408129,negative,0.012804374489513666
1259666807096475648,negative,0.2337257956736695
1259666807507615744,negative,0.017001313851858112
1259666808694607873,negative,0.00013783791803949824
1259666810577829895,negative,0.03161535849287856
1259666810942697473,negative,0.024177892496496014
1259666811169107969,negative,0.022390944589418347
1259666811798372357,neutral,0.5609667536646611
1259666815040577536,negative,0.005676975029128503
1259666815166353408,negative,0.0006224412644584258
1259666815501959174,neutral,0.37377490205268193
1259666815623614466,neutral,0.43602814208349644
1259666815703117824,negative,0.13952507454351062
1259666815740973056,positive,0.8162546979078554
1259666816374276096,negative,3.602481306920204e-06
1259666817129295872,negative,0.21157174877458332
1259666817527750656,negative,0.24257286520539798
1259666818593099776,negative,0.12765254660756065
1259666820249812994,neutral,0.6172383477481156
1259666820543516672,negative,0.24759293556210854
1259666821025759233,negative,0.0008867950214162592
1259666930975244288,negative,1.7663389261871141e-06
1259666935110926343,negative,0.0007091373485049316
1259666935530369026,negative,0.24242511952191437
1259666937677623298,neutral,0.5424646536908453
1259666939636518913,negative,0.1717236858544285
1259666939670036480,negative,0.01373638873620955
1259666939846238209,negative,0.013304341105219369
1259666941758836736,negative,0.0316136750219743
1259666942199238657,negative,0.13952507454351062
1259666942958469121,negative,0.0010612284658163883
1259666943675707393,positive,0.8950774650462305
1259666946498297856,negative,0.05082072941868382
1259666950545965058,negative,8.703773587311228e-06
1259666950835372033,negative,0.016269471622847625
1259666954077573121,negative,0.00014297890696998033
1259666954220113924,neutral,0.36990617825586003
1259666954694144006,negative,0.1050887782984423
1259666956392763397,positive,0.9980458865927783
1259666956577378306,negative,8.286441915696123e-05
1259666956996747265,neutral,0.34076927931029793
1259666958833856512,negative,0.254017133208425
1259666960004059137,negative,0.0017982684934366776
1259666960696123400,negative,0.06641967143603404
1259666961191092224,negative,0.00019029647421060726
1259666961790894080,negative,0.011685053224995665
1259666963040788483,negative,0.12357351775782117
1259666963044990977,negative,0.2794653930830212
1259666964315803648,neutral,0.4507454498615163
1259666967000121345,negative,0.011346795706893863
1259666968577179652,negative,0.0010744294365834875
1259666969101348864,negative,0.0003205713684134867
1259666970334695424,negative,0.0005230845393412891
1259666970812854274,negative,0.021744063581384598
1259666970854768640,negative,0.2866838436757562
1259666971156766720,negative,1.2953043172335601e-05
1259666974201638912,negative,0.0001393121255449499
1259666974889717761,negative,0.21738001251963682
1259666975791423489,negative,0.0010744294365834875
1259666975950864384,negative,9.160015828648867e-07
1259666977154531333,negative,0.00015931189362738447
1259666977976717313,negative,0.0010612284658163883
1259666978744283141,negative,0.04417197360848566
1259666979314597894,negative,0.059611628817017974
1259666979373363201,negative,0.00026371210823463234
1259666979687981057,negative,0.00010399696601720357
1259666980115820545,negative,0.00032080140564151653
1259666980346515457,neutral,0.34076927931029793
1259666981688614915,negative,0.051857556206605426
1259666982191890432,negative,0.018263876404257674
1259666982393315334,negative,0.0027239519968283404
1259666982502350848,negative,0.00010399696601720357
1259666985220280323,negative,0.09453914823027439
1259666985434185729,negative,0.08734888482795726
1259666986600222721,negative,0.10968730184586482
1259666987006992384,negative,0.051857556206605426
1259666987632005120,negative,0.21157174877458332
1259666988168810496,negative,0.19044257264177342
1259666989859176448,negative,4.774171788188783e-12
1259666992623214592,negative,0.0010744294365834875
1259666993340391429,negative,0.0019310459417189107
1259666993520816131,neutral,0.3489750659882322
1259666994053423104,negative,0.013686849639107256
1259666995072524288,negative,0.06416804600411988
1259666996498780162,negative,0.03844204225661441
1259666997056593922,negative,9.133862302657517e-05
1259666997065011208,negative,0.06416804600411988
1259667002903465987,negative,0.034127221246408976
1259667004069421063,negative,0.08287671379182243
1259667004727996417,negative,0.009221779229987405
1259667004836937731,negative,0.001238161756868786
1259667005877207041,negative,0.049477908750082115
1259667006011445249,negative,0.0588091434982943
1259667006015471616,negative,0.004911674074640123
1259667006732845059,negative,0.06416804600411988
1259667007122874371,negative,0.005646489337979532
1259667204343291906,negative,0.0010297892652331004
1259667204469075968,negative,0.12357351775782117
1259667204712402944,negative,0.1452925839146388
1259667206931206144,negative,0.011175369368598734
1259667207077924864,negative,0.3065451580470331
1259667207342247939,negative,8.286441915696123e-05
1259667207564464129,negative,0.0017982684934366776
1259667209023938562,negative,0.00967612978262106
1259667210336903168,neutral,0.3761114219698652
1259667211154792450,negative,0.1693035007537409
1259667212056637440,negative,0.007869264684074164
1259667212425707521,negative,0.2546411344878963
1259667212526370817,neutral,0.49789225920557484
1259667214195740679,negative,1.2437802542683136e-06
1259667214640254976,negative,0.09130636050496427
1259667214828883968,negative,0.20455943802555554
1259667215143632905,negative,0.06942752878135483
1259667218490671106,negative,0.10982957771331091
1259667219715325954,negative,0.20309831477842732
1259667220239716361,negative,1.2437802542683136e-06
1259667221145583616,positive,0.9024897902254888
1259667221938348032,negative,6.495708464372997e-06
1259667222047449094,negative,5.999276158394521e-06
1259667224018784259,negative,0.012876333586258802
1259667225641918472,negative,0.1332905516292861
1259667229290962946,negative,2.752339324714818e-05
1259667231321075721,negative,0.1375556330165261
1259667233028136966,negative,0.0001535998613253703
1259667233799729153,negative,0.016966262639556837
1259667233875406848,negative,0.13509185177454286
1259667234236006402,negative,0.13952507454351062
1259667236882731008,negative,3.3467336030016024e-05
1259667238304563202,negative,0.017920009981726607
1259667238711439361,negative,3.4245111229766865e-06
1259667239617343492,negative,3.4245111229766865e-06
1259667239768186880,negative,0.0003205713684134867
1259667240015650817,neutral,0.49789225920557484
1259667243534897156,negative,0.0034989158554812297
1259667244008824832,negative,4.527247473699607e-05
1259667244449177601,negative,7.279439221391795e-06
1259667244495392768,negative,0.011346795706893863
1259667247355908103,negative,0.04649355874467282
1259667248899375105,neutral,0.6172383477481156
1259667250077892614,negative,5.9360588965499074e-08
1259667250300227585,negative,0.1559650275755512
1259667250405093386,negative,0.004603135636959583
1259667250631413766,positive,0.9255069934657735
1259667251055276038,negative,0.02182740901000955
1259667251302670336,negative,0.0013536198765005275
1259667252309159937,negative,0.008334296789652779
1259667253093638151,negative,0.0012586946612133413
1259667253110456320,negative,0.27436443703093794
1259667253664112642,negative,0.011175369368598734
1259667254133874688,positive,0.9902614584416669
1259667254658109442,negative,0.1530481999067977
1259667254846906373,negative,0.002603809929109167
1259667255002050571,positive,0.9004029805726697
1259667255140458496,neutral,0.4081162891515609
1259667255455092738,negative,0.0010025431378403822
1259667256323248131,positive,0.8619084794855766
1259667256801402880,negative,0.011615737603487442
1259667256876941312,negative,0.01911797400696014
1259667257300410374,neutral,0.5058438376734256
1259667258500091905,negative,0.0851269252254444
1259667258638585858,negative,0.20940793233547356
1259667261553618946,negative,5.074029985920462e-05
1259667261662658561,negative,0.0010025431378403822
1259667263432491010,negative,0.03035934002002571
1259667263797551104,negative,0.13449028371680916
1259667263839404032,negative,0.23871696831429615
1259667265559171072,negative,0.006145761094224257
1259667265609441280,negative,0.004603135636959583
1259667265718497280,negative,0.0004064627518092237
1259667265722646529,negative,0.0007700866387042022
1259667267752615938,negative,0.08734888482795726
1259667267899527170,neutral,0.3829757326547692
1259667268650373120,negative,0.07066138906060429
1259667268922998784,neutral,0.49789225920557484
1259667269468200961,negative,0.00010399696601720357
1259667269602377738,negative,1.523126365505677e-05
1259667270680412166,negative,2.3722019270771704e-06
1259667272513265669,negative,9.445725419715299e-05
1259667273423499264,negative,3.4245111229766865e-06
1259667273679360002,neutral,0.5681921013422102
1259667274203648010,negative,0.21519833454198892
1259667275004739591,negative,0.0004566370578179404
1259667275449335810,negative,0.05748578419900991
1259667275977760768,negative,4.2706499731550414e-07
1259667278058192897,negative,0.2910038422510739
1259667278125240321,negative,1.1424566077098743e-06
1259667279190654978,negative,0.04047778288701192
1259667282579599360,negative,0.028528061238391987
1259667282852184065,negative,0.0020313417116949403
1259667454760030208,negative,0.03844204225661441
1259667456353845248,negative,2.2001225027350125e-05
1259667458102878208,negative,1.8295559838566754e-05
1259667458157432833,negative,0.1474283526534481
1259667458409054209,negative,3.3775884463946385e-05
1259667458484568069,negative,0.13395644874535326
1259667459113656321,negative,0.07117244394497
1259667460543991810,negative,6.495708464372997e-06
1259667461365886976,negative,0.009771523059226557
1259667461730951168,negative,1.2301411712092957e-05
1259667461936484353,negative,0.0010025431378403822
1259667462846644225,negative,0.13306999012077053
1259667464285290497,negative,2.0630765385499353e-06
1259667464503414785,positive,0.907609799504566
1259667466386649090,negative,0.0038566469841288687
1259667468177625091,negative,0.16009308791022323
1259667468278251522,negative,0.0001667861914932952
1259667469133737984,negative,0.0006111206745680726
1259667469733683201,negative,0.05317392548312752
1259667472392884227,negative,0.009132389677613909
1259667472413835264,negative,0.07641636116192349
1259667472619311105,negative,0.09256161970487642
1259667472757567488,negative,0.002439032426019196
1259667473277890560,negative,0.08287671379182243
1259667474112491521,negative,0.0010612284658163883
1259667474276122626,negative,0.037514898937512295
1259667475114885120,negative,0.04417197360848566
1259667476541038598,negative,0.06416804600411988
1259667477145010178,negative,0.019817432200718008
1259667477698539521,negative,0.13952507454351062
1259667478046740481,negative,0.02174938701525744
1259667479753826313,negative,0.16778160508579706
1259667480466714628,negative,0.00010399696601720357
1259667480521383937,negative,0.08291601474580387
1259667480856887298,negative,0.023661400526972038
1259667481716760577,negative,1.2953043172335601e-05
1259667482626920449,negative,0.016966262639556837
1259667483134394370,negative,0.0019851461742495446
1259667483444809728,negative,0.0018742128985197273
1259667484271161350,positive,0.9004029805726697
1259667485491712000,negative,0.0002459270268147903
1259667485604921345,negative,0.008849985802884684
1259667485759950848,positive,0.9227289435180078
1259667486859038734,negative,0.055276955989976166
1259667487186022400,negative,3.4245111229766865e-06
1259667488352227328,negative,0.007147207767238685
1259667488670806016,negative,0.03489312911405267
1259667488964558848,negative,0.00023349334345031022
1259667489589518337,negative,0.15501549614531876
1259667489904103426,positive,0.9698633154652188
1259667490361180161,negative,0.10396832186755227
1259667490860412930,negative,1.0502186162911615e-08
1259667491195887627,positive,0.7097830548150432
1259667493548896258,negative,0.00013783791803949824
1259667493943226370,negative,3.4245111229766865e-06
1259667495314771973,negative,0.03896521342714664
1259667496413650947,negative,0.0010612284658163883
1259667497650962435,neutral,0.5081922987311628
1259667497667756033,negative,0.10615679434842816
1259667500226220035,negative,0.3243428472844861
1259667500272320515,negative,0.06416804600411988
1259667500490534912,negative,0.00023349334345031022
1259667501392318471,negative,0.13489360837228784
1259667501543239680,negative,0.16612915789246807
1259667501983641602,negative,0.21157174877458332
1259667503581667330,negative,0.06425523640667431
1259667503715934208,positive,0.8640692716907965
1259667504013533185,negative,0.03201040794076262
1259667504475049990,negative,0.03908304792404386
1259667505334935553,negative,1.2437802542683136e-06
1259667505880141824,negative,1.2953043172335601e-05
1259667506480009216,negative,0.2747529701017733
1259667507335569408,negative,0.024177892496496014
1259667507419287552,neutral,0.49789225920557484
1259667509071970305,negative,0.014259874811545115
1259667509617229824,negative,0.000668481323829427
1259667510418341896,positive,0.8156456959497707
1259667512406487050,negative,0.048949108167814365
1259667512771428352,neutral,0.4562240016614864
1259667513023045632,negative,1.4903521712777086e-06
1259667516894466049,negative,0.015488261355494394
1259667517615808517,positive,0.8013939228831473
1259667518094020609,negative,0.06416804600411988
1259667518878289921,negative,1.6199327328232081e-09
1259667519100551170,negative,0.0017516680670808752
1259667520417599488,negative,0.16510907912969588
1259667521873096706,negative,0.0014176877554914406
1259667522007240711,negative,0.01679065275093819
1259667522447716352,negative,0.0002818936450635987
1259667522548350978,negative,0.06416804600411988
1259667663544033284,negative,0.07487347629273364
1259667664915611648,negative,0.02717852737764685
1259667665238372352,negative,0.023404270588037637
1259667665431547916,negative,0.06416804600411988
1259667667029540865,negative,0.10615679434842816
1259667667369242625,negative,0.07287291478877311
1259667668375867394,negative,0.0010744294365834875
1259667669025947648,negative,0.27675766278087843
1259667669256736768,negative,1.7623452168380106e-11
1259667669944541184,negative,0.007859899953568223
1259667670326263809,negative,0.06416804600411988
1259667670343077889,negative,0.007571848411168897
1259667673002229763,negative,0.0007274203889194467
1259667673392259073,negative,0.0010025431378403822
1259667677481701378,neutral,0.43113994827855434
1259667679348129794,neutral,0.5720782711619357
1259667679629230081,positive,0.6992158744727272
1259667680367386625,negative,0.0032491186163925295
1259667680501661697,negative,0.0034795368667188305
1259667680908304384,negative,0.03035934002002571
1259667681311105025,negative,0.03566529538133842
1259667682808471552,negative,0.0052346256090343365
1259667682980515844,negative,0.02180581493289601
1259667682993016832,negative,0.0038900755159717937
1259667684054179841,negative,0.01387682643738661
1259667684792446977,negative,0.01387682643738661
1259667685329297409,neutral,0.45566730829515023
1259667685903867909,negative,0.0829543510555653
1259667686054912000,negative,0.0032365278475413
1259667686394597383,positive,0.8950774650462305
1259667687145377793,negative,0.0014167534136876124
1259667687720050689,negative,0.0041858105796429524
1259667688198152192,negative,0.0005827030432568295
1259667690530181127,negative,0.0003205713684134867
1259667690698027008,negative,1.1796986490324198e-12
1259667690937028608,negative,0.0010612284658163883
1259667692094660609,negative,0.00019599846993596356
1259667692451225600,positive,0.9683435456870173
1259667693071826945,negative,0.020626192709026873
1259667693730500608,negative,0.0001278060962741572
1259667694934163457,negative,0.2988859737093672
1259667695030632450,neutral,0.37222935795141343
1259667695223500800,neutral,0.41158345998728546
1259667696561651712,negative,0.038511075290194284
1259667696641282049,negative,0.13952507454351062
1259667697022963717,negative,0.001963359777791891
1259667697064980481,negative,1.4903521712777086e-06
1259667697199185921,negative,0.004603135636959583
1259667698226728960,negative,0.0038900755159717937
1259667700441325575,negative,3.4245111229766865e-06
1259667701007605760,neutral,0.5813635478152814
1259667701888253952,negative,0.008196358878519763
1259667705277399041,negative,0.020884835852648886
1259667705310973953,negative,0.00023289984427522653
1259667705713643520,negative,0.051857556206605426
1259667706179137536,negative,0.058365541628195
1259667706523115520,negative,7.03467653746214e-07
1259667706971852812,negative,0.008849985802884684
1259667708058251265,negative,0.00012663504392526422
1259667708372795393,negative,0.00011052796635518991
1259667708385341440,negative,0.07641636116192349
1259667708389490691,neutral,0.6338424418399996
1259667711694602241,positive,0.9894701060489209
1259667714190323712,positive,0.9758080860581748
1259667714345504770,negative,0.0010025431378403822
1259667714785886209,negative,0.20529710072463478
1259667715964448768,neutral,0.35893054480738384
1259667716346204160,negative,0.01387682643738661
1259667716618715136,negative,0.0010612284658163883
1259667716635602954,negative,0.004819245999702343
1259667717344329728,negative,0.2632048619140555
1259667718514577408,negative,0.011868448824880922
1259667721014456323,negative,0.05073946772185634
1259667721823965186,negative,0.0256577886133005
1259667723229040640,negative,0.0021279045157464416
1259667723484827650,negative,0.0010958325947002896
1259667723581362178,negative,3.4245111229766865e-06
1259667726538362881,negative,0.004088059412465978
1259667728463466498,negative,0.01387682643738661
1259667729885401088,positive,0.9647774107862424
1259667730170593281,negative,0.06988301948945862
1259667730531323908,negative,5.306041522985422e-06
1259667731630166016,negative,0.030401487437344384
1259667732607492096,negative,9.260302689708025e-06
1259667734171996161,negative,0.0021136241018819457
1259667735933583360,negative,0.004673724721106376
1259667736440930305,neutral,0.35447572599109134
1259667737242189824,neutral,0.49789225920557484
1259667737544142851,negative,0.000708350666252822
1259667739905536009,negative,0.04177565886224997
1259667741218344960,negative,0.011175369368598734
1259667741230989312,negative,0.0010612284658163883
1259667742795411462,negative,0.07641636116192349
1259667743378456577,negative,0.19044257264177342
1259667744280195075,negative,0.30398973281226777
1259667744779370502,negative,0.001408251045205302
1259667745102278658,negative,0.04394129149496759
1259667745437777925,negative,0.06416804600411988
1259669133236600833,negative,0.0001364369070839752
1259669133685256192,negative,0.020626192709026873
1259669133760901122,negative,0.06416804600411988
1259669138441715720,negative,0.00010399696601720357
1259669138554970113,negative,0.13952507454351062
1259669142665338880,negative,0.1560114960270055
1259669143328034816,negative,0.01786936626694721
1259669144259244032,negative,0.04958463592000833
1259669144712155136,negative,0.008463457822142242
1259669146830344194,negative,0.05308938670886328
1259669147547578372,negative,0.0010744294365834875
1259669149204258818,negative,0.08287671379182243
1259669150525526016,negative,0.04660273405664755
1259669151942979584,neutral,0.41239281395093064
1259669152853352450,negative,0.06416804600411988
1259669153016950786,negative,0.2685571152573295
1259669153797025792,negative,0.13509185177454286
1259669155042623488,negative,0.0014592865350761767
1259669155881631744,negative,0.012839722665714506
1259669157064441856,negative,0.15651386443342344
1259669157404082180,negative,8.239713428646741e-06
1259669157848678401,negative,0.10169909931574406
1259669159929094144,negative,0.19044257264177342
1259669160356835328,negative,0.06416804600411988
1259669161879523328,negative,0.2846100471188143
1259669162248548356,negative,0.017849681318883526
1259669165876695048,neutral,0.49789225920557484
1259669166606487553,negative,0.15181334510918656
1259669166707150849,negative,1.2437802542683136e-06
1259669167940284422,negative,0.036507518603593435
1259669168808431616,negative,0.02053896963518377
1259669169165029381,negative,0.002259757181544405
1259669169651552256,negative,1.899558653311612e-05
1259669170599407616,negative,0.03035934002002571
1259669173615157249,negative,0.30924869966148905
1259669174902718464,negative,0.0006104278093681711
1259669176332869632,negative,0.0003205713684134867
1259669177612337152,negative,0.01387682643738661
1259669178937757697,negative,0.13509185177454286
1259669179327799296,negative,5.294743432455905e-10
1259669180397301761,negative,0.22680885192736264
1259669180690898945,negative,0.006982325317756972
1259669181169090560,negative,5.797887148633167e-08
1259669181877964802,negative,0.06416804600411988
1259669183199170570,negative,0.0829543510555653
1259669183639552000,neutral,0.4489396128164054
1259669183765323780,negative,0.013781428828753396
1259669184163823617,negative,0.0010025431378403822
1259669185443115012,negative,9.612592127572586e-06
1259669186273595393,negative,0.0012346320141581391
1259669186491670531,negative,0.0011301850558557327
1259669186911010819,negative,0.0010612284658163883
1259669187280199682,negative,0.06904640528283326
1259669187426828289,positive,0.9255069934657735
1259669187905179653,negative,0.01527938444680123
1259669190744686594,negative,0.001804575468473385
1259669191407304705,positive,0.7690584817151573
1259669195400327168,negative,0.025468886026515845
1259669196272697344,negative,0.2384078489903245
1259669198302822400,positive,0.8630665773063523
1259669199363899397,negative,1.5576565967285155e-06
1259669199431090176,negative,0.07329646804514393
1259669202358730759,negative,0.0012346320141581391
1259669202673324033,negative,0.06967499314271368
1259669203839102976,negative,0.0006924719251091893
1259669204183252992,negative,0.0012260696508446416
1259669204459896843,negative,0.03908304792404386
1259669204862668803,negative,2.3722019270771704e-06
1259669207161212928,negative,0.02704343099621504
1259669207232454656,positive,0.9004029805726697
1259669207681085441,negative,2.472088825008603e-08
1259669209224708097,negative,0.01799202978058826
1259669325536993282,negative,0.014259874811545115
1259669325662892033,negative,0.04047778288701192
1259669325729980416,negative,0.028734092703149302
1259669326342377473,negative,0.06416804600411988
1259669326426185731,negative,0.00270253129715177
1259669326556168193,negative,0.051927452335742065
1259669326858260481,negative,0.09732075907093395
1259669327399321603,negative,0.028064851067122348
1259669328603099136,negative,4.4684671462839333e-08
1259669329068666883,negative,0.0006111206745680726
1259669329202864133,positive,0.7340755055265329
1259669330616373248,negative,0.00010399696601720357
1259669331354497024,negative,0.011401682628917878
1259669331660673026,negative,0.0010612284658163883
1259669333342642177,neutral,0.43602814208349644
1259669333355175936,negative,0.04792427761998271
1259669335146143744,negative,0.00270253129715177
1259669335699791872,negative,0.06296064182373089
1259669335834058755,negative,0.007767744626736928
1259669337910259712,negative,2.3103012878254934e-11
1259669340825272323,negative,0.13952507454351062
1259669341043376130,negative,0.18000456828044037
1259669341840293888,negative,0.051857556206605426
1259669342544855045,negative,0.0006111206745680726
1259669342549090311,neutral,0.42959275214583037
1259669342876205056,negative,9.935329420313166e-05
1259669343908048897,neutral,0.49789225920557484
1259669344088457216,negative,0.051857556206605426
1259669344927260673,neutral,0.42690686166099573
1259669345229246469,negative,0.32319375420036894
1259669346558914560,neutral,0.5287874960061721
1259669349922672641,neutral,0.4471030888104273
1259669350740643840,negative,3.4001395303033683e-07
1259669351327830016,positive,0.9004029805726697
1259669352716140546,negative,7.769476031913711e-05
1259669353651417095,neutral,0.3356251695384362
1259669354007928832,negative,0.16510907912969588
1259669354326773763,negative,5.42716103437409e-10
1259669354813194242,negative,0.24085167871020705
1259669354842447872,negative,0.1050887782984423
1259669356075778053,negative,0.118268687329635
1259669358462238734,negative,0.06618077687655206
1259669359464759306,neutral,0.4737554465528978
1259669361947750401,negative,1.6201332126509467e-06
1259669364766318597,negative,0.0003273005473913721
1259669366234210304,negative,0.08567010277164819
1259669367597432837,negative,0.002259757181544405
1259669369896013824,negative,0.00010183277853465121
1259669371561091078,negative,0.025502550283771006
1259669372068605954,negative,0.02940513253590515
1259669373083664385,negative,0.00257193255654754
1259669376757792768,negative,0.019174246442119517
1259669380285243393,negative,0.028734092703149302
1259669380725649410,negative,0.0829543510555653
1259669380985769985,negative,0.0004785702706527768
1259669381329674243,negative,0.0010899692269339906
1259669381711384580,negative,0.0014200968939690804
1259669383032553473,positive,0.8640612012279534
1259669384764764162,negative,1.972100581495695e-07
1259669387801513985,negative,0.029460567972652767
1259669388569051142,negative,0.0006412606839871961
1259669389332414469,negative,0.00032080140564151653
1259669389344944130,negative,0.0006799110430806721
1259669389655277568,negative,0.0034795368667188305
1259669389667897350,negative,6.580774872735524e-05
1259669392251654147,negative,0.004919977244422378
1259669392352333824,negative,1.2437802542683136e-06
1259669392805244932,negative,1.9927635044715729e-07
1259669393182769152,negative,0.0002599255841157035
1259669393853775873,negative,0.2799088137091087
1259669393967104006,negative,0.028370083458077983
1259669394441097216,positive,0.850056030844946
1259669395401572353,negative,0.01387682643738661
1259669516293980160,negative,0.054046085219478596
1259669517006966787,negative,3.2805959457065136e-05
1259669518214991873,negative,0.2799088137091087
1259669518647021570,negative,0.13734033137311283
1259669519456501761,negative,0.03622843233281269
1259669519519363079,negative,0.0002664492205045387
1259669519728959488,negative,0.06416804600411988
1259669522887389185,negative,0.011346795706893863
1259669524112011264,negative,8.167534644932672e-07
1259669524888027136,negative,0.0034795368667188305
1259669525529755648,negative,5.302134634293506e-06
1259669525601177603,negative,0.2384078489903245
1259669525605335042,negative,0.09958489516954303
1259669526498738178,negative,0.004673724721106376
1259669527106850822,negative,0.07287291478877311
1259669529342414848,negative,0.24766989290172758
1259669529485074432,negative,0.0010025431378403822
1259669529598312449,negative,0.0027426170837283994
1259669529652797446,negative,0.009384840213681269
1259669530630066176,neutral,0.6276139668479627
1259669530714034182,positive,0.850056030844946
1259669531728818177,neutral,0.4507454498615163
1259669532886487041,negative,0.3282419999848567
1259669535134793737,negative,3.4245111229766865e-06
1259669535822622731,negative,1.2437802542683136e-06
1259669538850902018,negative,8.071665274291352e-05
1259669538926292992,negative,0.0013806809839355466
1259669540079726592,neutral,0.47773211781174707
1259669542642556931,negative,0.23713508464825322
1259669542701117441,positive,0.9227289435180078
1259669543586271232,positive,0.7452577297246382
1259669543649193984,negative,1.7684436207541573e-05
1259669543733035008,negative,0.1474283526534481
1259669545582825472,negative,0.19044257264177342
1259669545842806790,negative,0.017815626718570798
1259669546144858112,negative,0.01786936626694721
1259669549324083200,negative,0.16778160508579706
1259669550297161729,negative,5.052713222947319e-07
1259669552184602625,negative,0.06399361664219883
1259669552398585856,negative,0.0003205713684134867
1259669554424414208,negative,0.031021545406021762
1259669554529275906,negative,0.23812429446679598
1259669555233898496,negative,0.15720289665506715
1259669555351339014,negative,0.20468230524578387
1259669555393163265,negative,8.782497186870998e-05
1259669555485401088,negative,1.9246269870974822e-08
1259669555502333955,neutral,0.4133068252273507
1259669555569479680,negative,0.00022409985718818153
1259669555686719488,negative,0.23639667164009084
1259669555724476418,negative,0.23568651887278078
1259669555728662531,negative,0.03995522736944528
1259669555808309248,negative,0.05860268692412705
1259669556039213059,negative,0.0019310459417189107
1259669556873834502,negative,0.13306999012077053
1259669557427556357,negative,7.279439221391795e-06
1259669559038169091,negative,0.0007700866387042022
1259669561042972675,negative,0.13509185177454286
1259669561353347074,negative,0.2747529701017733
1259669563551203331,negative,0.07037677116519346
1259669564817842182,negative,0.009474462127447342
1259669565618950145,negative,0.2799088137091087
1259669565925138434,neutral,0.4443570732654494
1259669566663397376,negative,4.887014854202853e-05
1259669567829348359,neutral,0.43559448057623096
1259669570052374534,neutral,0.37222935795141343
1259669570102714370,negative,0.275099421483921
1259669570148880385,negative,0.31459958942825256
1259669570262126592,negative,0.051857556206605426
1259669570828357632,negative,0.11684048033274894
1259669571516145665,negative,5.515964372893647e-06
1259669573214887946,neutral,0.33171726678303914
1259669573697224705,neutral,0.3803023715524985
1259669574053769216,negative,0.00011664566216798863
1259669575198748672,negative,0.0010612284658163883
1259669576914292737,neutral,0.5813635478152814
1259669577031577600,negative,1.4881420681626588e-06
1259669577031716864,negative,0.00411440699161136
1259669577237176321,negative,0.26044667940238647
1259669579703468034,negative,2.2471447624025905e-10
1259669580055605248,negative,0.00032220464060991194
1259669580588503045,negative,6.472259304188122e-07
1259669580848533509,neutral,0.6052260367986388
1259669583243481088,negative,0.011401682628917878
1259669583956508677,negative,0.00270253129715177
1259669583998353408,negative,0.049359302795426406
1259669584472412160,negative,0.0004074869008590737
1259669588440203264,negative,0.00010399696601720357
1259669700566491137,negative,0.003252448433370023
1259669701103423488,negative,0.004885647140996616
1259669701266997249,negative,0.0020313417116949403
1259669701430439936,negative,0.0001461547260713464
1259669702160330753,negative,0.27675766278087843
1259669702856622082,negative,0.0003205713684134867
1259669703636717580,negative,0.0006412606839871961
1259669703699685389,negative,0.0005258057987574369
1259669703758360576,negative,4.711069770674663e-05
1259669704957886465,negative,0.0003205713684134867
1259669705700319235,negative,1.4774917338425829e-05
1259669707994525696,negative,0.0006111206745680726
1259669708581875715,negative,0.00047922319392820604
1259669710653861896,neutral,0.4925319814792465
1259669711253573633,neutral,0.4471030888104273
1259669712692264961,negative,3.4245111229766865e-06
1259669713560494081,negative,0.10169909931574406
1259669714885849089,neutral,0.34151172553282044
1259669715775041543,negative,0.001963359777791891
1259669716680966150,negative,0.022452992773350312
1259669716865388544,negative,0.00019547164809635456
1259669719751299072,negative,0.09227466344925853
1259669719965196290,negative,7.611320671532726e-05
1259669720690720768,negative,0.00010399696601720357
1259669721395400706,neutral,0.39378002468186957
1259669722712416261,negative,0.13509185177454286
1259669722821529605,negative,0.00010399696601720357
1259669724096536586,negative,5.123122187581518e-05
1259669725166088194,negative,2.3578474758291645e-08
1259669725677682688,negative,3.935847512135698e-09
1259669727342923778,negative,3.4245111229766865e-06
1259669727523278848,negative,0.14354726610285415
1259669728605372416,negative,0.0010025431378403822
1259669730564202496,negative,0.06499879697664271
1259669730924933121,neutral,0.43559448057623096
1259669734485876737,neutral,0.49789225920557484
1259669734703853568,negative,0.11920478565032387
1259669734712389632,negative,0.0014167534136876124
1259669736385699840,negative,0.004965312154399545
1259669736402624513,negative,3.4245111229766865e-06
1259669736465608706,negative,0.02053896963518377
1259669736482320385,negative,0.15765716900304946
1259669736528453633,negative,0.00013589799023408096
1259669736675303438,negative,0.06416804600411988
1259669737438695424,negative,0.2509198610727579
1259669738227003392,negative,0.13509185177454286
1259669739472904192,negative,0.08734888482795726
1259669740202713090,negative,0.0010612284658163883
1259669741263872000,negative,0.13952507454351062
1259669746389221376,negative,3.7929681081191267e-07
1259669750080245760,negative,0.008875624359610836
1259669751032418307,negative,6.298450065292773e-05
1259669751741198337,negative,0.00013793678948100448
1259669754035437568,negative,0.07117244394497
1259669754706567174,positive,0.9999000592596056
1259669755121803264,negative,0.00010399696601720357
1259669755331559424,negative,0.2747529701017733
1259669756061396992,negative,1.5393514592407365e-05
1259669756145254402,negative,0.0004446712732336448
1259669756539518976,negative,0.09052063401966887
1259669756707254277,negative,7.17200660321783e-06
1259669757814542338,negative,0.019174246442119517
1259669758355615745,negative,0.011006344036709739
1259669758489890822,negative,0.036317600908513735
1259669760310235137,negative,0.08150107297504096
1259669761107136512,negative,2.144927197843788e-06
1259669761832747017,negative,7.279439221391795e-06
1259669763514458113,neutral,0.45195638570031804
1259669764064116736,negative,0.12017671216608576
1259669765674733570,negative,1.0954079550804913e-07
1259669765812961280,negative,0.020626192709026873
1259669766614196224,negative,0.3029968537174699
1259669766702198784,negative,0.03687029720667786
1259669767180484609,negative,0.00011594068940910565
1259669767302021120,negative,0.011020076906662098
1259669768992247808,negative,0.020626192709026873
1259669769848045571,negative,0.0005443270811328236
1259669770380738561,negative,0.00270253129715177
1259669772762898439,negative,0.04417197360848566
1259669773111230464,negative,0.004272814058472199
1259669774977716224,negative,0.00270253129715177
1259669775162265601,negative,1.0453481485985389e-07
1259669776026284033,neutral,0.4507454498615163
1259669777276121097,negative,1.4903521712777086e-06
1259669778429509632,negative,0.00270253129715177
1259669779373338630,negative,0.04417197360848566
1259669779696300033,negative,0.1375556330165261
1259669890144894978,negative,0.0010744294365834875
1259669890182664198,negative,0.0010352356612828688
1259669891478695936,negative,0.016309179733344694
1259669892183269379,negative,2.059254131301672e-05
1259669892363673600,neutral,0.33700431186214697
1259669894796320768,negative,0.0849714063318424
1259669895337385984,negative,0.0072717769338341625
1259669896234962948,negative,0.24085167871020705
1259669898105507840,negative,0.0010612284658163883
1259669898537639943,negative,0.011175369368598734
1259669898697084929,negative,0.06499879697664271
1259669899686875138,negative,0.00023349334345031022
1259669901024862210,negative,0.011768487509280195
1259669902308278274,negative,0.0010612284658163883
1259669904220921856,neutral,0.47592669341934823
1259669904300498950,negative,0.05347709739532607
1259669906469064705,neutral,0.3761114219698652
1259669906980605953,negative,0.20142868994027907
1259669907077136385,negative,0.0010612284658163883
1259669907295342592,negative,0.026521955721204003
1259669907559665671,negative,0.00012695762075386752
1259669908465561602,negative,0.030401487437344384
1259669912328568835,negative,0.2372444821905852
1259669914270523392,negative,6.495708464372997e-06
1259669914677325824,negative,0.0003205713684134867
1259669915038081025,negative,6.181194003388354e-11
1259669915314917377,negative,0.0010025431378403822
1259669915637702656,negative,0.05314118972763978
1259669918544474112,negative,0.01859048924671623
1259669919014301696,positive,0.986343574524559
1259669919349776386,negative,0.13509185177454286
1259669919509221381,negative,0.0014763084790457052
1259669919521783809,negative,0.04955777807806788
1259669920566181888,negative,0.04929736430018786
1259669921052704769,negative,0.006426382035482706
1259669922688520192,neutral,0.5720782711619357
1259669923762225152,negative,0.007154857249791403
1259669924433272833,negative,0.07616008636436562
1259669925381255169,negative,0.04417197360848566
1259669926547271681,negative,0.00246811170688935
1259669928216494086,negative,0.13952507454351062
1259669929932062721,negative,0.21157174877458332
1259669930925895680,negative,0.008849985802884684
1259669931144118272,negative,0.06499879697664271
1259669931957895169,negative,0.06633437152878846
1259669932083642368,neutral,0.49789225920557484
1259669933580931072,negative,0.00026147175995798585
1259669939029291008,negative,0.00026068154889541444
1259669939230855169,negative,0.10982957771331091
1259669940589690880,negative,0.037742962570585764
1259669940698779648,neutral,0.390163833039234
1259669943383216129,negative,0.0023571670288430346
1259669943668400131,negative,0.051857556206605426
1259669943710334976,negative,0.014287200557629682
1259669943915892736,negative,0.03921139187530509
1259669944091979776,negative,0.0010612284658163883
1259669945274839040,negative,8.071665274291352e-05
1259669948206587905,positive,0.7005749727706826
1259669949565612032,negative,0.06633437152878846
1259669949712384001,negative,0.00270253129715177
1259669950039539713,negative,7.621276526816672e-05
1259669950563786757,negative,0.0004446712732336448
1259669951415271426,negative,0.07577825479087905
1259669951897624589,negative,0.000962362975768135
1259669951985713157,negative,0.1560114960270055
1259669952635850757,negative,0.0006412606839871961
1259669953206050816,negative,0.06416804600411988
1259669953508265984,negative,7.224494655542474e-07
1259669954095468544,negative,2.559534304234813e-06
1259669954900692993,negative,0.005553367168882938
1259669957136117760,negative,7.409408574537659e-06
1259669960521068545,negative,0.007268428565594022
1259669961922002946,negative,0.04643409597102738
1259669962752438283,neutral,0.36632842708347474
1259669964451127296,negative,0.0010162202066912407
1259669964664995843,negative,0.0010025431378403822
1259669965843685376,negative,0.005553367168882938
1259669966946799619,negative,0.0029025738029381473
1259669967445909505,negative,0.0685188930866256
1259670080444682246,negative,0.013994802818286878
1259670080465616896,neutral,0.49789225920557484
1259670081015070725,negative,0.0010744294365834875
1259670081023479814,negative,3.4245111229766865e-06
1259670081686077441,negative,0.01497982752347152
1259670081719730176,negative,0.031218147639591663
1259670081753268227,negative,1.4903521712777086e-06
1259670083649093634,negative,8.239713428646741e-06
1259670086635401216,negative,0.004673724721106376
1259670087306555393,negative,0.03921139187530509
1259670087751151617,negative,0.03622843233281269
1259670088116056065,negative,0.010545979321935411
1259670088384303104,negative,0.1631983918452496
1259670091253383168,negative,0.009221779229987405
1259670092129931270,neutral,0.5611176771375936
1259670092545220608,negative,0.07641636116192349
1259670093157588999,neutral,0.5720782711619357
1259670094290006018,negative,0.00015988314137652568
1259670096261402626,neutral,0.3761114219698652
1259670096391426048,negative,2.2703240716952e-06
1259670097444188161,neutral,0.43602814208349644
1259670098001965056,negative,0.00011594068940910565
1259670100589846530,negative,0.04417197360848566
1259670102087270400,negative,0.016212957163814896
1259670103286861824,negative,0.0014850336967636496
1259670103471390722,negative,0.1361522056698845
1259670104108924932,positive,0.6889311460191597
1259670104293376001,negative,0.004673724721106376
1259670104301846529,negative,0.09711271766391612
1259670105350443008,negative,0.00030289724342032475
1259670105971200001,negative,0.10147983717393849
1259670110366765057,negative,0.06399361664219883
1259670112170389511,negative,0.0009042743362980221
1259670112254263297,negative,6.495708464372997e-06
1259670112723845120,negative,7.073336015337796e-05
1259670115727093760,negative,2.2498385392626097e-05
1259670117895540736,negative,1.972100581495695e-07
1259670120999288833,negative,0.04047778288701192
1259670121037078529,negative,0.03035934002002571
1259670122299633666,negative,4.887014854202853e-05
1259670124451098624,negative,0.011006344036709739
1259670124602286082,neutral,0.49597339068157503
1259670124832993280,negative,2.426955400007758e-05
1259670126099607553,negative,1.2437802542683136e-06
1259670129593507841,negative,0.02473913915190985
1259670129887121409,negative,0.051857556206605426
1259670129954230272,negative,0.06699662399007125
1259670130411388928,negative,0.0010025431378403822
1259670130554003457,negative,0.013551141787448684
1259670130578960385,positive,0.6668505212994459
1259670132068147201,negative,0.011125998697452824
1259670133150228488,negative,0.000853750684691433
1259670134714761217,negative,0.000890647153017998
1259670135436193793,negative,0.00019547164809635456
1259670135817801734,negative,0.008342351342873514
1259670136061116416,negative,0.0027524262647883333
1259670136174317568,neutral,0.3784599078490874
1259670136778371072,negative,7.817040638682869e-07
1259670146383298561,negative,0.06416804600411988
1259670150715977729,negative,0.22680885192736264
1259670152347557889,negative,2.815679774913439e-09
1259670152506990593,negative,4.887014854202853e-05
1259670152741883905,neutral,0.36979526280206465
1259670155065516040,negative,0.00036023820725277926
1259670156416090112,negative,0.008849985802884684
1259670156990656516,neutral,0.43602814208349644
1259670157481345025,negative,8.286441915696123e-05
1259670158416674817,negative,0.0009675108558283033
1259670269138014209,negative,0.007852492512226503
1259670269364445185,negative,0.0010025431378403822
1259670269704253443,negative,0.00016750601968539315
1259670269846839296,negative,5.302134634293506e-06
1259670271230914560,negative,9.437692550298111e-06
1259670273537736704,negative,0.1835194995369129
1259670273676259328,negative,0.04648700221054989
1259670274225713152,negative,0.0010667036740943507
1259670275018436609,neutral,0.3761114219698652
1259670276293435392,negative,0.002119427076255213
1259670276972908544,negative,0.0004566370578179404
1259670278868815872,negative,0.0010612284658163883
1259670279443361793,negative,0.041667011511472875
1259670280747708423,negative,0.06967499314271368
1259670282731696130,negative,0.2815290217298984
1259670282891075584,neutral,0.4545729117725756
1259670283650244617,negative,0.0011301850558557327
1259670284812144640,neutral,0.4335435194446659
1259670284900208640,negative,0.0002966902484516087
1259670287580368901,negative,0.15720289665506715
1259670290356940800,negative,0.14726701927137387
1259670290365403136,negative,0.09769210163255303
1259670290944143361,negative,0.04955777807806788
1259670291854262279,negative,0.0002599255841157035
1259670291975933952,neutral,0.37874993579954885
1259670292126932997,negative,0.0010612284658163883
1259670292378550272,negative,0.00106489945304463
1259670292642873346,neutral,0.5287874960061721
1259670294056361987,negative,0.0002459696229138794
1259670294320549898,negative,0.08829214666398218
1259670294337372165,neutral,0.3489750659882322
1259670295742484481,negative,0.05175721697550074
1259670296379842560,negative,0.0010025431378403822
1259670297952862213,negative,0.11139095036211764
1259670298498150401,negative,0.21915389770152305
1259670301916479494,negative,0.005554248168238517
1259670301983440896,positive,0.9698633154652188
1259670303841624065,negative,0.12995413526225802
1259670304282075137,negative,0.000924865003986267
1259670309118054400,negative,0.0010025431378403822
1259670309399080960,neutral,0.42310245513114186
1259670309453598720,neutral,0.4737554465528978
1259670310309310464,negative,0.01145163698186278
1259670312452608000,negative,0.05748578419900991
1259670312536412160,negative,0.007154857249791403
1259670313681518597,negative,0.2685571152573295
1259670314126127105,negative,3.5995403693056284e-06
1259670315724009473,negative,0.03727656168708604
1259670316483252225,negative,0.00270253129715177
1259670316667863043,negative,0.17887360913772304
1259670317519310854,neutral,0.6386239619640279
1259670318676770817,negative,0.16510907912969588
1259670318895042561,negative,3.329808309521896e-14
1259670320182628355,negative,0.09350130181964832
1259670320270774285,negative,0.051857556206605426
1259670322350972928,negative,0.14589070216445627
1259670324888690694,positive,0.9004029805726697
1259670325383610369,negative,0.08237717160482588
1259670326440574976,negative,0.09130636050496427
1259670326901866498,negative,2.9011467852888927e-06
1259670326998437890,negative,0.2801764394338211
1259670327363284992,negative,0.014392146237106896
1259670329594691586,negative,0.0030479297586936617
1259670329816948737,negative,1.4903521712777086e-06
1259670334313246727,negative,1.1247639040889374e-08
1259670334417985536,negative,0.14952458832494642
1259670334879531009,negative,0.0007408793992613953
1259670334921474051,negative,0.005042460529389207
1259670335114424320,negative,0.01379793556672461
1259670335458140164,negative,0.13952507454351062
1259670335487696896,negative,0.016966262639556837
1259670336032866317,negative,0.00011594068940910565
1259670336532099072,negative,0.005646489337979532
1259670336943030272,negative,0.1352306753493191
1259670337073053697,negative,0.048465230973388854
1259670340546039820,negative,1.4740724135466378e-09
1259670342823563264,negative,0.0010025431378403822
1259670449660796928,positive,0.9999961132222599
1259670451363643396,negative,0.009384840213681269
1259670452982689794,negative,0.005543655301606048
1259670453368610816,negative,0.0001737786565755729
1259670453964152832,negative,0.01387682643738661
1259670457273339904,negative,0.03595911646999038
1259670457558675461,neutral,0.49789225920557484
1259670458116575232,negative,0.019190626529757154
1259670459483914241,negative,0.000827438658049414
1259670461711081478,negative,0.0012346320141581391
1259670463070056454,neutral,0.5553138634541599
1259670464089260032,negative,0.014287200557629682
1259670464252841984,negative,0.1974437435279174
1259670464303181824,negative,0.02581788017258826
1259670465229942784,negative,0.1420294680399179
1259670465808945152,negative,0.00030289724342032475
1259670466492538880,negative,0.0005027411277270853
1259670466647687168,negative,0.19044257264177342
1259670466886844417,negative,1.2953043172335601e-05
1259670469399252992,negative,0.0003885913170298658
1259670471030824960,negative,0.0010025431378403822
1259670471919808512,negative,0.22981738495754075
1259670472121352195,positive,0.8585332392215593
1259670472154853379,negative,0.0006111206745680726
1259670472888901632,negative,0.0065204749752564
1259670474059063296,neutral,0.33677065988963156
1259670474881224706,neutral,0.43113994827855434
1259670475002777600,neutral,0.630365282918045
1259670475329937415,negative,0.07201229037896263
1259670477964017672,negative,0.001532061865091755
1259670478521761795,negative,0.06416804600411988
1259670478773460996,negative,0.0010612284658163883
1259670478802870273,negative,0.01493593501463007
1259670480325357568,negative,0.06499879697664271
1259670481537503234,negative,0.0052346256090343365
1259670481545965568,negative,0.016107046908463065
1259670482963619841,negative,0.007118468254786372
1259670485215916032,negative,0.07201229037896263
1259670485627002881,negative,0.0316136750219743
1259670490203017218,negative,0.0010612284658163883
1259670490467258370,negative,0.0010612284658163883
1259670492069236737,negative,0.11567537211809398
1259670492354621440,neutral,0.5062237850468635
1259670492459552768,negative,1.3400325852174042e-09
1259670493935910913,neutral,0.6172383477481156
1259670494267281408,negative,0.03497456422817877
1259670494388903943,neutral,0.3743928453417084
1259670496209231877,negative,0.0006711406132187211
1259670497907871745,negative,1.0950790969182387e-11
1259670498809503745,neutral,0.603828000873519
1259670499292045312,negative,2.60596357985136e-05
1259670502110625792,negative,0.0001319275651388027
1259670502903349250,negative,1.3400325852174042e-09
1259670503725445122,negative,0.013936506707954542
1259670503826042886,negative,1.2437802542683136e-06
1259670504115494912,neutral,0.49789225920557484
1259670506296479746,negative,0.0021076015825484294
1259670507164762112,negative,0.014135200298995159
1259670507504504838,negative,3.4245111229766865e-06
1259670507571552258,negative,0.02624449693943692
1259670509115015168,negative,0.0012346320141581391
1259670509597478912,negative,0.08591561864960427
1259670510704697346,negative,5.485667699658339e-05
1259670511900123137,negative,0.05628323348160865
1259670513133256704,positive,0.7781443882599945
1259670513825255424,negative,0.00010399696601720357
1259670515058384896,neutral,0.5813635478152814
1259670515574280194,negative,0.16551724055211098
1259670516761272320,negative,0.01387682643738661
1259670517453402114,neutral,0.5062237850468635
1259670518623612929,negative,0.00012645958228560942
1259670519114354688,negative,0.003810295034465994
1259670520297127939,negative,1.2437802542683136e-06
1259670524684271616,negative,0.00270253129715177
1259670526215229441,negative,0.0788691756602244
1259670527687434241,positive,0.9987017063530733
1259670529742647298,negative,0.000827438658049414
1259670529944031233,negative,1.2437802542683136e-06
1259670530896138240,negative,0.00578336188369018
1259670531592392705,negative,0.01387682643738661
1259670646646280192,negative,0.10048287094573818
1259670647938199552,negative,0.0001393814701984267
1259670651654324224,negative,0.00982493263067342
1259670652338024455,negative,0.0014176877554914406
1259670652455399425,negative,0.252875047022352
1259670653835317248,negative,4.344078837409747e-05
1259670653961211909,negative,0.03035934002002571
1259670654762258438,negative,0.00112971277633532
1259670656200970241,negative,0.02771046601551483
1259670657211797504,negative,0.004887123888223797
1259670657404751872,negative,0.3185797866132035
1259670658092498944,negative,0.00030289724342032475
1259670658704867328,negative,2.4290716092510847e-06
1259670660072210433,negative,0.15463772972545745
1259670661708025858,negative,0.14589070216445627
1259670662593089538,neutral,0.6172383477481156
1259670663054462977,negative,0.11652362384232054
1259670664300105728,negative,0.023588052200744367
1259670665134817281,negative,1.1557502249158212e-11
1259670665218723840,positive,0.9808505777140265
1259670667118678016,negative,0.03862420018433853
1259670668104384513,negative,0.10181423373697127
1259670668272193536,negative,0.0009167272418817465
1259670669178163202,negative,0.0006774616078114513
1259670669270216705,negative,0.09769210163255303
1259670669475880961,negative,0.00030293131367641074
1259670670935556096,negative,1.2437802542683136e-06
1259670671690432514,negative,0.15401639358722968
1259670672319680515,neutral,0.49789225920557484
1259670672676130816,negative,0.03035934002002571
1259670673917710339,negative,0.003897338896992929
1259670674098073600,negative,0.0014082538659986586
1259670674978885633,negative,0.09337570679500459
1259670675842891779,negative,0.0019839470801590125
1259670676895662082,neutral,0.5720782711619357
1259670677411508257,positive,0.8640692716907965
1259670677575159809,negative,0.0002542038866391675
1259670678900559872,negative,1.2953043172335601e-05
1259670681035378694,negative,0.15401639358722968
1259670681458966531,negative,0.03908930113231598
1259670682234953728,neutral,0.36715514235378993
1259670682700480512,negative,0.3065451580470331
1259670683019358208,negative,0.052259440366861566
1259670684403331072,negative,0.19044257264177342
1259670684776697863,negative,0.03844204225661441
1259670685342990336,negative,0.0034795368667188305
1259670685741387781,negative,0.00024456224110677385
1259670686135726080,negative,0.08670672960382693
1259670686731317248,neutral,0.3403391890910929
1259670687335186432,negative,0.0034795368667188305
1259670688098484225,negative,0.0010744294365834875
1259670688253779973,negative,0.00016252715224795788
1259670688455176195,negative,0.03795687702578386
1259670688677363718,negative,0.04660968312768957
1259670689054851073,negative,0.05340594423876981
1259670689512071172,negative,0.27510829033047773
1259670689860194304,neutral,0.3316351583940212
1259670691307282439,negative,2.6822038423251063e-05
1259670691747635200,negative,0.15401639358722968
1259670691789410307,negative,0.0010025431378403822
1259670692116791311,negative,0.016107046908463065
1259670697950851072,negative,0.05792354004347871
1259670697988636672,neutral,0.43235718257521033
1259670698114650113,negative,0.1550015162258276
1259670698257117184,negative,0.05792354004347871
1259670699003621376,neutral,0.5623948102516201
1259670699104514051,negative,0.00015777065230161103
1259670699393708032,negative,0.05792354004347871
1259670699469307904,positive,0.9004029805726697
1259670700203274241,negative,0.29421650888984446
1259670700501004288,negative,0.07385228553693267
1259670700580839425,negative,0.01379793556672461
1259670700899610624,negative,0.11652063098476353
1259670702401208323,negative,6.580774872735524e-05
1259670703919509504,negative,0.05175721697550074
1259670704347373571,negative,0.01786936626694721
1259670705349763072,negative,0.06416804600411988
1259670705853157376,negative,0.01387682643738661
1259670706108772352,neutral,0.36715514235378993
1259670706922704896,negative,0.0006332977458431614
1259670708319223811,neutral,0.3855191343188022
1259670708445118464,negative,0.06967499314271368
1259670710433091585,negative,0.0022423406163435506
1259670710823288834,negative,0.00020762143228510876
1259670712886988800,negative,0.00016766914575193183
1259670713029611521,negative,0.0010025431378403822
1259670714015256577,negative,0.03497456422817877
1259670716049489926,negative,0.0010612284658163883
1259670716385017858,negative,0.019207605628954315
1259670717177757699,negative,0.013994802818286878
1259670718670712832,negative,0.00036016179155413605
1259670718800855043,negative,0.00012197976757398485
1259670720969400322,negative,0.08068237065504788
1259670834190442496,negative,4.887014854202853e-05
1259670834639241218,negative,0.0003205713684134867
1259670837675819008,negative,0.024177892496496014
1259670837952741381,neutral,0.6168748870983614
1259670839815012354,positive,0.9988194255411067
1259670840188309504,negative,0.001679466304803674
1259670840582561797,negative,0.04417197360848566
1259670843308871680,negative,0.01714741657561734
1259670844634210305,negative,0.004397394520557205
1259670845921783808,negative,0.04417197360848566
1259670848027287552,negative,0.1851337225879377
1259670849830957063,negative,0.00263594710291896
1259670853249314817,negative,0.0023747894386374063
1259670853312229377,negative,0.004397394520557205
1259670854008483848,negative,3.4245111229766865e-06
1259670854352297984,negative,0.0025886055853103673
1259670854499254273,negative,0.09497895696336618
1259670855564644353,negative,3.758582083760192e-10
1259670855908499466,negative,0.2318446773279269
1259670857766535169,negative,0.0002289016784684519
1259670861054971905,negative,2.426955400007758e-05
1259670861709299717,negative,0.02852914019126229
1259670862246051841,negative,0.13306999012077053
1259670862405480449,negative,0.0020313417116949403
1259670863126855680,negative,0.1050887782984423
1259670864049721347,neutral,0.39950700717421966
1259670864825630721,positive,0.685206561230736
1259670865383510018,neutral,0.4761326000948011
1259670865660325889,negative,0.0005926477867029312
1259670866650112001,negative,0.05857814310421885
1259670867031793665,negative,0.023180446045096097
1259670867468001283,negative,0.0025802900276122617
1259670867866292224,negative,0.013994802818286878
1259670868294336514,negative,7.279439221391795e-06
1259670868600520705,negative,0.0010612284658163883
1259670869397422081,negative,0.006452977190063294
1259670870903136258,neutral,0.4471030888104273
1259670872924831744,negative,0.09571646073209697
1259670874082258944,negative,0.04446128432158741
1259670876104069120,negative,0.13509185177454286
1259670876942983179,negative,0.05540611498439196
1259670877169496065,negative,0.005299738098627655
1259670880503967745,negative,0.007093330303219012
1259670881338642433,negative,0.014089132231345614
1259670882055794695,negative,0.0003415027109467323
1259670882345238528,negative,0.0002982043254374922
1259670884890996737,negative,0.00015435636511022886
1259670885876850688,negative,0.0021347084271138065
1259670886640226305,negative,0.03908930113231598
1259670886677770240,negative,8.286441915696123e-05
1259670887701155840,negative,0.056781520731508266
1259670888603168768,negative,0.11106780536788115
1259670888812773377,neutral,0.5287874960061721
1259670888976388096,negative,0.01387682643738661
1259670891560140803,negative,0.16551724055211098
1259670892952633351,neutral,0.43559448057623096
1259670893275615239,negative,4.45091704234735e-07
1259670893523095553,negative,0.0006111206745680726
1259670897662853121,negative,0.016966262639556837
1259670897826414593,negative,0.1642561222904103
1259670897994149888,neutral,0.5553138634541599
1259670899147411456,negative,0.12812004641104882
1259670899965538306,negative,6.990370614445524e-05
1259670900745609216,negative,0.0022423406163435506
1259670900904992768,positive,0.9996220041064104
1259670901102084098,negative,0.09891779951245976
1259670902150533120,negative,0.0003205713684134867
1259670902318534656,negative,9.907181303026273e-07
1259670904289628160,negative,0.13952507454351062
1259670906248577025,negative,0.0034795368667188305
1259670906923819010,negative,0.023720444489465406
1259670907183943687,negative,0.003656256733375488
1259670907926216710,neutral,0.6367967167169607
1259670909536866306,positive,0.958059470957875
1259670909704704002,negative,7.292931017799763e-05
1259670911155920897,negative,1.2437802542683136e-06
1259671032857800704,negative,0.003429625081667563
1259671033939927040,positive,0.9321786999980859
1259671034778857473,negative,0.24565670057792363
1259671035231776769,negative,0.30801975201235127
1259671035919634432,negative,0.015474691242842287
1259671036498530305,negative,0.03451307134425124
1259671036787900421,positive,0.7682351483789391
1259671037618335744,negative,0.15616674025479785
1259671037903544320,negative,0.08567010277164819
1259671038373363718,negative,0.06416804600411988
1259671039220514819,negative,0.0010612284658163883
1259671039434522628,neutral,0.43602814208349644
1259671039677804544,negative,0.0006393686806519932
1259671041061859330,negative,0.03134138164818632
1259671041665839110,negative,0.13925973027988922
1259671047185596416,negative,0.07201229037896263
1259671047512743937,negative,0.29166091889493834
1259671048573894656,negative,0.19310780101344888
1259671048582201344,negative,0.08734888482795726
1259671048586432513,negative,0.0003888668324738801
1259671048863318016,negative,0.00011594068940910565
1259671050427695105,negative,0.014475880636484582
1259671050570342401,negative,0.015264330695097144
1259671051526692871,negative,1.9654626310500958e-05
1259671051992272903,negative,3.4245111229766865e-06
1259671054454317056,negative,0.000636433149042532
1259671056782184449,negative,0.0019839470801590125
1259671057012842500,negative,0.1321648736380285
1259671057402925056,neutral,0.36715514235378993
1259671060619898883,negative,0.11649183111963693
1259671065128833025,positive,0.9577758936062112
1259671065527291908,positive,0.8724529280201782
1259671068337483784,negative,0.02771046601551483
1259671069054681095,negative,0.0014763084790457052
1259671069830627328,negative,0.00010178932646925713
1259671069994205184,neutral,0.47123849016516073
1259671071759966214,negative,1.2953043172335601e-05
1259671072607105024,negative,0.046520526415719986
1259671073953648641,negative,4.461289562633572e-05
1259671074553229315,negative,0.07892663505331017
1259671074742075392,negative,3.4245111229766865e-06
1259671075622916098,negative,0.23568651887278078
1259671077623672833,negative,0.035638396855070475
1259671078663667718,negative,0.03663658758830513
1259671079255072768,negative,0.002483383502869465
1259671080308006914,negative,0.0003702332020538898
1259671081272688642,negative,0.0010612284658163883
1259671081855488006,negative,0.06652853446939493
1259671081977294848,neutral,0.47592669341934823
1259671082526793734,negative,0.003429625081667563
1259671082619019266,negative,0.004397394520557205
1259671082702946304,negative,1.2437802542683136e-06
1259671083269177346,negative,0.17862391983000614
1259671083927691265,negative,0.19310780101344888
1259671084519108609,negative,9.907181303026273e-07
1259671084569411584,negative,0.007017995203930283
1259671086653939712,negative,0.05565702983517495
1259671086666563586,negative,8.390634452186193e-09
1259671086695944195,negative,1.2437802542683136e-06
1259671087450689539,negative,0.06517289259559597
1259671087882752000,positive,0.6938683758842589
1259671088600055808,neutral,0.423504166455801
1259671088793083904,negative,0.0010744294365834875
1259671090504359936,negative,0.015806206209765625
1259671090672132097,negative,0.06416804600411988
1259671091041181697,negative,0.051857556206605426
1259671092555284480,negative,0.008787525787110336
1259671093348106240,negative,0.00011594068940910565
1259671093813620736,neutral,0.3566313625838256
1259671096162385925,negative,0.13509185177454286
1259671096967733251,negative,0.3224912829462178
1259671097261334528,negative,0.0753055840887904
1259671097907257349,negative,0.0027344527419960467
1259671099081658369,negative,0.03908930113231598
1259671211799265280,negative,0.00011594068940910565
1259671213854646272,negative,0.011685053224995665
1259671213930094593,negative,0.0005443270811328236
1259671215003893766,negative,0.00047902954095260125
1259671215926640640,negative,4.0478855308280216e-05
1259671216048222209,negative,0.01387682643738661
1259671217482559488,negative,0.003429625081667563
1259671218334117888,negative,0.052440675369130364
1259671219860901889,neutral,0.4335435194446659
1259671221232373763,negative,0.02473913915190985
1259671224038326273,negative,0.004673724721106376
1259671227284807683,negative,2.426955400007758e-05
1259671227611975680,negative,0.007093330303219012
1259671228232671232,negative,0.011006344036709739
1259671228438151171,positive,0.8961773308375027
1259671228601765888,negative,0.0005111930531768347
1259671229776236544,negative,6.495708464372997e-06
1259671230023561218,negative,0.020626192709026873
1259671231323930627,negative,0.2685571152573295
1259671231831384064,negative,0.012364985691554625
1259671232619991040,negative,0.051857556206605426
1259671233244868610,negative,0.008787525787110336
1259671233865580544,negative,0.06517289259559597
1259671234918248449,negative,0.15501549614531876
1259671235509866496,negative,0.01748425930546806
1259671235996389376,negative,0.0006111206745680726
1259671236906487809,negative,0.004397394520557205
1259671236969455616,negative,0.0001828089605215508
1259671237024002048,neutral,0.49789225920557484
1259671237321789440,negative,1.2437802542683136e-06
1259671237653082120,negative,0.00030289724342032475
1259671238689067014,neutral,0.49789225920557484
1259671240295485447,negative,8.907629404487672e-06
1259671240786272258,negative,0.00021388282768013538
1259671240933072896,negative,0.0742169388630095
1259671241067290624,negative,0.00041732822265126224
1259671243994927107,negative,0.01387682643738661
1259671244129087488,negative,0.00019547164809635456
1259671244288466953,negative,0.0012346320141581391
1259671244292657153,negative,0.0010025431378403822
1259671246385659905,negative,0.13952507454351062
1259671247119499265,negative,0.00011594068940910565
1259671247622897664,negative,0.005554248168238517
1259671248986157056,negative,0.04927655489529808
1259671249585868808,negative,0.0012112851222472645
1259671249669718016,negative,0.026521955721204003
1259671251171278850,negative,0.001834322444792417
1259671252161224705,neutral,0.5287874960061721
1259671252530343936,positive,0.8950774650462305
1259671252794556422,neutral,0.47847277396095067
1259671254958772225,negative,0.048465230973388854
1259671255072026629,negative,0.0014176877554914406
1259671256015781888,negative,0.0052346256090343365
1259671258939052035,negative,0.008849985802884684
1259671259408990208,positive,0.9996220041064104
1259671260788928512,negative,0.011749922576674385
1259671262420447233,negative,0.1375556330165261
1259671262613340165,neutral,0.36715514235378993
1259671264731553795,negative,4.887014854202853e-05
1259671265947811840,negative,0.012801091645389982
1259671267248164866,negative,0.00010399696601720357
1259671268661645313,negative,0.012437011091205792
1259671268749688832,negative,0.02043405543633436
1259671271664730112,negative,0.00010399696601720357
1259671274026143744,negative,0.07302959821290435
1259671276353961984,negative,0.1474283526534481
1259671276672749568,negative,0.08828314867350139
1259671279420018688,negative,0.002212151483825792
1259671279759757313,negative,0.00014193270357274298
1259671282163036160,negative,4.615388774989928e-10
1259671282695565312,negative,0.08687667966038756
1259671285191389187,negative,0.003252448433370023
1259671398236200960,negative,0.0022291886362792615
1259671399477719041,negative,0.003142740385914648
1259671399658119168,negative,0.13734033137311283
1259671399968342016,negative,0.0009394441381967581
1259671401142931457,negative,0.24565670057792363
1259671402845802497,negative,0.0034795368667188305
1259671403608985603,negative,0.010441620465891864
1259671404968099840,negative,0.00013783791803949824
1259671405723090945,negative,0.03451307134425124
1259671406163439622,negative,0.002782060046993477
1259671407887253505,negative,7.969110873771234e-05
1259671407925047301,negative,0.16551724055211098
1259671409476931586,negative,0.006282027661816923
1259671410185834498,negative,0.05601951425550368
1259671410542288901,negative,0.01379793556672461
1259671410710118402,negative,0.059734167025343385
1259671413499342848,negative,0.1561482212683486
1259671413583220739,negative,0.0006111206745680726
1259671417353908224,negative,0.19310780101344888
1259671418628964352,negative,6.061861046284671e-07
1259671418717065221,negative,0.00023289984427522653
1259671421833314305,negative,2.305620333628776e-05
1259671422043074562,negative,1.6690054684299323e-08
1259671422378573824,neutral,0.36715514235378993
1259671422898667524,negative,0.10048582305745868
1259671424203177985,negative,0.03199836525714282
1259671424329027585,negative,0.0006412606839871961
1259671424526057473,negative,0.06517289259559597
1259671426509926400,negative,0.19310780101344888
1259671428112277507,negative,0.3130836025366821
1259671429261471744,neutral,0.3489750659882322
1259671429370396672,negative,5.302134634293506e-06
1259671432130433026,negative,0.06633437152878846
1259671432239382528,negative,0.019058859456227217
1259671432554065920,negative,0.011022784499761783
1259671432604389378,negative,0.0012346320141581391
1259671432646230017,neutral,0.47123849016516073
1259671433602650112,negative,1.2437802542683136e-06
1259671434261147650,neutral,0.5387380130792251
1259671435603255297,negative,0.0006111206745680726
1259671436748300288,negative,0.0007408793992613953
1259671436765118473,negative,0.046520526415719986
1259671437536829441,negative,0.2799088137091087
1259671439105458187,negative,0.06986867954925612
1259671439407484929,negative,0.0066890259656986525
1259671441429065728,negative,0.009116822928228218
1259671441542389760,negative,0.00041732822265126224
1259671442121203718,negative,0.0014167534136876124
1259671442519711746,negative,0.0008867950214162592
1259671443568119808,negative,0.1560114960270055
1259671443757023242,negative,0.0012346320141581391
1259671446722424834,negative,0.003139898516630953
1259671447775195137,negative,0.0010612284658163883
1259671449003909121,negative,0.05792354004347871
1259671450027298819,negative,0.002483383502869465
1259671450178539520,negative,1.6690054684299323e-08
1259671450866327552,negative,3.4245111229766865e-06
1259671451092897792,negative,0.06652853446939493
1259671455350095872,negative,0.06517289259559597
1259671456033751042,negative,0.2337257956736695
1259671456482496512,positive,0.9808505777140265
1259671456507551746,negative,0.2015047532631064
1259671458667810821,negative,0.0144190881447454
1259671459645083655,negative,0.0004566370578179404
1259671459699490817,negative,0.018035940886763403
1259671460609753091,negative,0.03497456422817877
1259671460668493824,negative,0.0006412606839871961
1259671462547513345,negative,0.04589102983162961
1259671463893876736,negative,0.0010025431378403822
1259671465084977154,negative,0.07073620442005553
1259671466397794305,neutral,0.4925319814792465
1259671468427948038,negative,0.07222463342743757
1259671470659317761,negative,0.013781428828753396
1259671470780960768,negative,1.7663389261871141e-06
1259671470806048771,negative,0.002603809929109167
1259671474002149378,negative,0.06416804600411988
1259671474379653125,negative,0.07499737606121935
1259672966842986499,negative,3.8114200915502214e-06
1259672967807672320,negative,4.418115164519808e-05
1259672968118108160,negative,0.0010162202066912407
1259672969330262025,negative,2.158843776470856e-05
1259672969435111425,negative,0.0003885913170298658
1259672970852794376,negative,0.02053896963518377
1259672970890526720,negative,0.1375556330165261
1259672972937302016,neutral,0.4286676789358012
1259672973465784320,negative,0.01387682643738661
1259672975596564482,negative,0.24565670057792363
1259672976217145344,negative,0.13952507454351062
1259672979937558536,negative,0.11512590792971825
1259672980050915328,negative,0.028325167815792213
1259672980675854336,negative,0.008391873670120625
1259672982424817665,negative,0.0003205713684134867
1259672982655557633,negative,0.06986867954925612
1259672982802378754,negative,0.0006111206745680726
1259672983125331968,negative,0.06399361664219883
1259672983146299393,negative,0.01387682643738661
1259672986598215681,negative,0.16033880150139293
1259672986925309952,negative,0.00270253129715177
1259672987663503362,negative,0.1474283526534481
1259672989009874949,negative,4.418115164519808e-05
1259672989509001216,negative,0.011346795706893863
1259672992331726851,negative,9.445725419715299e-05
1259672994613518338,negative,0.004270071621768254
1259672995594993664,negative,0.09497895696336618
1259672996131811331,negative,0.011175369368598734
1259672996148580355,negative,0.19637282797598377
1259672998572953601,negative,0.0072717769338341625
1259672999839641601,negative,0.02445129981924327
1259673000984674310,neutral,0.3621279544855004
1259673001244557312,neutral,0.47773211781174707
1259673002695950339,negative,0.0829543510555653
1259673003534794754,positive,0.9330456393038917
1259673003975204868,negative,0.00014193270357274298
1259673004281417730,negative,0.0012346320141581391
1259673005002760198,negative,7.342130563080186e-05
1259673005908779008,negative,3.52376763305617e-14
1259673006739161088,negative,2.890452039707499e-05
1259673007628443648,negative,0.0006111206745680726
1259673008198778882,negative,0.012733965306920133
1259673009356496898,negative,0.06986867954925612
1259673009880694784,negative,0.013994802818286878
1259673010149232640,negative,0.048949108167814365
1259673012133134336,negative,0.049477908750082115
1259673012321869824,negative,0.10169909931574406
1259673013789896710,negative,0.0003205713684134867
1259673015174017025,negative,0.011685053224995665
1259673018189721600,negative,0.03035934002002571
1259673019586351106,negative,0.029267297989537595
1259673020341170176,negative,0.011006344036709739
1259673020710387712,positive,0.8640692716907965
1259673021113131010,negative,0.014923094895217566
1259673021259939844,positive,0.9999000592596056
1259673023080210433,negative,0.00023349334345031022
1259673024183369734,negative,0.0012346320141581391
1259673024397217792,negative,0.0010612284658163883
1259673030114054144,negative,0.00270253129715177
1259673030168543235,negative,0.011346795706893863
1259673032232259584,neutral,0.3819669522118898
1259673032773324811,negative,0.12806381259424787
1259673033243049984,negative,0.00270253129715177
1259673034069364736,negative,0.0034795368667188305
1259673034136289281,positive,0.8666764481816499
1259673034266460161,negative,0.05628323348160865
1259673036208422912,negative,0.00014193270357274298
1259673036233588742,negative,0.015416358515861213
1259673036376158208,negative,0.18459858958932926
1259673037579997184,negative,0.009471165174853958
1259673037596655621,negative,1.078306692994963e-12
1259673037751963649,negative,0.024113026847907584
1259673038582398981,negative,0.0012346320141581391
1259673038875959296,negative,0.26044667940238647
1259673038951415813,negative,0.20940793233547356
1259673039064702977,negative,0.00011594068940910565
1259673041044475910,negative,3.3467336030016024e-05
1259673152038285312,negative,0.0010835903510822765
1259673152193548290,negative,4.887014854202853e-05
1259673152885571595,negative,0.013482708739528719
1259673153036525570,negative,0.06416804600411988
1259673153367924736,negative,0.03727656168708604
1259673153384648704,negative,3.4245111229766865e-06
1259673156932993027,negative,0.03035934002002571
1259673157314711556,negative,0.0051499483519108396
1259673157864230913,negative,0.18855216371662745
1259673158694637569,negative,0.00270253129715177
1259673159650902016,neutral,0.4507454498615163
1259673160389033984,negative,0.011006344036709739
1259673160452096000,positive,0.8640612012279534
1259673160452112386,negative,1.4903521712777086e-06
1259673161051697152,negative,0.052004530605019014
1259673161743896584,negative,0.0003205713684134867
1259673163576700929,negative,0.0006111206745680726
1259673164050771968,negative,0.01114895290577917
1259673165929811968,negative,0.0052346256090343365
1259673165963374593,neutral,0.4507454498615163
1259673166017945601,negative,0.00033961839180649976
1259673166898700294,negative,0.24565670057792363
1259673167276236801,negative,0.0006711406132187211
1259673168500924416,negative,0.00047854718560328926
1259673168526131201,neutral,0.44224459719553233
1259673169234923521,negative,0.024326326081903014
1259673169306300417,negative,0.00270253129715177
1259673171076288512,negative,0.05175721697550074
1259673171210440706,negative,0.00010399696601720357
1259673171231457280,positive,0.6824837810859113
1259673171432742912,negative,1.6639779544802527e-07
1259673172762394625,negative,0.08591561864960427
1259673172766593024,negative,3.602481306920204e-06
1259673173144068096,neutral,0.5058438376734256
1259673174318485504,negative,0.00014193270357274298
1259673174326816772,negative,0.0010744294365834875
1259673174536523777,negative,0.0025165434393621903
1259673175266295808,negative,0.0685188930866256
1259673176142905345,negative,0.016309179733344694
1259673177694842882,negative,0.013237340954989076
1259673179804622850,negative,0.004421363593752745
1259673180580581376,negative,0.03652007099457351
1259673180735778821,neutral,0.5720782711619357
1259673182463823874,negative,4.418115164519808e-05
1259673186758733824,negative,0.0021728585609723087
1259673186804924417,neutral,0.6476302512925614
1259673187052392450,negative,0.008196358878519763
1259673188138549248,negative,0.009116822928228218
1259673188503556096,negative,0.0004446712732336448
1259673196309200898,negative,0.05547559030338273
1259673196841832451,negative,1.6312286853039395e-05
1259673198163083267,negative,0.0009435057522476817
1259673201275047936,negative,0.0006111206745680726
1259673202814574594,neutral,0.41239281395093064
1259673203246587904,negative,0.08287671379182243
1259673203263365123,negative,6.495708464372997e-06
1259673205532438529,negative,0.00015177307222317992
1259673207398957059,negative,0.0007408793992613953
1259673207432458246,negative,0.03908930113231598
1259673207860334592,positive,0.9004029805726697
1259673210343305217,negative,0.00033847175349034544
1259673210678923267,negative,0.0010025431378403822
1259673210741821441,neutral,0.5950590851158666
1259673210766921739,negative,0.32219099529383677
1259673211144253441,negative,0.0953440400742647
1259673212235001856,negative,0.0033606350040496086
1259673212440449026,negative,0.0062500176498531115
1259673213216358400,negative,3.3467336030016024e-05
1259673213375852547,negative,0.024326326081903014
1259673214172659712,negative,0.03035934002002571
1259673215250698242,negative,4.4134907901085524e-05
1259673216236367873,negative,0.001027484623598898
1259673218375462914,negative,0.00023230713585731884
1259673220464160768,negative,0.024326326081903014
1259673224004071424,negative,0.20940793233547356
1259673224499134465,negative,0.00010399696601720357
1259673224784289799,negative,0.06633437152878846
1259673224822116352,negative,0.0007408793992613953
1259673225115688961,negative,0.024326326081903014
1259673225526685696,negative,0.0059294597163644155
1259673347551526916,negative,0.3282419999848567
1259673347761344512,negative,0.07571097192637272
1259673347828248577,neutral,0.39378002468186957
1259673349019574277,negative,0.00270253129715177
1259673351917907968,negative,0.1675225424370071
1259673353700474881,negative,7.411231788178559e-06
1259673353914331137,negative,0.037285271171616015
1259673355340447744,negative,3.7785955198162117e-07
1259673356099608576,negative,1.2437802542683136e-06
1259673358276452357,negative,0.0059294597163644155
1259673358934970368,negative,0.09484131191093051
1259673359572484096,negative,0.06416804600411988
1259673360004526085,neutral,0.47773211781174707
1259673360541286400,positive,0.8014011847993947
1259673361598173184,negative,0.08301289864159057
1259673361673850880,negative,0.0010025431378403822
1259673364744097793,negative,0.00011594068940910565
1259673364760858630,negative,0.02397936078398156
1259673366170083328,negative,6.464192278966854e-07
1259673367973634050,negative,0.00270253129715177
1259673367986294785,neutral,0.49789225920557484
1259673369101963265,negative,0.0024213351923293796
1259673370645463041,negative,3.169678136065343e-08
1259673370771283968,positive,0.9330456393038917
1259673371652096001,negative,0.051857556206605426
1259673372092481542,negative,0.014960640485365575
1259673373459841029,negative,3.999734959028425e-14
1259673374072193027,negative,0.27325981825353035
1259673375510867969,negative,0.03727656168708604
1259673376123088898,negative,0.030401487437344384
1259673376211247109,negative,0.03489312911405267
1259673377431830533,negative,0.1474283526534481
1259673378019049476,negative,0.00012695762075386752
1259673378484629510,negative,0.02445129981924327
1259673379247923203,negative,0.00010399696601720357
1259673379306496000,negative,0.03611708202820262
1259673379457687552,positive,0.7710173847559746
1259673380673871873,negative,0.0020752135396048675
1259673381470961664,negative,0.00270253129715177
1259673381483548672,negative,0.016132898560637716
1259673383496802305,negative,0.1623408664802057
1259673384004333569,negative,0.0024436431876406267
1259673384134336515,negative,0.03727656168708604
1259673384344072195,negative,0.0034795368667188305
1259673385086398466,negative,0.00270253129715177
1259673385753346052,negative,1.5217603413432596e-08
1259673389943468040,negative,0.03727656168708604
1259673390752899072,negative,0.0025009967779338472
1259673393462419462,negative,0.04711760194241927
1259673393814798336,negative,0.06416804600411988
1259673395332960259,negative,8.286441915696123e-05
1259673395689656418,negative,0.1474283526534481
1259673398831177730,negative,5.9360588965499074e-08
1259673399556800513,negative,0.0771913694821603
1259673401397919745,negative,0.011006344036709739
1259673401666478080,negative,0.03035934002002571
1259673402543136769,negative,0.00011705159877427508
1259673403553914882,negative,0.03727656168708604
1259673404497674241,negative,0.0025009967779338472
1259673404925509639,negative,0.0011782048457157543
1259673405504335872,negative,0.0020313417116949403
1259673405940469768,negative,0.01387682643738661
1259673406519283714,positive,0.6923657144832747
1259673407563747328,negative,6.313551426806375e-05
1259673410604539904,negative,0.009116822928228218
1259673411145564161,negative,0.23815905101276308
1259673411812548608,negative,3.4245111229766865e-06
1259673411900411905,neutral,0.47773211781174707
1259673412353622017,negative,0.05045707866870541
1259673412907208706,negative,1.899558653311612e-05
1259673412978475010,negative,0.0012346320141581391
1259673413200883715,negative,2.372956866716389e-06
1259673413360082944,positive,0.6824837810859113
1259673416023576577,negative,0.0018988900259975278
1259673416367583234,negative,0.014039586579294331
1259673417218953221,negative,0.13525545640197068
1259673417332088837,negative,0.020626192709026873
1259673418187911169,negative,0.013994802818286878
1259673418904956929,neutral,0.5008237237812975
1259673420448612353,neutral,0.45890015831967074
1259673420658348033,negative,0.0014167534136876124
1259673421463633920,negative,0.0010744294365834875
1259673421652226048,neutral,0.5008237237812975
1259673530674937862,negative,0.002259757181544405
1259673531249557504,neutral,0.43988208189787964
1259673533107535879,negative,0.0038529283197845524
1259673535531888642,negative,0.0010025431378403822
1259673536924352512,negative,0.0014200968939690804
1259673537029328901,neutral,0.5275754157289959
1259673538648313856,negative,0.00270253129715177
1259673538832859137,negative,0.01373638873620955
1259673540518912001,negative,0.0005025859324163571
1259673541919698944,negative,0.06416804600411988
1259673542007939073,positive,0.7430220382249356
1259673542247026693,negative,1.972100581495695e-07
1259673543178059778,negative,0.00014005964760622976
1259673543219896320,negative,0.0896452896755735
1259673543236816896,negative,0.05857814310421885
1259673543257833472,negative,0.11758795232284289
1259673543694049280,negative,0.024326326081903014
1259673544629399553,negative,0.08591561864960427
1259673544784478213,negative,6.844453649955433e-07
1259673544935403521,negative,0.016966262639556837
1259673545250091009,negative,0.005554248168238517
1259673545786953731,negative,0.06517289259559597
1259673546927812608,negative,0.0006111206745680726
1259673547154300929,negative,0.05540611498439196
1259673547955470338,negative,0.2337257956736695
1259673548060102656,negative,0.04417197360848566
1259673548894978048,negative,0.14453018303402967
1259673548987211776,neutral,0.35943884618590277
1259673550778064897,negative,2.0630765385499353e-06
1259673551113773057,negative,0.06416804600411988
1259673551453319168,negative,0.12018394209022296
1259673552355287041,negative,0.007093330303219012
1259673552359501826,negative,0.06416804600411988
1259673552493645825,negative,0.00014193270357274298
1259673552728588291,negative,0.00015177307222317992
1259673553575661569,positive,0.9255069934657735
1259673553693110272,neutral,0.5008237237812975
1259673554972540929,negative,0.0004101574587858886
1259673555706544131,negative,0.00023289984427522653
1259673556989825027,negative,0.04417197360848566
1259673558034374658,negative,0.13306999012077053
1259673558214676480,negative,0.016966262639556837
1259673558546034688,negative,0.07620287093788737
1259673562815791104,negative,0.02473913915190985
1259673562962673664,negative,0.1917648440123616
1259673563130445832,negative,0.2214536032056412
1259673563671511040,negative,0.004750427751385761
1259673565051453440,negative,0.06416804600411988
1259673565219229697,negative,0.06416804600411988
1259673565839925253,neutral,0.43988208189787964
1259673566183858177,negative,3.4245111229766865e-06
1259673566414594049,negative,0.0003205713684134867
1259673568490725376,negative,0.0010025431378403822
1259673568880873477,negative,0.018125653540048626
1259673570776682497,negative,0.05857814310421885
1259673570873131009,negative,0.0004446712732336448
1259673572060127232,negative,0.0021347084271138065
1259673572429254660,negative,3.4245111229766865e-06
1259673572567592962,negative,0.00048352395423315015
1259673572773167104,negative,0.0002542038866391675
1259673573146402816,negative,8.787439791856545e-05
1259673573578416129,negative,0.03921139187530509
1259673574727696384,negative,0.0001371621795330076
1259673575407022082,negative,0.0003205713684134867
1259673575449153536,negative,0.00270253129715177
1259673575868547072,negative,0.01387682643738661
1259673576665382912,positive,0.6824837810859113
1259673576816476160,negative,0.05426540121799139
1259673578011852800,negative,0.01387682643738661
1259673579358023686,negative,0.0025009967779338472
1259673579601506304,negative,0.10396832186755227
1259673581447008256,negative,0.00257193255654754
1259673581493071874,negative,0.000258727342568955
1259673581706973184,negative,0.00013783791803949824
1259673583057592322,negative,2.807458170445359e-06
1259673583762243589,negative,0.01658983075414903
1259673585129578499,negative,0.03497456422817877
1259673585137770496,negative,8.286441915696123e-05
1259673586056511489,negative,0.05798602463504078
1259673586358419456,negative,0.00010399696601720357
1259673586672992262,negative,1.4857132173484048e-08
1259673587075764224,negative,0.08287671379182243
1259673587771981824,negative,0.06416804600411988
1259673588031877121,negative,0.0003205713684134867
1259673588036259842,negative,0.017493155721988073
1259673589357457410,negative,0.000248076778541112
1259673590561230848,negative,0.15237992126104571
1259673590728921093,negative,0.00014514959602479396
1259673591274188800,negative,0.010301389270406082
1259673591722971136,negative,0.1252284027315309
1259673594038190081,negative,0.028325167815792213
1259673596215078912,neutral,0.49789225920557484
1259673597150453761,neutral,0.49789225920557484
1259673598240972802,negative,0.13519213350639775
1259673599394353152,negative,0.05175721697550074
1259673600954699776,negative,0.026995907712617798
1259673602489815040,negative,1.0872508508429055e-06
1259673603169292288,negative,0.016966262639556837
1259673721343623170,negative,0.02781556161329072
1259673721771487232,negative,0.05223548792697421
1259673721847123975,negative,0.06499879697664271
1259673722170081283,negative,0.002133859469340359
1259673722257993728,neutral,0.3426567815573993
1259673722274942976,negative,0.0012806966491351755
1259673722652368896,negative,0.03497456422817877
1259673723004739584,negative,4.461289562633572e-05
1259673723566768130,negative,0.000827438658049414
1259673723587739656,negative,0.0035289359474585543
1259673723721912320,negative,0.0007700866387042022
1259673724606971904,negative,0.00019547164809635456
1259673725097705472,negative,0.000248076778541112
1259673725395402753,negative,0.16510907912969588
1259673728541220866,negative,0.12743145860886684
1259673729724014593,neutral,0.5237205645671932
1259673730600652800,neutral,0.42310245513114186
1259673732144136198,negative,0.0007083392727582188
1259673732492263424,negative,0.005553367168882938
1259673733515665408,negative,0.0075091374648427545
1259673737424711682,negative,0.01387682643738661
1259673738125217794,negative,0.01387682643738661
1259673738326540290,negative,0.056781520731508266
1259673741417725954,negative,0.0005111930531768347
1259673741929394177,negative,0.0015245062607401017
1259673742088822790,neutral,0.5231080724625466
1259673743741325313,negative,0.23772088810251238
1259673746471870464,negative,0.08101592470635954
1259673747201589249,neutral,0.46127768308170247
1259673748749377542,negative,0.0006412606839871961
1259673749391015936,negative,0.0010612284658163883
1259673749571473408,negative,0.037351241314025264
1259673750510977026,negative,0.00270253129715177
1259673751479820289,negative,0.13519213350639775
1259673751643475972,negative,4.847690465804096e-07
1259673753891586049,negative,0.0031927051996876836
1259673756420669440,negative,0.06416804600411988
1259673757603508228,negative,0.20088976710545825
1259673758094196737,negative,0.09851045712716179
1259673759444684802,negative,0.06967499314271368
1259673760136925184,negative,0.2705871115838187
1259673760220790784,negative,0.05616233512271135
1259673762510917632,negative,1.0872508508429055e-06
1259673764532453377,negative,0.0017696349142155275
1259673765723680769,negative,0.00013783791803949824
1259673765790744576,negative,0.1474283526534481
1259673766717726723,negative,0.06967499314271368
1259673767267250176,neutral,0.35370257988090953
1259673767451729921,negative,0.08810917716750113
1259673768479404035,negative,0.0004566370578179404
1259673768546512897,negative,0.00017659013711034067
1259673769607483393,negative,0.00349612453321914
1259673769796349953,negative,2.479505449474683e-05
1259673771079643136,negative,0.0025009967779338472
1259673771109167104,negative,0.01666591326469606
1259673772908560385,neutral,0.39290406055138927
1259673773185175553,negative,0.20940793233547356
1259673773210566658,negative,0.02260247872914301
1259673774494023682,negative,0.0014200968939690804
1259673775408394240,negative,0.0010612284658163883
1259673776704249856,positive,0.6824837810859113
1259673777048375299,negative,0.0072717769338341625
1259673777215922177,negative,0.011615737603487442
1259673777463611392,negative,0.2541126073233509
1259673777757204480,neutral,0.3426567815573993
1259673777929150464,negative,0.19917418561525685
1259673778742857729,negative,0.028528061238391987
1259673779250139136,negative,0.001675714203899995
1259673779388768257,negative,0.08287671379182243
1259673779825004544,negative,0.19044257264177342
1259673780856684545,negative,1.2437802542683136e-06
1259673780869378050,negative,0.03908930113231598
1259673781246754816,negative,3.4245111229766865e-06
1259673782899400705,negative,0.08287671379182243
1259673782903623687,negative,0.00010183277853465121
1259673784581316608,negative,0.00013783791803949824
1259673785030119424,negative,0.00017659013711034067
1259673785965457409,negative,0.08532944695652006
1259673786246467584,positive,0.9982153049796095
1259673787173347331,negative,0.3065451580470331
1259673787592818688,negative,0.0017006827209419878
1259673788356190213,negative,1.972100581495695e-07
1259673789228634115,negative,0.05331577357980828
1259673789689929729,negative,0.009471165174853958
1259673791753359360,negative,0.15641724021263748
1259673792516947969,negative,0.0003205713684134867
1259673792915406848,negative,0.005006508405451125
1259673907185008648,negative,0.0010612284658163883
1259673908703383555,neutral,0.49789225920557484
1259673909147897859,negative,0.01387682643738661
1259673909571575811,negative,0.008787525787110336
1259673910825627654,negative,0.03497456422817877
1259673913275174915,negative,8.286441915696123e-05
1259673914114007040,negative,0.03497456422817877
1259673917238775813,negative,0.06399361664219883
1259673917641408519,negative,0.06416804600411988
1259673918505226240,negative,5.302134634293506e-06
1259673918945873920,neutral,0.5577630467379516
1259673918991990784,negative,9.907181303026273e-07
1259673919226773509,negative,2.0630765385499353e-06
1259673919289778176,negative,0.017446170911274102
1259673920367661059,negative,0.004673724721106376
1259673920497688577,negative,0.0012346320141581391
1259673920657129482,negative,0.005554248168238517
1259673921491742720,negative,0.02260247872914301
1259673921701511168,negative,0.07850323842211171
1259673925405081600,negative,0.0008867950214162592
1259673926264815617,negative,0.13567425367000696
1259673926403317765,negative,0.00011418047470596693
1259673926919168000,positive,0.7090522855839745
1259673926923321345,negative,0.06680404964235864
1259673927477010432,negative,4.021884993351522e-05
1259673929507102721,negative,2.0630765385499353e-06
1259673930056503297,negative,0.05572449167464086
1259673930211528704,negative,0.0020313417116949403
1259673930614226944,negative,0.0010612284658163883
1259673931193159685,negative,0.000924865003986267
1259673932745097216,negative,1.2437802542683136e-06
1259673933105659904,positive,0.6824837810859113
1259673933915271168,negative,0.0075091374648427545
1259673935014178816,negative,0.0010025431378403822
1259673935261634561,negative,0.24565670057792363
1259673936004071424,negative,0.033813544412497835
1259673938931724290,negative,0.056781520731508266
1259673939145641984,negative,0.007065386348283391
1259673939569250310,negative,0.10048582305745868
1259673943218237441,negative,0.0019310459417189107
1259673943604113411,neutral,0.6486180233523411
1259673944598155264,negative,0.02260247872914301
1259673946074406912,negative,0.0006111206745680726
1259673946250776576,neutral,0.33171726678303914
1259673947072839683,negative,0.10169909931574406
1259673947827830786,neutral,0.5437191162921312
1259673948092018689,negative,0.08101592470635954
1259673949400678400,negative,0.13952507454351062
1259673950419849216,neutral,0.4525299360032805
1259673951355240452,negative,6.757470842767639e-06
1259673952898727941,negative,2.144927197843788e-06
1259673953926287360,negative,0.22981738495754075
1259673955088117767,negative,0.03177057174222857
1259673955511799812,negative,0.0018794596921074696
1259673958653276164,negative,0.005191812239793031
1259673960347660288,neutral,0.5008237237812975
1259673960540704768,negative,0.006444544223810275
1259673960540770309,negative,0.0003205713684134867
1259673963913007106,negative,1.2953043172335601e-05
1259673965242527744,negative,0.0043137715223238405
1259673967444492289,negative,7.279439221391795e-06
1259673967528308736,negative,0.013276538361800401
1259673967960432642,negative,0.01666591326469606
1259673968166031367,negative,0.00014193270357274298
1259673968216334336,negative,0.0006945848310662842
1259673969600401409,negative,0.015584758969850456
1259673969663279106,negative,0.0017982684934366776
1259673970313498625,neutral,0.4063958576485853
1259673970464432128,negative,0.1252284027315309
1259673975455694849,negative,0.18855216371662745
1259673976256815110,negative,7.279439221391795e-06
1259673979683516416,negative,0.24565670057792363
1259673982141423622,negative,0.0021728585609723087
1259674105369858048,negative,6.472259304188122e-07
1259674106863259648,negative,0.11756585327592668
1259674106905100289,negative,2.0630765385499353e-06
1259674107257520128,neutral,0.3489750659882322
1259674107349590017,negative,0.031247336256875785
1259674108197036032,negative,0.06399361664219883
1259674109614657536,negative,0.24565670057792363
1259674116115894272,negative,0.051857556206605426
1259674116258316288,negative,0.01387682643738661
1259674116602421248,negative,0.00017115542175479692
1259674116652773376,negative,0.005342788526193551
1259674116791193602,negative,0.2337257956736695
1259674117219012608,negative,0.3147206080626129
1259674117541752832,neutral,0.49789225920557484
1259674118074650626,negative,0.00010399696601720357
1259674119404163072,negative,4.418115164519808e-05
1259674120213725184,negative,1.2800332464593148e-08
1259674121757241345,negative,1.6435415153996288e-05
1259674121778147335,negative,9.471062076737798e-06
1259674123669733380,negative,0.008957545648892479
1259674123682418691,negative,0.00786978484998826
1259674124408020993,neutral,0.5287874960061721
1259674125288779777,negative,0.006791066480984975
1259674126026866688,negative,0.020626192709026873
1259674126316376064,negative,0.24565670057792363
1259674127310434304,positive,0.9107881689175573
1259674128212254720,negative,0.00255067936298809
1259674128602279936,negative,0.059611628817017974
1259674128669380611,negative,0.0017641371014958827
1259674129248260098,negative,0.03652007099457351
1259674129256665089,negative,0.1050887782984423
1259674131223773187,negative,0.02182740901000955
1259674132255473671,negative,1.2266120059183711e-07
1259674132284936195,negative,0.09494128638607256
1259674133299937280,negative,4.560012064875508e-05
1259674133874475008,negative,0.00270253129715177
1259674134243672064,negative,0.0021728585609723087
1259674135271178240,negative,0.010141931556317676
1259674135405395975,negative,0.13342792737761977
1259674136441425920,negative,0.13525545640197068
1259674137124933633,negative,0.0003205713684134867
1259674140082044929,negative,3.4245111229766865e-06
1259674141055234048,positive,0.9106281283941798
1259674141789224960,neutral,0.64405125774052
1259674142095400965,negative,0.0033606350040496086
1259674142246350853,negative,1.2608555617096332e-08
1259674142481285120,negative,0.2976064884190731
1259674143642906624,negative,0.020626192709026873
1259674144670703616,negative,0.0003205713684134867
1259674145115127818,negative,0.31732489718339985
1259674145303998465,negative,0.3065451580470331
1259674146352640005,neutral,0.3743928453417084
1259674146411290625,negative,8.286441915696123e-05
1259674146855882757,positive,0.9330456393038917
1259674147082440704,negative,0.0003605713068048821
1259674147464060934,negative,0.06261226027983524
1259674150488215553,negative,0.0841024902560441
1259674150777556992,negative,0.00011594068940910565
1259674151272558594,negative,0.014923094895217566
1259674151469621248,negative,0.00037323410879414363
1259674153466179585,negative,0.0017982684934366776
1259674154086916096,negative,0.02445129981924327
1259674154363748354,negative,8.286441915696123e-05
1259674155118665730,negative,5.824222870534565e-11
1259674156892852224,neutral,0.36715514235378993
1259674156972544004,neutral,0.43602814208349644
1259674159879262210,negative,0.01387682643738661
1259674160571260934,negative,0.00270253129715177
1259674160751616004,negative,0.0017982684934366776
1259674161103859712,negative,0.023718742264750216
1259674162727137286,negative,0.013674152675538846
1259674163637354498,negative,0.19556349734238998
1259674164081897479,negative,0.24565670057792363
1259674164480413698,negative,0.03727656168708604
1259674164769718274,negative,0.0006111206745680726
1259674167324151808,negative,0.2685571152573295
1259674283275620353,negative,0.0010744294365834875
1259674283787370496,negative,0.06942752878135483
1259674284131332097,negative,0.004673724721106376
1259674285074939904,neutral,0.4761326000948011
1259674286475948033,negative,0.00029217831798585155
1259674288396709888,negative,0.15641724021263748
1259674289068007426,negative,0.00014193270357274298
1259674290817044482,negative,0.033550077076966736
1259674290963742727,negative,0.24565670057792363
1259674291152527361,negative,0.0025009967779338472
1259674292708573185,neutral,0.47773211781174707
1259674292918325249,neutral,0.5762578033233333
1259674293081968642,negative,0.15893656167700074
1259674294856056832,negative,1.2437802542683136e-06
1259674296508710914,negative,0.00987006045671079
1259674296655515648,negative,0.014132850240401926
1259674296697466882,negative,0.23828579338488176
1259674297859219456,negative,0.00041732822265126224
1259674298001903617,negative,0.24565670057792363
1259674298178056199,negative,0.1472568217031453
1259674298307969024,negative,0.20847200379906436
1259674299729874950,negative,0.036627150172428506
1259674300359020544,negative,0.0010744294365834875
1259674300371668992,negative,0.01527938444680123
1259674303240568832,negative,0.1830336878959391
1259674303743868929,negative,0.16551724055211098
1259674305673248768,negative,0.001027484623598898
1259674306382094336,negative,0.0020313417116949403
1259674308084994048,negative,0.19044257264177342
1259674308319883266,negative,0.24565670057792363
1259674308835753986,negative,0.07242407661842509
1259674309095800835,neutral,0.5071877077754149
1259674311360688129,negative,0.002524707879336523
1259674314682576898,negative,0.0072717769338341625
1259674315177459717,negative,0.0010612284658163883
1259674315987005447,negative,0.010545979321935411
1259674316343566339,negative,0.24565670057792363
1259674316985286656,negative,1.523126365505677e-05
1259674320269381636,negative,0.009132389677613909
1259674322559434752,negative,0.011020076906662098
1259674322643193856,negative,4.858085636790893e-09
1259674323679211523,negative,3.4245111229766865e-06
1259674323738034176,negative,4.887014854202853e-05
1259674324363030529,negative,0.22897783641211428
1259674325545816065,negative,0.24565670057792363
1259674327005478918,neutral,0.4519350988717986
1259674327500423169,negative,0.08287671379182243
1259674328775503873,negative,0.0003882285982044898
1259674330868396034,negative,0.0010025431378403822
1259674331598270474,negative,0.0731906351427801
1259674331669499905,neutral,0.5505550505941735
1259674332604891138,negative,0.07976262264837501
1259674333359869953,negative,0.03611708202820262
1259674334077038594,negative,0.0007951069084485712
1259674334143995905,neutral,0.49789225920557484
1259674334760763393,negative,0.011580824728852517
1259674334919974912,negative,0.037829593037823524
1259674335180185601,neutral,0.4761326000948011
1259674335612211201,negative,0.04115739154020539
1259674335746416642,negative,0.008777373476770597
1259674336065138690,neutral,0.37222935795141343
1259674336283242497,negative,1.523126365505677e-05
1259674336316751872,positive,0.6741788942894565
1259674336899870725,negative,2.0630765385499353e-06
1259674336954388482,negative,0.0010744294365834875
1259674337004548096,negative,6.871102217545017e-05
1259674339743596544,negative,0.00043078435673179235
1259674339949117440,negative,0.004074565194011758
1259674345183510528,negative,0.000485888505665605
1259674345955135488,negative,0.0003205713684134867
1259674346018050050,negative,0.00021581112700702358
1259674346068611076,positive,0.9673978320605799
1259674346760441856,negative,0.009471165174853958
1259674347653955585,negative,1.4903521712777086e-06
1259674348731891714,negative,0.022169431326871655
1259674349252083712,neutral,0.5553138634541599
1259674349470179336,neutral,0.46127768308170247
1259674350237646851,negative,0.00019547164809635456
1259674350539735042,negative,0.19556349734238998
1259674350602649600,negative,0.005554248168238517
1259674352695627781,negative,0.059734167025343385
1259674352984997888,negative,0.1333669965599387
1259674353077235713,negative,0.16492748671006263
1259674353375088642,negative,0.0010612284658163883
1259674353609977857,negative,0.020328271084434326
1259674355841318912,negative,1.3074179343794166e-05
1259674470781943813,negative,0.01527938444680123
1259674471537000450,negative,0.007852492512226503
1259674471834812418,negative,0.18855216371662745
1259674472891559938,positive,0.7192701002552873
1259674473197903875,negative,0.032990232392549036
1259674473248305153,negative,0.1375556330165261
1259674473596411904,negative,0.0012346320141581391
1259674475403988999,negative,0.004067724125165089
1259674475584503809,negative,0.035638396855070475
1259674476301541376,negative,8.286441915696123e-05
1259674476897169408,negative,0.007349757174053534
1259674477752958976,neutral,0.5878251730269649
1259674478600245248,negative,0.13509185177454286
1259674481263546368,negative,0.03908930113231598
1259674481628311552,neutral,0.3359771067228028
1259674481892773893,negative,0.017446043440953685
1259674483612237825,negative,0.18614691627246482
1259674484438491137,negative,0.005659436242342277
1259674484451217408,negative,0.0011301850558557327
1259674486695051269,negative,0.13952507454351062
1259674487081050112,negative,0.16096474912578668
1259674488678920194,positive,0.6824837810859113
1259674490264526849,negative,0.033499393612658274
1259674493032828929,neutral,0.5437191162921312
1259674493317980160,positive,0.9879042330573891
1259674493422878728,negative,0.0026967167407219127
1259674493875781634,negative,0.0032010052660179206
1259674493913620481,negative,0.0025009967779338472
1259674494383411201,negative,0.13509185177454286
1259674495675248640,negative,0.005790341815028705
1259674496006586370,neutral,0.4471030888104273
1259674497491271680,negative,0.15641724021263748
1259674498376368138,negative,0.012839722665714506
1259674498456006658,negative,0.06942752878135483
1259674500293148673,negative,0.06508622482526528
1259674500561584133,positive,0.9070512529075725
1259674500842557442,negative,1.4903521712777086e-06
1259674501115269121,negative,0.0033606350040496086
1259674502021156864,negative,2.5691660824387505e-05
1259674502239260674,negative,0.06517289259559597
1259674502738268160,negative,0.0010744294365834875
1259674503292035073,negative,0.013994802818286878
1259674506165133313,neutral,0.4973445046200055
1259674506169323521,negative,0.24565670057792363
1259674506785959938,negative,3.4245111229766865e-06
1259674508119719937,negative,0.03497456422817877
1259674508236951552,neutral,0.3489750659882322
1259674508451033089,negative,0.06416804600411988
1259674509050892289,negative,0.0003976962620124754
1259674509126270981,negative,0.007093330303219012
1259674509994491906,positive,0.9255069934657735
1259674510187429894,negative,0.08715664733235673
1259674511152164864,negative,0.08567010277164819
1259674511802273797,negative,5.9360588965499074e-08
1259674512603459584,negative,0.013994802818286878
1259674512657874946,negative,0.00018806206357942638
1259674513010278402,negative,0.002346326341704024
1259674513958191108,positive,0.9177816929295005
1259674514813837313,positive,0.9004029805726697
1259674517699465217,negative,0.07626500501121951
1259674519079452677,negative,0.2799088137091087
1259674519419195405,negative,0.00010399696601720357
1259674519444369408,negative,0.13509185177454286
1259674520119660546,negative,0.013994802818286878
1259674520631177216,negative,0.051857556206605426
1259674522204147712,positive,0.9004029805726697
1259674524951416834,negative,0.0005723957865827438
1259674525685481473,negative,0.0010612284658163883
1259674525714841601,negative,0.04417197360848566
1259674529732886533,negative,0.0002836066291396607
1259674530865459201,negative,0.00010399696601720357
1259674532345937920,positive,0.7504568060667169
1259674533180702720,negative,0.0007083392727582188
1259674534044749825,neutral,0.43602814208349644
1259674535231700992,negative,0.00270253129715177
1259674535915380736,negative,0.13342792737761977
1259674536519368705,negative,0.004421363593752745
1259674538188693504,neutral,0.34147800693217545
1259674539132440576,negative,0.013994802818286878
1259674539430207490,negative,0.0017641371014958827
1259674540612956167,negative,0.0012024157468034668
1259674542244577281,negative,0.0669150939445623
1259674655247536130,negative,6.688304999268546e-07
1259674657327845378,negative,3.4245111229766865e-06
1259674659546595328,negative,0.2709175368439432
1259674659806683137,positive,0.8807751558043729
1259674659865444352,negative,0.0004446712732336448
1259674665183776768,positive,0.9004029805726697
1259674666899320841,negative,0.0736401149528525
1259674669071859719,negative,0.24565670057792363
1259674669445263360,negative,0.0010025431378403822
1259674671772921856,negative,0.07458070422378867
1259674673475997698,negative,0.0002599255841157035
1259674674583109632,negative,0.0025009967779338472
1259674675937976321,negative,0.13342792737761977
1259674676739158016,negative,0.0031927051996876836
1259674678370713603,negative,0.03727656168708604
1259674681424166913,negative,0.0014763084790457052
1259674683361935363,negative,0.1888925814712784
1259674683978416128,negative,0.0005739477794012549
1259674684880273414,neutral,0.3359771067228028
1259674685878472705,positive,0.6824837810859113
1259674686507679745,negative,0.3065451580470331
1259674687422058498,negative,0.3281955327535473
1259674687774363654,negative,0.21157174877458332
1259674688118276096,negative,0.0034853196014732165
1259674691557564421,negative,0.025816042547764956
1259674691721199620,negative,0.17702961687049024
1259674692639772672,negative,0.2508840691070401
1259674695638679553,negative,0.27307192769147104
1259674695953256449,negative,3.1923543901629667e-06
1259674696175570945,negative,0.0005037292801217843
1259674698792742917,negative,0.06986867954925612
1259674699245785088,negative,0.017849681318883526
1259674701481349120,negative,0.27675766278087843
1259674701929955328,negative,0.020626192709026873
1259674702185930753,negative,0.0008715541687829276
1259674702244700172,neutral,0.5878251730269649
1259674703234555904,negative,0.13952507454351062
1259674703599452161,negative,0.0012475464271494746
1259674706761986048,negative,0.19044257264177342
1259674707026206726,positive,0.9953910517630514
1259674708951339010,negative,0.04401156907351757
1259674709874094081,negative,3.131757405694359e-13
1259674710570405889,negative,0.24565670057792363
1259674712449433605,negative,0.013994802818286878
1259674713124745216,negative,3.4245111229766865e-06
1259674715163029504,negative,0.0010744294365834875
1259674720338927617,negative,0.056781520731508266
1259674722134040576,negative,0.0010025431378403822
1259674722662563847,negative,0.02053896963518377
1259674722868101122,negative,4.887014854202853e-05
1259674724835172352,negative,0.02445129981924327
1259674727402156033,negative,0.017446043440953685
1259674728740110337,negative,8.494827953899003e-05
1259674729524453376,negative,3.4245111229766865e-06
1259674847766106112,negative,0.00270253129715177
1259674848223100928,neutral,0.37385987128375847
1259674849158541313,negative,9.995567696977257e-06
1259674850068697088,neutral,0.6052260367986388
1259674850337177600,negative,1.2437802542683136e-06
1259674850626621440,neutral,0.43602814208349644
1259674852094439425,negative,0.2895597735413829
1259674852425900033,negative,0.016881885515202866
1259674854577577985,negative,1.4038378172926852e-05
1259674856666411009,negative,0.03652007099457351
1259674858008350720,negative,0.03611708202820262
1259674858226683907,negative,0.0010025431378403822
1259674859795185664,negative,0.0003205713684134867
1259674861003300865,negative,0.052440675369130364
1259674861087096832,negative,0.00270253129715177
1259674862358016001,negative,0.0012112851222472645
1259674863024967681,negative,0.2800169000772446
1259674863066808321,negative,0.1367956679174708
1259674863154929671,negative,0.02260247872914301
1259674865172385793,negative,0.013994802818286878
1259674866233507846,neutral,0.6430201048440328
1259674866812321799,negative,0.05045707866870541
1259674867990966277,negative,0.005374276371275691
1259674871090601984,negative,0.010141931556317676
1259674873816891393,negative,0.0041858105796429524
1259674873942740993,negative,0.028679202845628634
1259674874240532483,negative,0.1375556330165261
1259674875276472322,negative,0.24565670057792363
1259674877340065793,negative,0.008787525787110336
1259674880045449216,negative,9.133862302657517e-05
1259674882272616451,negative,0.1375556330165261
1259674882989834247,negative,0.12071289050211156
1259674884063424512,negative,0.020626192709026873
1259674884495552514,negative,0.2384078489903245
1259674885439266820,negative,7.920008497587841e-05
1259674885476855811,negative,0.020626192709026873
1259674886508818433,negative,0.07641636116192349
1259674887104405510,negative,0.0006111206745680726
1259674887649722368,negative,1.2953043172335601e-05
1259674887750332416,neutral,0.39378002468186957
1259674887779688448,negative,0.08287671379182243
1259674887884587009,negative,0.07242407661842509
1259674888098516994,negative,3.5200097725178104e-05
1259674888488419330,neutral,0.3489750659882322
1259674890476666881,negative,0.030933558401897956
1259674890476683264,negative,0.0012806966491351755
1259674890489167874,negative,0.007080838334242412
1259674890728280064,negative,0.021508888306962737
1259674891382599680,negative,0.13734033137311283
1259674893764956161,neutral,0.43113994827855434
1259674894381445124,negative,0.03862420018433853
1259674895379828736,negative,0.00270253129715177
1259674895878848518,negative,0.0010025431378403822
1259674896491315202,negative,0.036618254123745565
1259674897615331328,negative,0.13830810737099522
1259674899590905857,negative,0.06792950756756778
1259674902224912386,positive,0.6917684948210879
1259674903428685824,negative,4.331620532200386e-05
1259674905328656385,negative,0.0001393121255449499
1259674905605537794,negative,0.0002542038866391675
1259674906867843073,negative,6.40322635422539e-05
1259674906947715073,negative,0.11023776246046145
1259674907253846016,negative,0.1670037409131318
1259674908608651264,negative,0.0003205713684134867
1259674908952612864,negative,3.4245111229766865e-06
1259674909195657216,neutral,0.49789225920557484
1259674909225222149,negative,0.20256037791855136
1259674910449971200,negative,0.04258096971716093
1259674910525468674,negative,0.0010612284658163883
1259674910923853889,positive,0.9982153049796095
1259674911171317762,negative,4.887014854202853e-05
1259674914392547332,negative,0.24565670057792363
1259674914681913344,negative,0.015357129233410281
1259674917571829761,positive,0.9949561275053965
1259674917739679749,neutral,0.49789225920557484
1259674918503006212,negative,0.021105549910438455
1259674918620446721,negative,0.0041858105796429524
1259674918993657856,negative,0.00019547164809635456
1259674919002157063,negative,0.25776911893362614
1259674919316738056,negative,0.13952507454351062
1259674920105185280,negative,0.24565670057792363
1259674921162158081,negative,0.10559262617505925
1259675034613952513,negative,0.02909060379132289
1259675038191702016,negative,0.0010612284658163883
1259675038715990017,neutral,0.34826323045941127
1259675039911288832,negative,0.007571848411168897
1259675040146227202,negative,0.1473631366146725
1259675041626836995,negative,0.037514898937512295
1259675044294217728,negative,0.01702968465420174
1259675044340551686,neutral,0.5553138634541599
1259675044692873223,negative,0.00010399696601720357
1259675044772548609,negative,0.018178261005149653
1259675045607194627,negative,0.004941454929223134
1259675046118858758,negative,1.4857132173484048e-08
1259675046198390786,negative,0.0007126664160858267
1259675046752256000,negative,4.344078837409747e-05
1259675047653969923,positive,0.8243951375820971
1259675048085827584,neutral,0.41028506631385
1259675048534781953,neutral,0.49789225920557484
1259675048824242178,negative,1.2953043172335601e-05
1259675048849354759,negative,0.000784900044655865
1259675050095128581,negative,0.06986867954925612
1259675050753441792,negative,1.523126365505677e-05
1259675051202359296,negative,0.06680404964235864
1259675053026934784,neutral,0.35983286365274136
1259675053727387649,neutral,0.3761114219698652
1259675053844598784,negative,0.0006111206745680726
1259675054054539266,negative,0.0001283521040299262
1259675055082045442,negative,0.06416804600411988
1259675055098757120,negative,0.08913655087525714
1259675055526752259,negative,0.028528061238391987
1259675057674170368,negative,0.0010352356612828688
1259675058798198786,negative,0.06967499314271368
1259675060027219974,negative,0.10783931194773141
1259675060257914881,positive,0.986343574524559
1259675060291469312,negative,0.16492748671006263
1259675060408901634,negative,0.03497456422817877
1259675061021290499,negative,0.026521955721204003
1259675062623502336,negative,0.010141931556317676
1259675063004979200,negative,0.008777373476770597
1259675063265230854,positive,0.7430220382249356
1259675063747514369,negative,0.0034983146117578265
1259675064670265345,negative,0.0026967167407219127
1259675065542750208,neutral,0.43602814208349644
1259675069959352322,negative,0.24565670057792363
1259675070189928448,neutral,0.5887973398928581
1259675070731034627,negative,2.0630765385499353e-06
1259675073914572802,negative,2.426955400007758e-05
1259675076548612104,positive,0.7721233048357815
1259675076896731138,neutral,0.41239281395093064
1259675077270003712,negative,0.27950745166373064
1259675079681679360,positive,0.9255069934657735
1259675079857897472,negative,0.0835638704130543
1259675080566677505,negative,1.0455646225456883e-05
1259675080570920968,negative,0.04047778288701192
1259675081967570945,negative,0.004397394520557205
1259675082428948480,negative,0.00013783791803949824
1259675083834109959,negative,0.0010744294365834875
1259675084018667522,negative,0.0256577886133005
1259675085989974022,negative,0.24565670057792363
1259675087659245573,negative,0.06416804600411988
1259675088351375360,negative,0.004603135636959583
1259675088812638208,negative,0.30924869966148905
1259675089546731521,negative,0.013994802818286878
1259675089836093441,negative,0.002603809929109167
1259675090146516993,neutral,0.5553138634541599
1259675090918223873,negative,0.06986867954925612
1259675093065773056,negative,0.2379149042416375
1259675093577248768,negative,0.008818329146886328
1259675094483439616,negative,0.19556349734238998
1259675095506866182,negative,1.2437802542683136e-06
1259675095863308293,negative,0.015295654280561514
1259675096035274752,negative,0.21541875941883268
1259675096165253121,negative,0.0032973865449552964
1259675096240795650,negative,0.0010899692269339906
1259675096467279872,negative,0.24565670057792363
1259675096467283968,negative,0.15765716900304946
1259675096484122624,negative,3.93275937536392e-05
1259675096618278916,negative,0.0005509412349913992
1259675097591414784,negative,0.0033606350040496086
1259675098346381312,negative,0.2218899040139521
1259675101425012741,negative,2.354373747551946e-05
1259675101940850689,neutral,0.4147294079931055
1259675102729441282,negative,0.026110487161024837
1259675103174033414,negative,0.00041732822265126224
1259675103211786240,neutral,0.4507454498615163
1259675104436510725,negative,0.254017133208425
1259675104491065344,negative,2.1554918807961816e-05
1259675104629293056,negative,3.661069735661807e-05
1259675106403442689,negative,0.01387682643738661
1259675106638471170,negative,3.3566259720498803e-07
1259676700285308928,negative,3.4245111229766865e-06
1259676703900778499,neutral,0.4323225023402126
1259676705192624128,negative,0.0011301850558557327
1259676706518044672,negative,0.0031731169596491923
1259676707025498113,neutral,0.513136929509853
1259676707616849922,negative,0.11441544794231565
1259676708225114113,negative,0.0010612284658163883
1259676709915328512,negative,0.06416804600411988
1259676710284427265,neutral,0.39543213595764415
1259676711207276548,negative,0.04258096971716093
1259676711584772096,negative,0.05230026669906298
1259676712473964544,negative,0.06986867954925612
1259676713350582274,negative,0.0014075212694729564
1259676714814394370,negative,0.08591561864960427
1259676715657420802,negative,0.02771046601551483
1259676717435817984,negative,0.0010036183579266228
1259676717666500612,neutral,0.43602814208349644
1259676719935602689,negative,0.0005509412349913992
1259676720090808322,negative,0.017446043440953685
1259676721240068098,negative,2.158843776470856e-05
1259676721252634624,negative,0.13342792737761977
1259676722154389504,negative,0.006789723528642563
1259676724071194630,negative,0.00023289984427522653
1259676725325291522,negative,3.166707167571585e-07
1259676725962833920,negative,0.007873562806531833
1259676726118014982,neutral,0.3489750659882322
1259676726696828930,negative,2.426955400007758e-05
1259676726717747201,negative,1.9843645128549553e-06
1259676726885482499,negative,0.00014193270357274298
1259676728777224194,negative,0.21519833454198892
1259676729829982208,negative,1.5314062458612607e-12
1259676730089861120,negative,0.09769210163255303
1259676731637665792,neutral,0.43602814208349644
1259676732166230020,negative,2.426955400007758e-05
1259676732413677569,negative,0.00014193270357274298
1259676734179475456,negative,0.00010399696601720357
1259676736775651328,negative,0.05868765244517478
1259676737358741505,negative,0.0010612284658163883
1259676737941766144,negative,0.023868433658781534
1259676739376119808,negative,0.040083944943560615
1259676739896250368,negative,0.00270253129715177
1259676741460787205,negative,1.214623183814045e-05
1259676744061198347,negative,0.03497456422817877
1259676744648478720,negative,0.00270253129715177
1259676745546043392,negative,0.0007959737506264505
1259676745583779840,neutral,0.36360797070993217
1259676745726377991,negative,1.523126365505677e-05
1259676747169177600,negative,1.523126365505677e-05
1259676747970359299,negative,0.16778160508579706
1259676756442824707,negative,0.0001267227547601431
1259676756577058817,negative,0.1702439508390435
1259676759227801600,negative,0.015357129233410281
1259676759231991809,negative,0.01799202978058826
1259676760175792128,negative,0.1252284027315309
1259676760486051840,negative,0.22703106315017715
1259676761538912257,negative,7.800880310813729e-05
1259676762235113472,neutral,0.47773211781174707
1259676762738393088,negative,3.4245111229766865e-06
1259676766270099456,negative,0.04417197360848566
1259676766668558337,negative,0.11493631824062968
1259676767876526085,negative,0.24548792260080854
1259676767939366912,negative,1.2437802542683136e-06
1259676768853778433,positive,0.6824837810859113
1259676769973612544,negative,0.1537391738909786
1259676772146335746,negative,1.2437802542683136e-06
1259676776168656903,negative,0.013674152675538846
1259676779763163136,negative,0.04047778288701192
1259676781059153921,negative,0.006282027661816923
1259676782074134535,negative,1.2437802542683136e-06
1259676897748942849,negative,0.0012346320141581391
1259676898206105600,negative,0.05243500118393326
1259676899233509376,negative,8.286441915696123e-05
1259676899728601090,negative,0.01707308619946607
1259676899824906240,negative,5.9360588965499074e-08
1259676900634607618,negative,0.013994802818286878
1259676900802387976,neutral,0.48544335097552677
1259676903147016192,negative,0.09754031555416995
1259676903419478021,negative,0.07242407661842509
1259676903427932161,neutral,0.3499352441185855
1259676903579045889,neutral,0.6351025715694747
1259676904723906560,positive,0.675254256211609
1259676906154332167,negative,0.0005509412349913992
1259676907106435072,negative,0.011346795706893863
1259676908750622725,negative,6.65113465923887e-08
1259676909178204160,negative,0.27285607821453484
1259676909585260548,negative,0.20458154954142835
1259676910034001921,positive,0.9458278722522288
1259676911015464961,negative,0.00019547164809635456
1259676912856727552,negative,0.04339775856527179
1259676912936509442,positive,0.9004029805726697
1259676913192316929,negative,0.0018902192182144704
1259676913192382469,negative,0.06416804600411988
1259676913586577409,negative,0.00270253129715177
1259676913896808448,negative,8.286441915696123e-05
1259676915587145729,negative,0.16510907912969588
1259676916178653184,negative,0.03727656168708604
1259676916904312832,negative,0.2379149042416375
1259676917751582720,negative,6.132247593914117e-07
1259676918368006144,positive,0.8815524969375581
1259676919160647680,negative,0.02553668276409016
1259676920557551618,negative,0.04358691503820569
1259676921413033985,negative,0.00024750396461781156
1259676922914758658,negative,3.4154349239347834e-07
1259676922994458625,negative,0.001083886781877508
1259676923459928067,positive,0.9367177589015273
1259676923833118721,negative,0.00015435636511022886
1259676924156264455,neutral,0.47773211781174707
1259676924332453889,negative,0.05243500118393326
1259676924852527105,negative,0.06416804600411988
1259676925129363456,negative,0.0010612284658163883
1259676925850783746,negative,0.0003199160987953972
1259676926182150144,negative,0.18784649537029258
1259676926538547200,positive,0.7607666920523225
1259676926668570624,negative,0.006282027661816923
1259676926744068103,negative,0.03035934002002571
1259676927230717953,negative,0.2685571152573295
1259676927352279040,negative,4.887014854202853e-05
1259676927742414849,negative,0.006282027661816923
1259676931336871938,negative,0.02182740901000955
1259676931802509312,negative,0.022927330302186126
1259676931877941250,negative,0.05940340700655906
1259676936021913600,negative,0.035640246829470645
1259676936357502978,negative,0.024185383972425128
1259676936806248449,negative,0.000272831279540238
1259676937183780868,negative,0.018178261005149653
1259676937401884674,negative,0.0041858105796429524
1259676937598824448,negative,0.19044257264177342
1259676937796096000,negative,4.418115164519808e-05
1259676941180964864,negative,0.1000828611346772
1259676943307464710,negative,0.07195779324881711
1259676943663980546,negative,0.0005037292801217843
1259676944968437764,negative,0.000827438658049414
1259676945706618880,negative,0.00840875284738465
1259676945899573248,negative,0.0005630395380749242
1259676946168000518,negative,4.629789377490646e-06
1259676950605553665,negative,0.1367956679174708
1259676950915883011,neutral,0.43279528925531024
1259676952702726150,negative,0.0006636410482176543
1259676953482797056,negative,0.15425849514647677
1259676954107752452,negative,3.602481306920204e-06
1259676954258812928,negative,9.704904915677004e-08
1259676954418188289,neutral,0.46127768308170247
1259676955194068994,negative,0.013791784858352887
1259676955697389569,neutral,0.5530649761125837
1259676956246884352,negative,0.09754031555416995
1259676957257670659,positive,0.9723065281561349
1259676957828136962,neutral,0.36715514235378993
1259676958067232768,negative,0.18459858958932926
1259676958738321410,negative,0.0007760431996096006
1259676959401009152,negative,0.0010025431378403822
1259676962106343424,negative,0.09402826549392534
1259676962190241798,negative,0.24565670057792363
1259676962391568385,negative,0.03497456422817877
1259676962483834882,negative,0.01704183138969858
1259676964408999936,negative,0.00019547164809635456
1259676965684088833,negative,0.010825335953518615
1259676965973434369,neutral,0.5008237237812975
1259676968783622144,negative,0.08925544718175354
1259676970423631873,negative,0.0003660119997963394
1259676970767581184,negative,0.014281423819150445
1259676970947837953,neutral,0.4471030888104273
1259676975511330816,negative,1.2437802542683136e-06
1259677075746836480,negative,0.00270253129715177
1259677076749275136,neutral,0.5762578033233333
1259677077151854592,positive,0.9999000592596056
1259677077953024002,negative,0.003683189081096581
1259677079466958849,negative,0.027885749962428145
1259677081882914816,negative,0.06399361664219883
1259677084370309128,positive,0.9542043903517397
1259677084789735426,negative,0.0010025431378403822
1259677084844273664,negative,0.16914680342012253
1259677085351714817,negative,0.13952507454351062
1259677087662817280,negative,0.013918116476991326
1259677088765882368,neutral,0.34513884169241604
1259677088807882755,negative,0.13734033137311283
1259677089810255872,negative,0.0010025431378403822
1259677091353812993,negative,0.05243500118393326
1259677091596918784,negative,0.0851269252254444
1259677092079337477,negative,0.00013783791803949824
1259677093174091777,negative,0.004361365290893559
1259677094939955200,neutral,0.4891650206615407
1259677096449912835,negative,0.013674152675538846
1259677098324758538,neutral,0.5566834741082435
1259677100379910146,negative,0.01387682643738661
1259677100518387715,negative,0.011615737603487442
1259677103240421378,negative,0.0010025431378403822
1259677104087719936,negative,0.02771046601551483
1259677105178148864,negative,0.0240534559360806
1259677105262071808,positive,0.7863204196863923
1259677105291329538,negative,1.871944381324919e-09
1259677106742743043,negative,0.08878362580220242
1259677107136888839,neutral,0.3387659427432253
1259677108261044229,negative,0.00016667072005645056
1259677111096422402,positive,0.9949561275053965
1259677113361354753,negative,0.0018794596921074696
1259677116314062848,negative,0.008141578039290321
1259677117039677442,negative,0.003334897506599487
1259677117631037442,negative,0.015701035752993114
1259677117740208131,negative,0.1375556330165261
1259677118218330123,negative,0.09754031555416995
1259677119141023744,positive,0.672531052249421
1259677119694745603,negative,0.0018742597876966994
1259677121410142208,negative,0.0014082538659986586
1259677122064498688,negative,0.038800982286175
1259677125528911872,negative,0.0001393121255449499
1259677127017771008,negative,0.07242407661842509
1259677127663853569,negative,6.464192278966854e-07
1259677128301391873,negative,0.19512902450161523
1259677129178001413,negative,0.00015789827513759506
1259677129400299520,neutral,0.48542713811914107
1259677130411180033,negative,0.006491398310810922
1259677131203805189,negative,8.286441915696123e-05
1259677131325480962,negative,2.928570590452184e-05
1259677131338113031,positive,0.9004029805726697
1259677132558663681,negative,1.2821377820417962e-07
1259677133439414277,negative,0.03151131219988187
1259677133775003656,negative,0.06279072025934425
1259677136111239168,negative,0.24548792260080854
1259677136991985665,negative,0.0007401906722968939
1259677137013006339,negative,7.505872669773181e-07
1259677138585878528,negative,0.0010612284658163883
1259677138631999490,positive,0.6792494575444393
1259677140431314944,negative,0.1061808150628229
1259677141857378304,neutral,0.6172383477481156
1259677144881541121,negative,0.00010243739900462317
1259677145711828993,negative,6.150728347104173e-05
1259677146315882496,negative,0.01387682643738661
1259677147586867203,negative,0.05175721697550074
1259677150753456135,negative,0.07201229037896263
1259677151944638465,neutral,0.36360797070993217
1259677152037015556,negative,0.0025009967779338472
1259677152921948160,neutral,0.45200319760533775
1259677152947159042,negative,0.0010025431378403822
1259677153148522497,negative,0.07329646804514393
1259677253564272645,negative,0.020857505499661637
1259677254378029058,negative,0.07242407661842509
1259677254818414592,negative,0.0034989158554812297
1259677255577604096,neutral,0.3385252644667176
1259677255631921153,negative,0.0003205713684134867
1259677256529571840,neutral,0.36715514235378993
1259677257657978883,negative,0.051857556206605426
1259677259356569602,negative,0.0018902192182144704
1259677259981619200,negative,0.002235766807003434
1259677260837269512,negative,1.4903521712777086e-06
1259677262271692801,negative,0.013674152675538846
1259677263487995904,neutral,0.5008237237812975
1259677265929089024,negative,0.0008867950214162592
1259677266755411969,positive,0.6824837810859113
1259677267346755585,negative,0.24548792260080854
1259677268101804032,negative,0.07238920822745765
1259677268219170817,negative,1.4903521712777086e-06
1259677268772892675,negative,0.01822999594137903
1259677268793851904,negative,0.00013793678948100448
1259677270765174784,negative,0.13519213350639775
1259677271251660802,negative,0.0002305962424528418
1259677271734063105,negative,0.14298756254375408
1259677271851503622,negative,0.24565670057792363
1259677272585523200,negative,0.029019408993778903
1259677272941965312,negative,0.005194593975635578
1259677273793294337,negative,0.0003205713684134867
1259677275315933189,negative,0.05243500118393326
1259677277618688000,negative,0.03652007099457351
1259677278319128577,negative,1.5576565967285155e-06
1259677278751068160,negative,2.196742763092335e-06
1259677278973329410,negative,0.00270253129715177
1259677279459950592,neutral,0.6172383477481156
1259677279933923328,neutral,0.36381300262057953
1259677279950712832,negative,0.011564379582228394
1259677280680448000,negative,2.4255855131317825e-09
1259677280764297217,negative,0.09222603638539402
1259677280776962048,neutral,0.3463189215312905
1259677280944742400,negative,0.050080227465069085
1259677281104080897,negative,0.13509185177454286
1259677281968062465,negative,0.00270253129715177
1259677282970599425,negative,0.08591561864960427
1259677283293462534,negative,3.854302849886362e-05
1259677284723761152,negative,0.024177892496496014
1259677286225317888,negative,0.0025009967779338472
1259677286703472643,negative,2.1559670121266094e-06
1259677288758571008,negative,0.06416804600411988
1259677289584955399,negative,8.686862486427624e-06
1259677292231634946,negative,5.824222870534565e-11
1259677295272505344,neutral,0.47805860824954416
1259677295901540354,negative,0.0010025431378403822
1259677297222864897,neutral,0.47185801520249826
1259677298661433355,negative,0.07308840001818126
1259677299911376898,negative,4.5121288892235104e-06
1259677300091740160,negative,0.00014193270357274298
1259677302528638978,negative,0.0022744540432564245
1259677303149408256,negative,0.003519843702265398
1259677303422009347,negative,1.4857132173484048e-08
1259677303606517761,negative,0.0336231100545262
1259677306307719168,negative,6.549844046662737e-05
1259677306861297664,negative,0.09754031555416995
1259677307851214858,negative,0.00021180595785239727
1259677311575744513,negative,0.0010025431378403822
1259677312586600456,negative,2.0159603605481994e-07
1259677316134973458,negative,0.09754031555416995
1259677316327837696,negative,0.0019004057738774842
1259677316923502592,negative,0.27675766278087843
1259677316973805568,negative,0.17785859282602975
1259677320253771777,positive,0.9398960509693567
1259677320467681281,negative,0.24565670057792363
1259677320597704704,negative,0.010910331780002088
1259677321276997635,negative,5.9360588965499074e-08
1259677321382047744,negative,0.06416804600411988
1259677321809874945,negative,0.00017730944071005214
1259677323135201280,negative,0.19044257264177342
1259677323676258304,negative,0.00270253129715177
1259677326448738312,negative,0.043494192642790475
1259677326473867264,positive,0.9004029805726697
1259677326994014208,negative,0.0006111206745680726
1259677327610400769,negative,0.0003205713684134867
1259677329225396230,negative,0.002044737240125807
1259677332383596545,negative,0.0003055454792287052
1259677334128517121,negative,0.05082072941868382
1259677334816337926,negative,1.4374457220703767e-08
1259677336800280578,negative,0.06986867954925612
1259677337366323202,negative,0.06986867954925612
1259677338998124546,negative,0.06279072025934425
1259677339153313792,negative,0.00017659013711034067
1259677339585298432,negative,0.24565670057792363
1259677339782438913,negative,0.02182740901000955
1259677340914847748,positive,0.7264240096332016
1259677341481078784,negative,0.004673724721106376
1259677342064087041,negative,0.06416804600411988
1259677342110289927,negative,0.000718822699117608
1259677428064157696,negative,2.532786201256524e-07
1259677431516073985,neutral,0.3719053757343934
1259677431583125506,negative,0.00011594068940910565
1259677431641919495,negative,0.00044131083617692456
1259677432463925251,negative,0.03687029720667786
1259677433109848071,negative,0.0010899692269339906
1259677433596383232,negative,0.02397936078398156
1259677435454521344,negative,0.0001352988087198643
1259677437782343687,negative,0.020857505499661637
1259677438906454018,negative,0.0010612284658163883
1259677439300718594,neutral,0.42026469735212935
1259677439355215877,negative,0.05678359842693954
1259677442358329345,negative,5.9360588965499074e-08
1259677442714865666,negative,0.00010399696601720357
1259677442945449987,negative,0.05243500118393326
1259677445407551489,negative,1.9843645128549553e-06
1259677445709598726,negative,0.00270253129715177
1259677445973737473,negative,0.13952507454351062
1259677447257292805,negative,0.0829543510555653
1259677447538302977,negative,0.3281955327535473
1259677450075885570,negative,0.005543655301606048
1259677452588195842,positive,0.9542043903517397
1259677454999879680,negative,0.01311636651749049
1259677455771631616,negative,0.15641724021263748
1259677457092956161,neutral,0.34076927931029793
1259677458170810368,negative,0.02182740901000955
1259677459273957383,negative,0.013674152675538846
1259677459911520256,negative,2.354373747551946e-05
1259677460431613952,negative,0.0003205713684134867
1259677461178089473,negative,0.0010025431378403822
1259677463313108992,negative,0.27675766278087843
1259677463396974594,negative,0.00015931189362738447
1259677463644422155,negative,8.239713428646741e-06
1259677464726507520,negative,0.00257193255654754
1259677467121537026,negative,6.510954654457896e-06
1259677467482218496,negative,0.00014673936894625804
1259677467687731201,negative,0.024686377661560947
1259677469646487552,negative,0.018178261005149653
1259677470862827520,negative,0.0013481509227912438
1259677472259477511,negative,0.01955105150836631
1259677472687259649,neutral,0.5355205463611974
1259677475443007496,negative,0.06416804600411988
1259677475606536195,negative,0.06416804600411988
1259677475623272455,negative,0.00270253129715177
1259677475967324163,negative,0.0035289359474585543
1259677476453789700,positive,0.9577102513045814
1259677477179396097,negative,0.008737268717232913
1259677477854683136,negative,0.0005254714553300671
1259677479649804289,positive,0.807277553864614
1259677480027332608,negative,0.021770830032045708
1259677481772163072,negative,0.06279072025934425
1259677482728525825,negative,0.00011594068940910565
1259677483588300800,negative,2.3162486221360847e-06
1259677483592495112,negative,0.02771046601551483
1259677483676438528,negative,0.1474283526534481
1259677484641144832,negative,0.004304372562477757
1259677485073080323,negative,0.021026682017394837
1259677486482427909,negative,0.011346795706893863
1259677487707172870,negative,0.0025009967779338472
1259677488965390336,negative,0.14528481513794983
1259677490177552386,negative,0.00019547164809635456
1259677492866138113,negative,0.010545979321935411
1259677494724132865,negative,0.0010025431378403822
1259677495009464320,negative,0.00032080140564151653
1259677495806382081,positive,0.9542043903517397
1259677497064636416,negative,0.01387682643738661
1259677497106423808,negative,0.2214536032056412
1259677498981453824,neutral,0.4079577509265743
1259677500562702336,negative,0.19044257264177342
1259677502521446407,negative,0.25160651867053596
1259677503830077441,negative,0.017446043440953685
1259677505310654464,negative,0.0002286176689540521
1259677507047079936,negative,6.464192278966854e-07
1259677507600736256,negative,0.09754031555416995
1259677508330565632,negative,0.0034989158554812297
1259677638714634241,negative,0.06986867954925612
1259677639377289218,negative,0.0010025431378403822
1259677639671001088,negative,0.0011682584281911676
1259677640589524993,negative,0.01161679981692858
1259677641570992128,negative,1.2437802542683136e-06
1259677641608757250,negative,0.1564747102256925
1259677642221068289,positive,0.8640692716907965
1259677643730976769,negative,0.0004446712732336448
1259677645639475200,negative,0.03451307134425124
1259677645811388417,negative,0.04323868965749205
1259677646851538944,negative,0.0006111206745680726
1259677646914555905,negative,0.01387682643738661
1259677647505948673,negative,0.2297984884374534
1259677647715663879,negative,0.0012346320141581391
1259677648567111680,negative,1.523126365505677e-05
1259677650748166145,negative,0.11804785177596086
1259677651586789376,negative,0.16224689967835126
1259677652966952961,negative,0.06279072025934425
1259677653931622401,negative,0.06416804600411988
1259677654296530944,positive,0.9004029805726697
1259677655340847106,negative,0.0588091434982943
1259677655462535176,negative,0.03727656168708604
1259677655521255424,negative,0.19310780101344888
1259677658243268610,negative,0.00010399696601720357
1259677662194348033,negative,0.01387682643738661
1259677662584492034,negative,0.2569624598473517
1259677663142305792,positive,0.7179151369627413
1259677663255572483,negative,0.0005111930531768347
1259677663540793345,negative,0.22733799482419703
1259677664446689280,negative,3.4245111229766865e-06
1259677664601952259,negative,0.01387682643738661
1259677664824131586,negative,0.19444546501850618
1259677664866185216,negative,0.0010612284658163883
1259677664891359233,negative,0.13090038562342188
1259677665604313089,negative,0.00270253129715177
1259677666074116096,negative,0.00011594068940910565
1259677666338316298,negative,0.06279072025934425
1259677668640993281,negative,0.03144788302903676
1259677668766703616,negative,6.260021416441415e-05
1259677670599688192,positive,0.8168670945334474
1259677670868205568,negative,0.000939514584441146
1259677673309298690,positive,0.9934926196933144
1259677673552588800,negative,5.977756289491807e-08
1259677674156539904,negative,0.04760681325783257
1259677674416586754,neutral,0.39543213595764415
1259677675469275142,negative,0.13306999012077053
1259677676299792384,negative,0.0006111206745680726
1259677678724153349,negative,3.416092903825198e-05
1259677680993271808,negative,0.05243500118393326
1259677682016673792,negative,0.044746004273675845
1259677682914254848,negative,3.9494524612921957e-05
1259677683094417408,negative,8.286441915696123e-05
1259677683526635521,neutral,0.39145838154635143
1259677686114521088,negative,0.00270253129715177
1259677688379461633,negative,0.0003205713684134867
1259677688731762689,negative,0.03908930113231598
1259677688979226624,negative,0.0029387561055579142
1259677689524424704,negative,0.08734888482795726
1259677691256680450,negative,0.2337257956736695
1259677691629928450,negative,0.0016329773240308853
1259677693437771776,negative,0.11246316075147911
1259677693609742341,negative,1.2437802542683136e-06
1259677693743898624,negative,0.06416804600411988
1259677694360465408,negative,0.24565670057792363
1259677694519840770,negative,0.020254775978135815
1259677694532431872,negative,0.00011594068940910565
1259677696424017922,negative,0.0002286176689540521
1259677696466006023,negative,0.00270253129715177
1259677696688304129,negative,0.048220400418204246
1259677698156367872,positive,0.9255069934657735
1259677699917991936,negative,0.00032080140564151653
1259677700383522817,negative,0.008514363415646122
1259677700769415168,negative,0.016132898560637716
1259677701377581056,negative,0.0010744294365834875
1259677705085296640,negative,0.05048604778918274
1259677802250539008,negative,8.286441915696123e-05
1259677803261370369,negative,0.008353001067320199
1259677804976898049,negative,2.354373747551946e-05
1259677805492781057,negative,0.06399361664219883
1259677807170539520,negative,3.2605838726558715e-05
1259677807665430535,negative,0.0044014020140680545
1259677811280928769,neutral,0.3403391890910929
1259677811587125250,negative,3.4245111229766865e-06
1259677811737935874,negative,3.4245111229766865e-06
1259677811935260679,negative,0.0033606350040496086
1259677812442750977,negative,0.0009652859470570371
1259677813759762437,positive,0.749306201111099
1259677814556590081,negative,1.2437802542683136e-06
1259677814674075648,negative,0.00013783791803949824
1259677814829264898,negative,1.220884647088982e-07
1259677817392029696,negative,0.0032491186163925295
1259677819396816897,negative,0.006775724579335312
1259677819581448197,negative,0.003252448433370023
1259677820709507073,negative,0.0038451857741143214
1259677821003354112,negative,2.354373747551946e-05
1259677823180079106,negative,1.4903521712777086e-06
1259677826669858816,negative,5.914739278901105e-12
1259677828028624896,negative,0.2620341203092452
1259677828351766528,negative,0.0006111206745680726
1259677830071283718,negative,0.04366329927434016
1259677831363256322,negative,1.523126365505677e-05
1259677831761670145,negative,2.6701572178183754e-05
1259677831887572992,negative,5.9360588965499074e-08
1259677833787408384,negative,0.00023289984427522653
1259677834236362754,negative,0.006370806405068423
1259677834521595904,negative,0.03035934002002571
1259677835456905217,positive,0.6653904289618482
1259677836098646016,negative,0.0006412606839871961
1259677836534824970,negative,0.0006412606839871961
1259677838241869825,negative,1.2953043172335601e-05
1259677838686523392,negative,0.020444782531428445
1259677838766231559,negative,0.09732075907093395
1259677838866812928,negative,0.015357129233410281
1259677839563120642,negative,0.06986867954925612
1259677840179556352,negative,0.009471165174853958
1259677840678813702,negative,0.015357129233410281
1259677840733343744,neutral,0.40668289971635485
1259677840741748736,negative,6.512408066558129e-05
1259677841249239041,negative,0.0001393121255449499
1259677842905972741,negative,0.00041732822265126224
1259677843409252353,negative,3.9494524612921957e-05
1259677844575268866,negative,0.016966262639556837
1259677847276437505,negative,0.011175369368598734
1259677847481810944,negative,0.30887559506977674
1259677850808057865,negative,0.0382651541086853
1259677851982299137,negative,0.0003205713684134867
1259677853689487360,positive,0.9808505777140265
1259677853731479552,neutral,0.3838433250431312
1259677855174311936,negative,0.026012066062982408
1259677855283400704,negative,2.158843776470856e-05
1259677856109559808,negative,0.0004900235916307993
1259677856193556482,positive,0.9998724717939879
1259677856436756481,negative,0.011346795706893863
1259677856520646657,positive,0.9004029805726697
1259677857758003200,negative,4.887014854202853e-05
1259677857921540097,negative,0.08242131846111601
1259677859129503744,negative,0.0018988900259975278
1259677860836577280,negative,0.27307192769147104
1259677860991827968,negative,0.03862420018433853
1259677861926932480,negative,0.12130084540211128
1259677862224945153,negative,0.06896550243588336
1259677863512543240,negative,0.21262552966656492
1259677865135738881,negative,7.579646937911348e-08
1259677865286742023,negative,0.07201229037896263
1259677866666721282,negative,2.354373747551946e-05
1259677867614617603,negative,0.00010399696601720357
1259677868289859585,negative,0.0010025431378403822
1259677868428333057,neutral,0.43602814208349644
1259677868466077697,positive,0.8865189792590762
1259677868923260929,negative,0.014279603231942179
1259677869527072768,negative,0.012437011091205792
1259677870378512385,negative,0.0025009967779338472
1259677870848241665,negative,0.13813632952232033
1259677873553633281,negative,0.012437011091205792
1259677876602810368,negative,0.016966262639556837
1259677980701282304,neutral,0.3489750659882322
1259677980999274498,negative,0.06986867954925612
1259677982639128576,negative,0.02260247872914301
1259677983440343040,negative,0.13952507454351062
1259677983918436354,negative,0.011346795706893863
1259677984769953794,negative,0.0021347084271138065
1259677984786722817,negative,0.19162574075728228
1259677986426626059,negative,1.4903521712777086e-06
1259677988662231042,negative,1.2437802542683136e-06
1259677992072220672,negative,0.13952507454351062
1259677992374108161,negative,0.15893656167700074
1259677992588058627,negative,0.023310187557615727
1259677992609079297,negative,0.00028577007582995047
1259677992990707715,negative,0.0008867950214162592
1259677993418489858,negative,0.016966262639556837
1259677994160926721,negative,0.0032491186163925295
1259677994269970432,negative,0.032689494024557404
1259677994790129665,negative,0.22005075797571222
1259677997906497536,negative,0.27675766278087843
1259677998644518912,negative,0.27307192769147104
1259677998950895616,negative,0.0006111206745680726
1259677999848275968,negative,0.0006111206745680726
1259678000640978945,positive,0.9673978320605799
1259678000808898561,positive,0.9808505777140265
1259678001790242817,negative,0.005179210038025121
1259678006995451904,negative,0.051857556206605426
1259678007452749824,neutral,0.6052260367986388
1259678007893078016,neutral,0.6552571621206418
1259678007901523970,negative,1.4903521712777086e-06
1259678009453350915,negative,0.3065451580470331
1259678011173097472,negative,0.022717547631353426
1259678011214921735,neutral,0.4761326000948011
1259678011483447298,negative,0.00010296939680223928
1259678011609296896,negative,0.0006412606839871961
1259678011722366976,negative,0.16510907912969588
1259678012536057856,negative,0.009471165174853958
1259678014100713472,negative,0.008196358878519763
1259678016982171651,negative,0.06279072025934425
1259678017003024384,negative,0.04417197360848566
1259678018756390920,negative,0.0012346320141581391
1259678019045789698,negative,0.22035583592088978
1259678024674541570,positive,0.9999000592596056
1259678026112983040,positive,0.8060313263878667
1259678029015650304,neutral,0.42323709658897973
1259678029309190148,negative,0.009471165174853958
1259678029913169920,negative,8.13423711262696e-11
1259678031163142146,negative,0.008849985802884684
1259678031221833728,negative,0.013994802818286878
1259678033285275649,negative,0.09769210163255303
1259678033688121344,negative,0.0040425414539528295
1259678033742565377,negative,0.00010399696601720357
1259678034153680901,negative,0.06986867954925612
1259678039077765120,negative,0.018198777667363764
1259678043293069314,negative,0.20940793233547356
1259678043804753921,negative,0.015584758969850456
1259678044513599488,negative,4.551514439891218e-06
1259678044521988098,negative,0.2369710931082333
1259678044974956546,negative,0.017127552350520426
1259678045520236547,positive,0.9605202858126779
1259678046405242881,negative,0.162318488608109
1259678047583776768,negative,0.0037139718220888904
1259678048468664322,negative,2.0630765385499353e-06
1259678048678547456,neutral,0.42375752852811555
1259678049265684481,negative,0.06986867954925612
1259678049571942401,negative,0.00022306245998979812
1259678051434221569,negative,0.22005075797571222
1259678052021403649,negative,0.005024506086441478
1259678053694832646,negative,0.0016400710205939258
1259678054705750018,negative,0.06986867954925612
1259678055024537600,negative,0.0010744294365834875
1259678055842242560,negative,0.1392334274218395
1259678057763352576,negative,0.12868189745437478
1259678059168436224,negative,9.102810182940627e-07
1259678060586192898,negative,0.03497456422817877
1259678062255341568,negative,8.286441915696123e-05
1259678062892986368,negative,0.011401682628917878
1259678063257944064,negative,0.0014167534136876124
1259678064176500736,neutral,0.39461401579675004
1259678065111826434,negative,0.2384078489903245
1259678065841582080,neutral,0.5496234661379426
1259678068496461824,negative,0.0003205713684134867
1259678069373231104,negative,0.0033606350040496086
1259678070023258114,negative,0.013994802818286878
1259678182132891650,negative,0.13519213350639775
1259678183395332097,negative,0.06901296250953805
1259678183932211201,negative,0.007890273426946912
1259678185026969603,negative,0.00023349334345031022
1259678185828028416,negative,0.0004446712732336448
1259678186352205824,negative,0.0006111206745680726
1259678186490728456,negative,1.2437802542683136e-06
1259678187140919296,negative,0.21519833454198892
1259678188721934338,negative,0.16510907912969588
1259678191016435712,negative,0.013994802818286878
1259678191020457984,negative,0.07287291478877311
1259678191515570177,negative,1.899558653311612e-05
1259678191972683776,neutral,0.3447884648030977
1259678192522211335,negative,0.18707337847717637
1259678192828284929,negative,0.20940793233547356
1259678193025417223,positive,0.7721233048357815
1259678194619252738,negative,4.04758858269817e-06
1259678194988388361,negative,0.24565670057792363
1259678196821344261,negative,0.06279072025934425
1259678197186248705,negative,0.0038529283197845524
1259678198721380352,negative,0.09351447621426175
1259678199233024009,negative,0.06942752878135483
1259678202106085376,negative,1.2437802542683136e-06
1259678205004394505,negative,0.0008737269075331269
1259678205008654337,negative,0.19044257264177342
1259678205331587073,negative,4.344078837409747e-05
1259678205927215104,negative,0.00019547164809635456
1259678211547566083,negative,0.0630644987296442
1259678214332518406,negative,0.013360723828899622
1259678217880862720,negative,0.0021347084271138065
1259678218006736897,negative,0.00010399696601720357
1259678218031857666,negative,5.9360588965499074e-08
1259678219193769984,negative,0.0034795368667188305
1259678219231531009,negative,1.592335339144762e-05
1259678219667738624,negative,0.1474283526534481
1259678220057743360,negative,0.008849985802884684
1259678220565315586,negative,0.04676326091495573
1259678220900761600,positive,0.901048024389489
1259678220938629122,negative,0.1375556330165261
1259678222637244416,negative,0.00017115542175479692
1259678223274819586,negative,0.016966262639556837
1259678225892085765,negative,0.006269203738832642
1259678225913036807,neutral,0.4812314428611056
1259678226315718657,negative,0.03727656168708604
1259678228244922368,negative,0.13813632952232033
1259678229062922241,negative,0.014259874811545115
1259678234595205128,negative,0.00019547164809635456
1259678234767175680,negative,0.034796215879039014
1259678235249520640,negative,0.06942752878135483
1259678236100919299,negative,0.03862420018433853
1259678236109307905,negative,0.04323868965749205
1259678240383340545,negative,0.0033606350040496086
1259678241759117313,negative,0.01589748638581658
1259678243877257219,negative,0.0005423780535614047
1259678244305022977,negative,0.040960242042555495
1259678245412356096,negative,3.9173539146390374e-05
1259678247232602113,negative,0.015357129233410281
1259678249745092608,negative,0.08320104030198394
1259678249946357760,negative,0.13734033137311283
1259678250126753795,negative,0.0018902192182144704
1259678250717941765,negative,0.05243500118393326
1259678250722156544,negative,0.13813632952232033
1259678251561164800,positive,0.926502402420176
1259678251913555968,negative,0.05175721697550074
1259678252043587584,negative,0.00041732822265126224
1259678252421001217,negative,0.002834377111666377
1259678254463680518,neutral,0.49789225920557484
1259678254547570691,negative,0.05312823158132949
1259678255168270337,negative,0.0008056816993201972
1259678255688421379,negative,0.04323868965749205
1259678365272989698,negative,0.00011594068940910565
1259678365944086528,negative,0.008871353097833044
1259678367185543168,negative,0.0011301850558557327
1259678367210708996,negative,0.0025009967779338472
1259678368078999552,negative,0.06416804600411988
1259678369144287233,negative,0.13306999012077053
1259678369660178437,negative,0.06986867954925612
1259678370285191170,negative,0.14452984294962815
1259678370532638722,negative,0.011685053224995665
1259678371077709827,negative,0.1252284027315309
1259678371501486086,negative,3.166707167571585e-07
1259678371841282053,negative,0.27307192769147104
1259678372629749761,neutral,0.5136446707795853
1259678372902338560,negative,0.17311023424883856
1259678373644828672,negative,0.06416804600411988
1259678374445735936,negative,0.2384078489903245
1259678376991821824,negative,1.0645237027046154e-07
1259678381748207616,negative,0.03680129763318112
1259678382348021761,negative,0.01387682643738661
1259678382931038208,negative,0.02445129981924327
1259678384189210624,negative,0.011346795706893863
1259678384621326339,neutral,0.49789225920557484
1259678385518845959,negative,0.13342792737761977
1259678390530932738,positive,0.9415484154328492
1259678390581411842,negative,1.4903521712777086e-06
1259678391407570945,neutral,0.3489750659882322
1259678391428620294,negative,0.0371970601613471
1259678392586326016,negative,0.13761176176498757
1259678393282560000,negative,1.2437802542683136e-06
1259678393769119746,negative,0.06401591968663266
1259678394607902723,positive,0.9554667964958434
1259678395664826368,negative,0.06423411552608231
1259678397078343680,negative,0.0005723957865827438
1259678397648732162,negative,0.0018988900259975278
1259678397845962753,negative,0.24085167871020705
1259678398374391811,negative,0.009471165174853958
1259678398550609920,negative,4.344078837409747e-05
1259678398689009665,negative,0.0038900755159717937
1259678400626798598,negative,0.009471165174853958
1259678401692139520,negative,0.030770743923557577
1259678403910930433,negative,0.0018902192182144704
1259678404376477697,negative,0.0010612284658163883
1259678405664157696,negative,8.436753878500047e-07
1259678406825988097,negative,0.1576505783701655
1259678407383830530,negative,0.2800169000772446
1259678407497068544,negative,0.16510907912969588
1259678408696565761,negative,0.005428797701035191
1259678409086640128,negative,0.22035583592088978
1259678411699761157,negative,0.0010612284658163883
1259678412790272009,negative,0.07818657331459719
1259678412823842816,negative,0.007154857249791403
1259678412840611847,negative,7.800880310813729e-05
1259678412865703936,negative,0.1375556330165261
1259678413289390081,negative,0.1474283526534481
1259678413746507776,negative,0.006751694534744139
1259678413847171072,neutral,0.48542713811914107
1259678414124068870,negative,1.9037030195957406e-06
1259678414547664897,neutral,0.3447884648030977
1259678415491346438,neutral,0.49789225920557484
1259678415764013056,negative,1.5576565967285155e-06
1259678416204443649,positive,0.9605202858126779
1259678416619679744,negative,0.007869264684074164
1259678417479512066,negative,0.0005753352682466091
1259678417575952385,negative,5.153638353897978e-07
1259678422110011392,negative,0.017781261482037045
1259678423796064257,negative,0.05243500118393326
1259678424056168457,negative,0.011714056969205465
1259678424651743234,negative,0.00270253129715177
1259678424832114688,negative,0.0639685989082674
1259678426983731203,negative,0.004506541941892399
1259678428116201473,negative,0.21847877402104524
1259678429399724032,neutral,0.42375752852811555
1259678435879911424,negative,0.0010025431378403822
1259678436164919297,negative,0.0029387561055579142
1259678436769116161,negative,0.04115739154020539
1259678438748807170,negative,0.00027176471701481896
1259678439629414400,negative,0.060021210741969415
1259678439969378309,negative,0.03921139187530509
1259678439977693184,neutral,0.49789225920557484
1259678441210863617,negative,0.0009223170449981961
1259678441701552133,negative,0.1619746818516465
1259678553291010051,negative,0.06279072025934425
1259678553874083846,negative,0.006402417746190088
1259678555740438528,negative,0.01873331195996948
1259678556277391360,neutral,0.3416064780104973
1259678556529065985,negative,0.051857556206605426
1259678556831059968,negative,0.10112339414202315
1259678556843581445,negative,0.03497456422817877
1259678558944886784,negative,0.0740932161800693
1259678559980916738,negative,0.13525545640197068
1259678560119394304,negative,0.00263594710291896
1259678561193144320,negative,0.10181423373697127
1259678562094854144,negative,0.005517001064502584
1259678562602409985,negative,8.114741765007697e-05
1259678564313714689,neutral,0.5878251730269649
1259678565001551872,negative,0.16155508632974955
1259678567333412866,negative,0.011615737603487442
1259678567606243328,negative,6.0455237090531543e-05
1259678568252166144,negative,0.07984657224052415
1259678570038919170,negative,0.00038021004036638793
1259678571380998150,negative,0.11611753331396119
1259678573830569994,negative,0.06279072025934425
1259678574316929024,negative,0.11611753331396119
1259678577693462529,negative,0.0012791603606708943
1259678579274575872,negative,0.015054382861169986
1259678579572576257,neutral,0.5123095280943742
1259678580788903946,negative,0.014392146237106896
1259678582642741248,negative,0.00793275876394702
1259678583100002306,negative,5.787823783882854e-09
1259678583825543171,positive,0.9004029805726697
1259678583955640322,negative,0.0010744294365834875
1259678585872400387,negative,0.0015137216709446833
1259678587130691584,negative,1.1875940276508571e-05
1259678587634024449,negative,0.00041732822265126224
1259678589244538880,negative,2.144927197843788e-06
1259678590930649088,negative,0.0006111206745680726
1259678591379558405,negative,1.2437802542683136e-06
1259678593254383616,negative,0.00270253129715177
1259678594466529280,negative,0.0010025431378403822
1259678596815298562,negative,0.05048604778918274
1259678597062823938,neutral,0.33171726678303914
1259678597117288449,negative,0.00038021004036638793
1259678597872324615,negative,0.00026371210823463234
1259678601441673217,negative,0.1815568351196626
1259678602922090496,negative,5.302641967747057e-06
1259678604075687937,negative,0.008907965978665054
1259678604600004609,neutral,0.6080452746290035
1259678604818108418,negative,0.00014193270357274298
1259678604977483777,negative,6.464192278966854e-07
1259678605241733126,negative,0.005134420311059494
1259678605438844928,negative,0.0016614365477023935
1259678606437109764,negative,0.0059294597163644155
1259678606986489859,negative,0.011346795706893863
1259678607506649089,negative,0.007017709184270027
1259678607674421254,negative,0.03727656168708604
1259678608697720842,neutral,0.6176554770038845
1259678609608003584,negative,0.00038021004036638793
1259678610119692290,negative,0.06986867954925612
1259678611277254667,negative,0.004644893748365542
1259678611403046913,negative,0.051857556206605426
1259678612350996485,negative,0.0010643345868330556
1259678613273788417,negative,5.000830773924188e-06
1259678613512781825,negative,0.00011594068940910565
1259678613965877250,negative,0.1277273134230938
1259678615085539328,negative,0.00013783791803949824
1259678615211556865,negative,1.3156301146207937e-05
1259678615240835072,neutral,0.4507454498615163
1259678616054648832,negative,0.15501549614531876
1259678616302104577,negative,0.025769699404801713
1259678616700452866,negative,0.0052340225408469675
1259678617203806214,negative,0.0010612284658163883
1259678618034352128,negative,0.13734033137311283
1259678618504085506,neutral,0.3855191343188022
1259678620177629184,negative,0.03896521342714664
1259678622144778241,negative,3.2811754615934993e-08
1259678622366994436,negative,0.006737345088968136
1259678623964868609,negative,0.17591410698992307
1259678624434860040,negative,4.609932840160962e-05
1259678624732545025,negative,0.03921139187530509
1259678626666164226,negative,0.0003229529857090474
1259678753342599169,negative,0.18885531241983888
1259678755024441344,negative,0.0010744294365834875
1259678756005982210,negative,0.013674152675538846
1259678756400234496,negative,0.004941454929223134
1259678758090522624,negative,0.0006111206745680726
1259678762746163201,negative,0.008849985802884684
1259678762758742017,negative,0.0010612284658163883
1259678763283091456,positive,0.9372138322698721
1259678763878678529,negative,0.00010399696601720357
1259678764360970247,negative,0.21541875941883268
1259678764730064898,negative,4.265186632133395e-05
1259678765514395651,negative,8.808429435348253e-05
1259678765522866181,negative,0.2384078489903245
1259678765782835200,neutral,0.34076927931029793
1259678766739193858,negative,0.031332113857676445
1259678766743289856,negative,0.00270253129715177
1259678767984848897,positive,0.9206170256459625
1259678768844746753,neutral,0.34354648821462014
1259678769138356225,negative,0.05243500118393326
1259678769662607361,negative,0.013276011960176654
1259678770484711426,neutral,0.33171726678303914
1259678771394863105,negative,0.04927655489529808
1259678773185822720,negative,0.03727656168708604
1259678773500403712,negative,0.06416804600411988
1259678774804832259,negative,0.047159023752367045
1259678774930673665,negative,0.014287200557629682
1259678775555624961,positive,0.8097382844496196
1259678777208123397,neutral,0.4391747229778864
1259678777292066816,neutral,0.5017543432377519
1259678777896026117,negative,0.0012346320141581391
1259678778172858369,negative,0.0027426170837283994
1259678778223144961,positive,0.9004029805726697
1259678778823004161,negative,0.09625641930960623
1259678779649273856,negative,0.005239053641134193
1259678779758141440,negative,0.16247485786671742
1259678780102238210,negative,0.13952507454351062
1259678780769042440,negative,0.009762952217232128
1259678781448622080,negative,0.024177892496496014
1259678782933413889,negative,0.18737436277083577
1259678784078438400,negative,0.0018902192182144704
1259678786620198914,negative,0.13525545640197068
1259678786947297280,negative,6.5209436642687395e-06
1259678788121530368,negative,2.4767161121962454e-05
1259678793612001280,negative,0.0041858105796429524
1259678794513817600,negative,0.1291935958699174
1259678795256270848,neutral,0.4823093242060902
1259678798263603200,neutral,0.49789225920557484
1259678798896824322,negative,0.00017659013711034067
1259678800515915776,negative,0.2769239040264547
1259678800658477056,negative,0.00018388338241826437
1259678801015046146,negative,0.001804575468473385
1259678801023209472,negative,0.051857556206605426
1259678801665163264,negative,0.08287671379182243
1259678802139131906,negative,0.00038899641831340736
1259678803808473088,neutral,0.34147800693217545
1259678805226074114,negative,0.04781467127410231
1259678806614425601,negative,0.07641636116192349
1259678807151325185,negative,8.239713428646741e-06
1259678808371798022,negative,0.004723623473602492
1259678809613271040,negative,0.08309400097537332
1259678809906794498,negative,0.16247485786671742
1259678813254037505,negative,0.09824514875573788
1259678813807656960,negative,0.1474283526534481
1259678813870571520,positive,0.7653233346712537
1259678814248022017,negative,0.0013483349505385813
1259678816336830465,negative,0.005847285332757562
1259678933026570246,negative,0.0171598017663014
1259678933076922368,negative,0.002259757181544405
1259678933169115138,negative,0.00270253129715177
1259678933374644225,negative,0.022230096461950084
1259678935949946881,negative,0.03734447051369267
1259678935954178048,negative,0.05951956099761128
1259678937073975304,neutral,0.6122560684076434
1259678939229945859,positive,0.9532109426023244
1259678939548614657,negative,0.0022535693223676508
1259678939582205954,negative,0.14825978940826803
1259678940496609280,negative,0.0018988900259975278
1259678941721354241,negative,0.0033606350040496086
1259678941972885504,neutral,0.4823093242060902
1259678943558479873,negative,3.4245111229766865e-06
1259678944795770883,neutral,0.3663745188239513
1259678945370353664,negative,0.0002664492205045387
1259678945575940096,negative,0.06416804600411988
1259678945835913219,negative,0.0685188930866256
1259678947513634817,negative,0.27394948680822506
1259678948759306240,negative,0.1474283526534481
1259678949665316873,negative,3.3467336030016024e-05
1259678950206341126,negative,0.0010612284658163883
1259678950986526720,negative,0.019986407808533994
1259678951158546433,negative,0.05740322875072309
1259678951678582785,negative,2.60596357985136e-05
1259678953083723779,negative,0.004893615872734196
1259678953125666819,negative,0.20356320029456929
1259678953679224837,negative,0.013674152675538846
1259678953981313024,negative,0.019207605628954315
1259678954312683522,negative,0.05857814310421885
1259678956871090178,negative,0.07287781234195695
1259678958171242496,negative,0.0029762429847341584
1259678959056359426,negative,0.01379793556672461
1259678963024216064,negative,0.04323868965749205
1259678963439489029,negative,0.1856257934933536
1259678963477164032,negative,0.012162751971138084
1259678963808550916,negative,0.00270253129715177
1259678963942727681,neutral,0.5540465278835562
1259678964596998151,negative,0.1474283526534481
1259678967344386048,negative,0.001682422056412214
1259678967914811394,negative,0.17311023424883856
1259678973761671168,negative,0.013418220161707888
1259678973816000514,negative,0.00010399696601720357
1259678974038495238,negative,0.0003205713684134867
1259678974294265856,negative,0.06279072025934425
1259678975313547266,negative,0.00032080140564151653
1259678977649606657,negative,0.0006437923968460487
1259678978073399298,negative,0.0005509412349913992
1259678982481592321,negative,0.00019547164809635456
1259678983337189376,negative,0.004471905156545465
1259678983840546816,negative,6.861158948647434e-08
1259678983878250499,positive,0.9004029805726697
1259678984251596801,negative,4.615388774989928e-10
1259678984549339143,negative,9.518067762494628e-07
1259678988840194048,negative,0.1530481999067977
1259678990056513538,negative,0.06942752878135483
1259678990425395200,negative,1.6118436429407871e-07
1259678991633481732,negative,0.06416804600411988
1259678991746830336,negative,0.06529249687830911
1259678992082391042,negative,0.17311023424883856
1259678993780965376,negative,1.2437802542683136e-06
1259678995907596294,neutral,0.36979526280206465
1259678996171718657,negative,0.0011139469314405904
1259678997560131586,negative,0.0021347084271138065
1259678999548231685,positive,0.9004029805726697
1259678999699230720,neutral,0.4133068252273507
1259679000252887040,negative,0.07309361158703659
1259679000848404480,negative,0.00010399696601720357
1259665235390205952,negative,2.4303957187305902e-05
1259665235545292801,negative,0.11220763477777472
1259665236656783363,negative,2.6241332318634086e-06
1259665236849651717,negative,0.0008802403768974333
1259665237197885440,negative,0.00028295425326021356
1259665237852200966,negative,0.23149916868875114
1259665238259007488,negative,0.0036857807210596916
1259665238909235202,neutral,0.49789225920557484
1259665239815139329,negative,7.44651973961442e-05
1259665240926466049,negative,0.00966253486475533
1259665242298167296,negative,5.096728275453163e-06
1259665242876936193,negative,0.3077215937215397
1259665243451654145,neutral,0.42507619662732005
1259665243573227520,negative,0.002891732847110908
1259665243908853760,negative,0.006043393956057791
1259665245213253638,negative,0.10499331260704814
1259665245536055296,negative,3.1720593613365067e-09
1259665245800407040,negative,0.02906287089039545
1259665245854990343,neutral,0.45592579101346653
1259665245980839941,negative,0.3185797866132035
1259665246253285376,negative,1.71868263226664e-06
1259665247054499842,negative,3.938202778235312e-06
1259665249503973376,negative,0.0001615171457323028
1259665250644885504,negative,0.02405261522666886
1259665251097853952,negative,0.002722413984078485
1259665251517243392,negative,0.016107046908463065
1259665251848654850,negative,0.0010612284658163883
1259665251978612737,neutral,0.5630410866502906
1259665252620345349,negative,0.28416094054505836
1259665252683259905,negative,0.016612868510191257
1259665252763000833,negative,0.03862420018433853
1259665253119463425,negative,0.0010844700613079435
1259665254553980932,negative,1.1394902644266342e-05
1259665254570696705,negative,0.0015425566757892638
1259665254642061313,negative,3.117189568599087e-05
1259665255606689792,negative,0.00042979546131954784
1259665256474906624,negative,0.000154594111452603
1259665257339006976,negative,0.0360659026316898
1259665258110611456,negative,3.9361002143422684e-10
1259665259339681793,negative,0.014041238266961069
1259665261369712640,negative,0.09991394656657583
1259665261927505921,negative,0.011609678122867532
1259665262179213313,negative,0.061999980155757924
1259665263156514818,negative,4.019580077826256e-06
1259665263768805377,negative,0.0003612930654325537
1259665264704204800,negative,0.000818010833316264
1259665265182334979,negative,0.16479024737529208
1259665266889437184,negative,0.0036534094263907762
1259665267686363145,negative,0.006829410600828879
1259665268890046464,negative,0.002894152956894094
1259665269007495174,negative,1.5850448847720434e-08
1259665270051913728,negative,0.0024809135433759245
1259665271389855747,negative,0.031937462375455195
1259665271750565888,negative,2.175313572294456e-05
1259665272073568257,negative,0.0021984047600412267
1259665272757030912,negative,0.0009721209047037576
1259665273675792385,negative,3.3627933703875396e-08
1259665273872887810,negative,0.007572041309488738
1259665276250947585,negative,1.900991135098309e-06
1259665276527759360,neutral,0.3694749079867598
1259665276750008320,negative,0.0010844700613079435
1259665277064749056,negative,0.03933986679271507
1259665277123469312,positive,0.7396782254814135
1259665277421105153,negative,0.009561432208087329
1259665277517611009,negative,0.11920478565032387
1259665277542903809,negative,0.01086966529568716
1259665278180503553,neutral,0.39439463283712184
1259665278725734400,negative,0.04285293852558389
1259665280285970433,negative,0.0010844700613079435
1259665280428621824,neutral,0.4323225023402126
1259665280571080705,negative,0.0009715577207035442
1259665281775009792,negative,0.08463306785826162
1259665282093781006,negative,0.03727656168708604
1259665283184234496,negative,8.325200015954728e-05
1259665283624710145,negative,0.1188376399658234
1259665283888877568,negative,0.00017659013711034067
1259665284102787072,negative,0.00040635242098838116
1259665284283195393,negative,6.046659523876844e-06
1259665284824207367,positive,0.794536607981579
1259665286543917056,negative,0.11533849948252965
1259665288120893442,negative,0.012534337362717845
1259665288297144320,neutral,0.4147342023902695
1259665289077235714,positive,0.9084783873899047
1259665289320337408,negative,0.0010844700613079435
1259665289349935106,negative,0.0013325614824173351
1259665289844625413,negative,0.25401421255941126
1259665289899360265,negative,0.0002923003872774093
1259665290570485762,negative,0.3246879252173169
1259665290792710144,negative,0.10499331260704814
1259665291824545794,negative,0.022037275852210873
1259665291983937538,negative,0.0016727132089050822
1259665292130693120,negative,0.06922308865824568
1259665292336214022,negative,0.03410738822356795
1259665292415860741,negative,0.05667758814254637
1259665292415963136,negative,0.1188376399658234
1259665293040914432,negative,3.862767652451339e-07
1259665294026473473,negative,0.0559805640302094
1259665294651387904,neutral,0.4004567544089304
1259665294907379712,neutral,0.43988208189787964
1259665295532273664,negative,0.01784029024520025
1259665296002093057,negative,0.00966253486475533
1259665296022962177,negative,0.12378359490694008
1259665299667849219,negative,2.6942414632924577e-05
1259665300951306243,negative,0.04854127829413247
1259665301173669890,negative,0.10553297831919035
1259665301316263944,negative,1.8871194925232696e-05
1259665302855585792,negative,0.11529374532097783
1259665304751349761,negative,0.06290294368336803
1259665305330225153,negative,0.02202502545527129
1259665305653125122,negative,0.24081627254952076
1259665306080903168,negative,0.0829543510555653
1259665307406344193,positive,0.9996593201187919
1259665308949905409,negative,0.0007839245401794589
1259665309163757568,negative,0.01065844440956211
1259665309306322947,negative,0.0009721209047037576
1259665310031872001,negative,0.0015425566757892638
1259665310090747905,negative,9.006595748785897e-10
1259665310669508612,negative,1.213700782594374e-06
1259665311390928896,negative,0.0010426066794609573
1259665422288379904,negative,8.06085138186707e-07
1259665424670756869,negative,0.006829410600828879
1259665425236967426,negative,0.0001583077109574045
1259665425765449733,negative,0.0027075845674941726
1259665425924841477,neutral,0.4507454498615163
1259665426293932032,neutral,0.36470352424162406
1259665428722352136,negative,0.1114682759859009
1259665429666111493,negative,0.0030328979329152976
1259665429955588101,negative,3.430832506032745e-05
1259665429972295680,negative,5.518857405990498e-05
1259665430207254530,negative,0.04481394336164224
1259665430303649792,negative,0.12992359624225844
1259665430710493184,negative,0.14526736374125993
1259665433847828482,negative,0.0028004565676719826
1259665433885540353,negative,0.005839481389911643
1259665434363809794,negative,5.696238481794934e-05
1259665434942586884,negative,0.23149916868875114
1259665434959364096,negative,0.0033659798076027853
1259665436590948352,negative,0.09179475249050391
1259665438008541184,negative,0.10263494730854557
1259665439958933507,negative,0.23592131887252316
1259665441233883136,negative,0.0009721209047037576
1259665441477271554,negative,0.01839361215321593
1259665443083689987,negative,0.16082784984031429
1259665444564320256,negative,0.06741650418249664
1259665444694302720,negative,0.00015489092477156152
1259665444757295104,positive,0.8951302312318105
1259665444899827712,neutral,0.4402571704036702
1259665445990404193,negative,0.009307773856111182
1259665448481837056,negative,0.04574435665352584
1259665448511189000,neutral,0.45293461209902236
1259665448595054592,positive,0.794536607981579
1259665449941381120,negative,0.10499331260704814
1259665450629242882,negative,0.01373638873620955
1259665450658562048,negative,0.0013479611479437143
1259665451673694209,negative,0.2715893428393606
1259665452248244225,negative,0.04067589562128773
1259665453816918016,negative,0.0074019177376120114
1259665454756499462,negative,0.0016727132089050822
1259665455087837187,negative,0.3107281742138744
1259665455553413122,negative,0.0009721209047037576
1259665459084963840,negative,0.0009715577207035442
1259665459198246912,negative,0.020730677352599404
1259665461849010176,positive,0.9567843324177768
1259665463170269185,neutral,0.5431083464594965
1259665463325462531,negative,0.07588957976256708
1259665463685951490,negative,0.0013325614824173351
1259665464160129026,negative,2.206553064918547e-06
1259665464696995840,negative,0.006248738922124314
1259665465506439170,negative,0.07441097677783987
1259665465917521921,negative,0.3048812066995133
1259665466672504836,negative,0.1188376399658234
1259665466949341185,negative,0.27675766278087843
1259665467339427841,negative,0.2659571127960729
1259665468379594763,negative,0.2009780911939737
1259665469109424133,negative,0.10785747516877296
1259665469679820801,negative,0.011373484368130977
1259665470434623489,negative,0.17711332672486316
1259665471344803841,negative,0.2932271556353011
1259665471722393601,negative,0.0008149330722292424
1259665471990833156,neutral,0.437369725752128
1259665472078954497,negative,0.22105928399743557
1259665472947212290,negative,0.007284169750719068
1259665475488960512,negative,0.004464681490279847
1259665477284106240,negative,8.892498414683053e-06
1259665477363793921,negative,0.02712988442326638
1259665477615435776,negative,0.10263494730854557
1259665478643040258,negative,0.06331453790513507
1259665478865354756,neutral,0.4593218317852663
1259665479700025345,negative,0.0010844700613079435
1259665480102678528,negative,0.024074850491779893
1259665480207536130,negative,1.0319751628213175e-08
1259665480685686784,negative,0.0008705274481461085
1259665480912187393,negative,0.029806116215827457
1259665481201582084,negative,0.27675766278087843
1259665483227451392,negative,0.1361487816800524
1259665483260887042,negative,0.000154594111452603
1259665486817775617,negative,0.2771087727875628
1259665487383990279,negative,4.8027928628657274e-08
1259665487514013697,negative,3.8046648360739576e-05
1259665487580913665,negative,0.06593834499510917
1259665487794847744,positive,0.9766230216658486
1259665488491294721,negative,0.022438340248880573
1259665490722664455,negative,0.00024073613305476558
1259665491536248832,negative,0.00032080140564151653
1259665493281120256,negative,7.706711380329073e-06
1259665493377548295,negative,1.900991135098309e-06
1259665494556229634,negative,0.02116790117114996
1259665495214772225,negative,0.006367907789555986
1259665496225517575,negative,0.0016896950886833738
1259665497022517248,negative,0.017678953248950417
1259665497445945344,negative,1.523126365505677e-05
1259665499232878597,negative,0.038974502220811266
1259665499421581313,negative,0.08767355834947377
1259665499425734657,negative,8.11329892625168e-08
1259665499673120768,positive,0.9937380687094759
1259665500650561536,negative,0.22108718342680952
1259665500776341507,negative,0.0010844700613079435
1259665618070130690,neutral,0.33008634477668586
1259665619399606272,negative,0.0007770945939180067
1259665619642806272,negative,0.038974502220811266
1259665622746705923,negative,0.013782717641151607
1259665623229050880,negative,0.14531523743642866
1259665623451394052,negative,0.0067451943332301366
1259665624047005697,negative,0.05730078668854835
1259665624634200071,negative,0.00042019698181362315
1259665625540067331,negative,0.0013845115178867764
1259665626043502592,negative,0.047519881913405115
1259665627280793603,negative,0.00017210916861124775
1259665627792338945,negative,0.002884302276741412
1259665628887220225,negative,0.07312699563865263
1259665630254583810,negative,0.01047695886650338
1259665630611062786,negative,0.18723285947158988
1259665630665625600,negative,0.17166763467395044
1259665631949053952,negative,0.15816818678033132
1259665632863358978,negative,0.00015368907786732276
1259665634205540355,negative,5.35624843085703e-06
1259665634234904576,negative,0.05963251468165908
1259665634893455360,negative,0.0006218516256401117
1259665635761684487,negative,0.025658508649196624
1259665638777389056,negative,0.1361487816800524
1259665639406546950,negative,0.030788989175479547
1259665639809171458,negative,0.006248738922124314
1259665640232796161,negative,0.006684710022322737
1259665641587474437,negative,0.22533046763859554
1259665643063951366,neutral,0.43602814208349644
1259665644229926915,negative,0.1947486165211348
1259665644737499136,negative,0.0014413550319734634
1259665645442039808,neutral,0.5860511807457252
1259665645907689474,negative,0.00966253486475533
1259665646926934017,negative,0.09585220466330828
1259665647585366017,negative,0.0011472707561317342
1259665648021573632,negative,0.047519881913405115
1259665648617230339,negative,0.031950636787516494
1259665648684355586,negative,0.00017415805412426832
1259665650601074694,negative,0.02339854238766374
1259665651712626688,negative,0.051017071295361906
1259665651901358080,negative,0.011580824728852517
1259665651960107011,negative,0.000966364568690242
1259665652656353281,negative,0.001979059484144795
1259665653830729728,negative,0.0902117041152887
1259665653860110337,neutral,0.5136446707795853
1259665654417952769,negative,0.027874721981787483
1259665654736707588,negative,0.0010844700613079435
1259665655273578496,negative,0.004444017374527198
1259665656699514880,negative,0.1947486165211348
1259665656821231616,negative,0.009626505993075433
1259665657009975296,negative,0.118268687329635
1259665657316155393,negative,0.04504730780482824
1259665658565980160,negative,0.0009721209047037576
1259665659023298569,negative,0.0033659798076027853
1259665659048480777,negative,0.09585220466330828
1259665659346247680,positive,0.8515116672061595
1259665662370353152,negative,0.013425507304720946
1259665662701637639,negative,0.3107281742138744
1259665663548948495,positive,0.8481030497136183
1259665664261963783,negative,0.03137068353875951
1259665664610107392,negative,0.09677868744031175
1259665665000116226,negative,0.024337536785051406
1259665665893548034,negative,0.0919792313242612
1259665666254274561,negative,0.001015715184519468
1259665666937892864,negative,0.007467901834425969
1259665667248345088,negative,4.1821804435262225e-07
1259665671010615296,negative,0.013782717641151607
1259665671597764608,negative,0.04567540464318843
1259665673376202754,negative,7.836209092154704e-05
1259665674114404354,negative,0.0006652959816572004
1259665675250958336,neutral,0.4276451432276374
1259665675368488960,negative,0.3107281742138744
1259665676484173825,positive,0.9937380687094759
1259665677385895937,negative,0.2932271556353011
1259665678900047875,positive,0.9397963901719307
1259665679273332737,negative,0.03026406884290389
1259665679332016129,negative,0.0014707749928539865
1259665679546028033,negative,0.2568724926450307
1259665679785099264,neutral,0.3853561538418746
1259665679965466626,positive,0.8003716569947276
1259665681035022342,negative,0.00018546743222409753
1259665681282486273,negative,0.22132259647888727
1259665682830110721,negative,0.26707659821561264
1259665683547291648,negative,0.0008681113881821939
1259665684130398209,negative,2.054454113873953e-05
1259665684210089990,negative,8.091297826716144e-05
1259665685871046657,positive,0.9873319472850931
1259665686521163777,negative,0.12531906393061398
1259665686793719810,negative,0.04864846551514373
1259665687783575557,negative,0.0026355834155314876
1259665689201213442,negative,0.08309331462818202
1259665689813663744,negative,0.010564073112148072
1259665690665123841,negative,0.25468980038841715
1259665691831042048,negative,3.938202778235312e-06
1259665691931705346,negative,0.11566340476580617
1259665693244624896,positive,0.897621246861887
1259665694771290112,negative,0.0003282517822688615
1259665695580667906,negative,0.04211757665360136
1259665695970861056,negative,0.0011080318574874088
1259665696180535298,negative,0.03811366928796897
1259665803353481220,negative,0.028440933099729462
1259665803361882112,negative,7.453560304870986e-05
1259665805433856001,negative,0.0009395582315278111
1259665806843097088,positive,0.9906026052621373
1259665807082172421,negative,0.018170918578147514
1259665809368068096,negative,0.02202502545527129
1259665810169237510,negative,9.43012730356337e-08
1259665811439882240,negative,0.1947486165211348
1259665812723507200,negative,0.09585220466330828
1259665813457514499,negative,0.0010844700613079435
1259665813956628480,negative,0.006239923821605668
1259665814007042048,negative,0.044132343961847044
1259665814556295168,negative,0.034972624993996934
1259665814564802560,negative,0.2111591778688119
1259665816590712835,negative,1.0791044373943751e-05
1259665816993357827,negative,0.00042919620583500287
1259665817152733184,negative,0.0010426066794609573
1259665817219850242,negative,0.15736876300673608
1259665818616573958,negative,0.08536796283183526
1259665819560292353,negative,0.00034733895744948497
1259665820382355456,negative,7.082258028696769e-09
1259665821560963072,negative,0.12213753985292868
1259665824463441920,negative,0.10785747516877296
1259665825537110017,negative,0.013782717641151607
1259665825927254018,negative,1.1788857726067647e-08
1259665826107600902,negative,2.4914565269139356e-09
1259665826363441159,negative,6.610388565844132e-07
1259665826791161857,negative,0.2853936812879422
1259665826950586370,negative,4.947244707945464e-05
1259665827395239936,negative,0.02959815076230791
1259665827873374209,negative,0.0003720178371395454
1259665828871647232,negative,0.1947486165211348
1259665829009870855,neutral,0.41600917863779713
1259665829479792641,neutral,0.49789225920557484
1259665829488140288,negative,3.9850952687118755e-05
1259665830020866049,neutral,0.41690027968852345
1259665830817611777,negative,0.2769786987314885
1259665831237222400,negative,0.3091129939260426
1259665832197709824,negative,0.10499331260704814
1259665836299751425,negative,0.039917398382737244
1259665836765253632,negative,0.041686985798113835
1259665837096448005,negative,0.0010844700613079435
1259665837444784130,negative,0.2009780911939737
1259665837520109569,positive,0.9054584044921951
1259665837578952705,negative,0.04113968055629643
1259665840682737668,negative,1.7385235841013267e-05
1259665842658316291,negative,0.1188376399658234
1259665842704449536,negative,0.00010671008554787388
1259665842914168833,negative,0.07198369239250009
1259665843513851904,negative,0.002889068833196975
1259665844117921793,negative,0.1675088880390944
1259665844482854913,negative,0.027311980676491685
1259665844927451139,negative,0.1944026452906892
1259665846496083968,negative,0.021116029847501137
1259665847032872967,negative,0.0006635794267081925
1259665847855001601,negative,1.5720968977678102e-06
1259665848383557633,negative,0.00018546743222409753
1259665848962351105,neutral,0.5495922250151081
1259665850199613440,negative,0.0009862693234235296
1259665852519133190,negative,0.03862420018433853
1259665853672374272,negative,3.1018210166520118e-06
1259665854477799430,positive,0.9889444743583701
1259665854565842944,negative,5.2318477756797506e-09
1259665858470850562,neutral,0.5059703696014175
1259665859288629251,negative,0.0009721209047037576
1259665859712253952,negative,0.013142305824626093
1259665860224040966,negative,0.024019337880948972
1259665861150900224,negative,0.06077425627685169
1259665862254039042,negative,0.008849985802884684
1259665862635794433,negative,0.010069331804021376
1259665863310839809,negative,0.0003548926577949166
1259665864166715392,negative,0.10499331260704814
1259665864472829959,positive,0.7199500236259712
1259665865076858880,negative,0.10499331260704814
1259665865152307200,neutral,0.33032569347740887
1259665865190060033,negative,0.0007951836451634793
1259665865659875328,negative,0.00013815152126627557
1259665865844408321,negative,3.862767652451339e-07
1259665866737750017,negative,0.0005691044788810635
1259665867211714561,negative,0.0004999752829718225
1259665867681513478,positive,0.9995895685250573
1259665867866071042,negative,0.1283616233759324
1259665868608454656,negative,0.0869667620162282
1259665869854126081,negative,0.01193160967776833
1259665871208951809,negative,0.18013130764963445
1259665871515107328,negative,0.024910428167122307
1259665871934455808,negative,0.036144874183942376
1259665872240738305,negative,0.10263135157493096
1259665872278487048,negative,0.00021504069010153264
1259665872689541125,negative,0.03862420018433853
1259665873654042626,negative,0.0902644436164252
1259665876279873537,negative,0.007716833929587993
1259665877303095297,negative,0.01513307079235812
1259665878578274309,negative,0.0814179381748901
1259665879937298434,neutral,0.4737554465528978
1259665882176827392,negative,9.147849598207867e-05
1259665882734899203,negative,0.11232275182842627
1259665883410182144,negative,0.1484692067977948
1259665883452104712,negative,0.0902117041152887
1259665996085936128,negative,0.04016808677704204
1259665997906223105,negative,0.006749184737897995
1259665998732578816,negative,0.0006387374438261548
1259665999277821952,negative,0.23972773971202263
1259665999588216832,neutral,0.3679600698785994
1259666000997482496,positive,0.7755931332715473
1259666001605521408,negative,0.09850542571131411
1259666001756672000,negative,0.009774703961612402
1259666002486472704,negative,9.006595748785897e-10
1259666002507268096,negative,0.01071598023536536
1259666002867941377,negative,0.010335070274515608
1259666003371401216,negative,0.07314389653190558
1259666003610357760,negative,0.0014482645525301554
1259666003744763904,negative,9.159275925812114e-05
1259666004755591169,neutral,0.46318326475361027
1259666005288275971,negative,0.09991394656657583
1259666006219382786,negative,0.0067451943332301366
1259666006429048833,negative,0.19111244919484993
1259666006554918915,negative,0.2932271556353011
1259666006668120064,negative,0.06071771319738231
1259666006819168256,negative,0.010564073112148072
1259666008635310081,negative,6.27384464271457e-07
1259666010203922442,negative,0.2769786987314885
1259666010283614215,negative,2.272378954384311e-08
1259666010883477505,neutral,0.4147342023902695
1259666011785179139,negative,0.002884302276741412
1259666012103942145,negative,0.0008149330722292424
1259666013047664640,neutral,0.46318326475361027
1259666013844582400,negative,1.855194438600027e-07
1259666014310207488,negative,0.29768218943204505
1259666014393921536,negative,0.14850156981469834
1259666014436032512,negative,0.1188376399658234
1259666014452822026,negative,0.0009715577207035442
1259666015555813382,negative,0.0637352522597695
1259666015698501632,negative,0.11603373460297169
1259666016331857922,negative,0.004723623473602492
1259666016826732544,negative,0.008507668398793916
1259666018038939648,negative,0.10499331260704814
1259666019636989955,negative,3.938202778235312e-06
1259666019804643329,negative,0.28480543051223844
1259666020505210881,negative,0.30003434300511017
1259666020840755200,negative,0.09013154805823707
1259666021117550600,negative,0.00014473743984299737
1259666021818028038,negative,0.3156342808770678
1259666021843120128,negative,0.0009721209047037576
1259666021851504642,negative,0.06408061391474448
1259666021906108420,negative,3.3467336030016024e-05
1259666022023327744,negative,0.15383914826125009
1259666022832975877,negative,0.00022491109858610432
1259666023348912135,negative,0.15383914826125009
1259666023525101574,neutral,0.44082420043514486
1259666024552640512,negative,0.02202502545527129
1259666025165074435,negative,0.0015425566757892638
1259666026431688704,negative,0.007965691731840713
1259666026851119106,positive,0.9397963901719307
1259666027421536260,negative,0.10181849800348536
1259666028096827398,positive,0.6879029940120747
1259666028658929664,negative,2.4303957187305902e-05
1259666029535428608,negative,1.0791044373943751e-05
1259666030756069377,negative,1.1874382763468605e-05
1259666031330631683,negative,0.00021504069010153264
1259666031733325824,negative,5.096728275453163e-06
1259666032064630784,negative,0.1013536303788593
1259666032190521345,negative,0.10286358424607103
1259666033381687300,negative,8.322329771013762e-05
1259666033746620416,negative,0.006248738922124314
1259666034241540096,negative,0.002884302276741412
1259666036632231937,neutral,0.42695075000513394
1259666037160771585,negative,0.13801241188201818
1259666037873795073,neutral,0.3694749079867598
1259666039291420672,negative,0.0037380541620092326
1259666039908032513,negative,1.3649785511023674e-05
1259666040449048578,negative,5.66192999020893e-05
1259666040784650240,neutral,0.3853561538418746
1259666041338097664,negative,0.004626013551857709
1259666041434779648,negative,0.060749556975889116
1259666042126602240,negative,0.2580560619789238
1259666045117304834,neutral,0.36470352424162406
1259666045553397760,neutral,0.3693057674471268
1259666045683597318,negative,0.0559805640302094
1259666046622941184,neutral,0.5224961866741138
1259666047965237249,negative,0.1361487816800524
1259666048732876800,negative,0.00031625666673288727
1259666050079211520,negative,1.900991135098309e-06
1259666050557362177,negative,0.060749556975889116
1259666050569904130,negative,0.00022727841918011868
1259666052352335873,negative,0.0010844700613079435
1259666052864249856,negative,0.2864145558920463
1259666053564706817,negative,0.03084510379457838
1259666054554374144,negative,0.082436623551983
1259666055091359744,neutral,0.3775522017607436
1259666056177729537,negative,0.03173722760952988
1259666056546787328,neutral,0.5391371911639813
1259666057024999427,negative,1.6178411171538756e-07
1259666057498955777,positive,0.9873319472850931
1259666057528250370,negative,0.1188376399658234
1259666057540796418,negative,2.84822238291697e-06
1259666059784867840,negative,0.18723285947158988
1259666059810004993,negative,0.0017756260995097943
1259666060455735296,negative,0.0003881106424455963
1259666061722615811,negative,0.0796146583541547
1259666061831606273,neutral,0.3566313625838256
1259666063102377984,negative,0.02481363508763288
1259666063500943360,negative,0.008849985802884684
1259666064415371266,negative,0.0009721209047037576
1259666064918695937,negative,0.0005394837036622969
1259666065413595144,negative,0.023952258381482953
1259666067758202883,negative,0.013425507304720946
1259666068047564811,negative,0.05983056393827599
1259666068290842625,negative,0.01679203656627956
1259666068332830720,negative,0.00015489092477156152
1259666068509003776,negative,5.1003576019996756e-05
1259666068970364928,negative,0.037514898937512295
1259666069448536068,negative,0.0024973926170113814
1259666233064067073,negative,0.002884302276741412
1259666233391222785,positive,0.9998603587273756
1259666234603376640,negative,0.23149916868875114
1259666236121796610,negative,1.427780892021814e-07
1259666236830597120,negative,0.0012770655713096914
1259666236834791425,negative,0.01606643729167734
1259666236994174988,negative,0.001979059484144795
1259666237153513474,negative,0.014896530331577782
1259666238424395777,negative,0.0002511135330871114
1259666239414296577,negative,0.013782717641151607
1259666241100316682,positive,0.6776249749814096
1259666241251352583,neutral,0.6103746745299352
1259666244459954177,neutral,0.6012595599582221
1259666244984344577,neutral,0.4249404075430618
1259666245101682690,negative,0.06318658526649985
1259666245143588866,negative,0.12236163312838223
1259666249304420354,neutral,0.4398633176066292
1259666249556070402,negative,0.003493783955890547
1259666250243989505,negative,0.03727656168708604
1259666250667606017,negative,0.004673724721106376
1259666252022374406,neutral,0.4630147699088799
1259666254673174530,negative,0.007261336788937683
1259666255101001731,negative,0.006248738922124314
1259666256850026496,negative,0.03933986679271507
1259666257944682496,negative,0.02712988442326638
1259666258246742023,negative,0.1762543399493856
1259666258427097088,negative,0.04288699261105949
1259666258930343949,negative,0.19852572709769456
1259666260494888961,negative,0.0008808061002844568
1259666260771602433,negative,0.00014120251666872378
1259666262373916678,negative,0.0016172217991490855
1259666262420045824,negative,1.900991135098309e-06
1259666264525594624,negative,0.029377909266593557
1259666264688979970,negative,0.0012033654645512341
1259666264919867392,negative,0.039917398382737244
1259666266735833089,negative,0.18424599125064373
1259666266786275328,negative,0.0010844700613079435
1259666267432267776,negative,0.009626505993075433
1259666267792977920,negative,0.2069991025679891
1259666268459798531,negative,9.006595748785897e-10
1259666268841484294,negative,0.1064088798941016
1259666269764227072,negative,0.02339854238766374
1259666270003265544,negative,0.0024809135433759245
1259666272926793735,negative,0.0002471603124852197
1259666273786630146,neutral,0.36011135511452075
1259666274130542599,negative,0.1365918838877406
1259666274591752192,neutral,0.35395767112864357
1259666275388788736,negative,0.09351518256666302
1259666275393028096,negative,0.24081627254952076
1259666276504477701,negative,0.010564073112148072
1259666277066563584,negative,0.01021452927110924
1259666277951471616,negative,0.009975183008314592
1259666278815395840,positive,0.7224360996513634
1259666279646072841,neutral,0.5622356382060665
1259666279662829568,negative,0.035564574089708804
1259666279675330562,neutral,0.43988208189787964
1259666279675375618,negative,0.17448246323826827
1259666281227153408,negative,0.0010844700613079435
1259666282124886016,negative,0.0064586649316404595
1259666282305261569,negative,0.10499331260704814
1259666282334617600,negative,0.04927655489529808
1259666282628210690,negative,0.06619904248181852
1259666283077029893,negative,0.23592131887252316
1259666283504840711,negative,0.0010844700613079435
1259666283639046151,negative,0.0008149330722292424
1259666283722952705,negative,0.03182361154075018
1259666284876369923,negative,3.3467336030016024e-05
1259666285891391492,negative,0.2932271556353011
1259666286201704452,negative,3.8251433757102614e-05
1259666287946539008,negative,0.05730078668854835
1259666287959179265,negative,0.039533040641266316
1259666288017883137,negative,0.0008802403768974333
1259666288043077632,negative,0.13121758528918107
1259666289003499520,negative,0.163028119361353
1259666289183936512,negative,0.002884302276741412
1259666289255239680,positive,0.8548319935404205
1259666289859190792,neutral,0.4934147899885381
1259666290077286403,neutral,0.3989653554848301
1259666290089824257,negative,0.011569511827267898
1259666290303799297,negative,7.877697300507063e-05
1259666290991644672,negative,0.06909082038244753
1259666292572917761,negative,0.2568724926450307
1259666293428563974,negative,0.010257340735798131
1259666293944471557,negative,0.06933333606845576
1259666294720417792,negative,0.03862420018433853
1259666294741360640,negative,0.015340010154877851
1259666295034961921,negative,0.008849985802884684
1259666295802429445,neutral,0.420062572204379
1259666296238678017,negative,5.1003576019996756e-05
1259666297207619584,negative,0.07612548312961281
1259666297249566720,negative,3.938202778235312e-06
1259666297627054083,neutral,0.5254337315382879
1259666298524569600,negative,0.0008088419259603528
1259666299065688065,negative,0.19037144496838898
1259666299132751874,negative,0.007765052140972847
1259666299216523265,negative,0.19080272724089742
1259666299304783875,negative,0.0027689461055822357
1259666299669618689,negative,0.22533046763859554
1259666299690471426,negative,0.2769786987314885
1259666299745173504,neutral,0.4491046032694987
1259666300063961089,negative,0.0010844700613079435
1259666300139376643,neutral,0.36470352424162406
1259666301125091331,negative,0.1188376399658234
1259666301590568960,negative,0.23149916868875114
1259666301640937472,negative,0.15449762513109533
1259666302010036225,negative,0.03397301366617356
1259666302576164867,negative,5.650958468502227e-07
1259666304539201536,negative,0.04574435665352584
1259666305000620035,negative,0.015357129233410281
1259666306103681025,negative,0.00062556925630583
1259666306154061835,negative,0.006147875326522299
1259666306451808256,negative,0.04504730780482824
1259666306799939584,negative,0.0016142576969918707
1259666307303321600,negative,1.900991135098309e-06
1259666307500462092,negative,9.43012730356337e-08
1259666307596902401,negative,0.01374416052888531
1259666307974402049,negative,1.523126365505677e-05
1259666308561432577,negative,2.791150003483726e-05
1259666415801569281,neutral,0.3853561538418746
1259666415977525248,negative,0.3048812066995133
1259666416606892034,negative,5.1343915511283564e-05
1259666416653021185,negative,0.16734715578028267
1259666417080770560,negative,8.283569792300536e-08
1259666417638674432,negative,0.000154594111452603
1259666419165179904,neutral,0.41086737343706603
1259666419840544768,negative,0.2932271556353011
1259666419874136064,positive,0.8548319935404205
1259666419983224833,negative,0.0010844700613079435
1259666420234948609,negative,0.010755515699769383
1259666422004883459,negative,0.2221441560239208
1259666423082876931,negative,0.2635521829688702
1259666423129026562,positive,0.9151807331086509
1259666423368110082,negative,0.02339854238766374
1259666423766532096,negative,0.004821615777982872
1259666425863700483,positive,0.9995895685250573
1259666426094379010,negative,0.06818930331703713
1259666427004571648,neutral,0.3853561538418746
1259666428661243905,negative,0.060749556975889116
1259666428812300297,negative,0.12213753985292868
1259666428829093889,negative,9.435915033517793e-06
1259666429743333386,negative,0.00015489092477156152
1259666429986603008,negative,0.012312671359291079
1259666433836974081,negative,0.10263494730854557
1259666433874767873,negative,0.2772556701053535
1259666434923388928,negative,0.0003685674520664772
1259666435829387265,negative,0.18013130764963445
1259666436080963584,negative,3.9850952687118755e-05
1259666436127145987,negative,0.0010844700613079435
1259666436911398912,positive,0.9318997353544026
1259666439058763777,negative,0.0954404972692782
1259666440598237184,negative,0.08498640725537643
1259666441135161345,negative,0.01606643729167734
1259666442615754752,negative,0.00026817620330962414
1259666442842226690,neutral,0.3950641764674427
1259666443056164864,negative,0.3107281742138744
1259666443236454403,negative,0.01411476297314335
1259666443357970432,positive,0.9054584044921951
1259666443681005568,negative,0.3107281742138744
1259666444842868738,negative,0.0013479611479437143
1259666446285631489,negative,0.19080272724089742
1259666446520651782,negative,0.01373638873620955
1259666447208415244,negative,1.1789190667971866e-05
1259666447921344512,negative,0.011300183296484273
1259666447992791041,negative,0.04656596201177473
1259666448080752641,negative,0.07240852967771916
1259666449355833344,negative,0.03942290998771122
1259666450718982144,negative,5.149371761410919e-07
1259666452224884736,neutral,0.43602814208349644
1259666453114093569,negative,0.1750669937316125
1259666453680308224,negative,0.23592131887252316
1259666454489726987,negative,0.02712988442326638
1259666454519185418,negative,0.00435053262929234
1259666454535954432,neutral,0.3666768666241757
1259666455152529408,negative,0.0033659798076027853
1259666455592701952,negative,0.0019042289165848549
1259666455932608516,negative,0.06619904248181852
1259666456800878592,negative,0.04864846551514373
1259666457031585792,negative,0.030065231253855726
1259666457190940672,neutral,0.33032569347740887
1259666457379713026,neutral,0.38441162675500895
1259666457568391170,negative,0.00023384471563029299
1259666457702600708,neutral,0.4741244125205902
1259666457962721281,negative,0.00808958005384601
1259666458147053573,neutral,0.5495922250151081
1259666458885447680,neutral,0.3933410571741267
1259666459371831296,positive,0.9995895685250573
1259666459715870722,negative,0.09991394656657583
1259666460508553216,negative,0.16426883682241153
1259666461208895488,negative,0.29922159289575584
1259666461234270208,neutral,0.36644480645224037
1259666461242556416,negative,0.029460567972652767
1259666461821472771,negative,0.04864846551514373
1259666462140137478,negative,0.0012242661355344091
1259666462194700289,negative,0.10499331260704814
1259666462928666625,negative,0.01059379711375214
1259666463700516865,negative,0.14741925351041127
1259666466615562245,negative,0.003493783955890547
1259666467043389443,negative,0.004410245445332567
1259666468712714241,negative,1.9855076730561038e-05
1259666470935711745,negative,0.10263494730854557
1259666471090827264,negative,7.167698332709421e-09
1259666471707381760,positive,0.7172529183271009
1259666471736803335,negative,0.3107281742138744
1259666472110080000,neutral,0.528982836023531
1259666472386932736,negative,1.3344651704394394e-06
1259666474299424768,negative,0.3135322150017683
1259666474370768898,negative,0.02712988442326638
1259666474488266753,neutral,0.378153977519337
1259666476212027399,negative,0.0008149330722292424
1259666477277499393,negative,8.608311159620628e-05
1259666477914836994,negative,0.31059429860164794
1259666479105990656,negative,0.2580560619789238
1259666481102675969,neutral,0.45592579101346653
1259666481257865217,negative,9.006595748785897e-10
1259666481442422784,negative,0.0584349783563674
1259666482021236744,negative,0.2664068703654688
1259666482260324352,negative,0.00021602214502968283
1259666482772000771,negative,0.0010844700613079435
1259666486148378625,neutral,0.4836615648449466
1259666486349778949,negative,0.027874721981787483
1259666487717113861,negative,0.06922308865824568
1259666488270753793,negative,0.0067451943332301366
1259666489218605057,negative,6.232100691297622e-07
1259666490724364288,negative,0.01965829693568055
1259666491101925376,negative,0.0829543510555653
1259666491257094147,negative,0.11266569696681415
1259666491500199936,negative,0.005806646765437773
1259666491605164033,negative,0.03933986679271507
1259666491785576448,negative,0.016107046908463065
1259666491944861701,negative,0.0005533331100303274
1259666492146188292,neutral,0.6298627404956477
1259666492263665671,neutral,0.4402571704036702
1259666492649549824,negative,5.096728275453163e-06
1259666492691558406,negative,0.11266569696681415
1259666493073227779,negative,3.262620406823069e-05
1259666493576556546,negative,8.119031117040124e-08
1259666494482378752,negative,0.30004885973729933
1259666494578925569,negative,0.002885658562952586
1259666495128436736,negative,0.0012839369137901866
1259666496013438977,negative,0.18444659959824014
1259666496185401344,neutral,0.5495922250151081
1259666496596434947,negative,0.10565331441245342
1259666497166852097,negative,7.60507783284361e-05
1259666497733038081,negative,0.1188376399658234
1259666602569666564,neutral,0.4249404075430618
1259666602724929536,negative,2.3162511054887162e-10
1259666602787770370,negative,0.02712988442326638
1259666603035238405,negative,0.0011472707561317342
1259666603098112002,negative,0.0832312913144829
1259666603941208067,negative,1.6982707957077692e-06
1259666605807529986,negative,0.10785747516877296
1259666607338590212,negative,0.0954404972692782
1259666607405662208,negative,0.028001188316809443
1259666607988781057,negative,0.0009361613492463844
1259666608081047554,negative,0.0010498024812171723
1259666609024782337,negative,0.0008743762150537003
1259666609305772033,negative,0.2580560619789238
1259666610673061889,negative,0.009939730240649959
1259666610794749952,negative,0.0008743762150537003
1259666612313088000,negative,0.0011472707561317342
1259666614112456708,negative,8.979684713306957e-08
1259666614179565570,negative,0.026554184863326627
1259666614326263810,negative,0.001616118690341926
1259666614351364097,negative,0.0010844700613079435
1259666616910053376,negative,1.8871194925232696e-05
1259666617807638533,negative,0.01606643729167734
1259666618180829185,negative,0.013425507304720946
1259666618268954631,negative,3.9009679185449116e-07
1259666618491318272,negative,0.002187724668724828
1259666618696728576,negative,0.0832312913144829
1259666619497877505,negative,2.791150003483726e-05
1259666619636252672,neutral,0.4999780182156503
1259666621775458306,negative,0.1188376399658234
1259666622199054339,negative,0.003813361751848796
1259666622286979080,negative,0.0035928110004876863
1259666622798848001,negative,2.389017227662168e-10
1259666623058907139,positive,0.9943689694528438
1259666623335673861,negative,0.062094433993369835
1259666623872462849,negative,0.0008194483140517282
1259666625608871943,negative,0.011160359016580535
1259666627097919488,negative,0.0009715577207035442
1259666628356251653,negative,0.2772556701053535
1259666629778124801,negative,0.013994802818286878
1259666630222794752,neutral,0.41690027968852345
1259666631216771074,negative,0.0010844700613079435
1259666632093372423,negative,0.04987006321150645
1259666635322986497,negative,0.0015002659932715223
1259666635352391681,negative,5.096728275453163e-06
1259666635947819010,neutral,0.5495922250151081
1259666636581322753,positive,0.794536607981579
1259666637831180291,negative,0.0013418204327089124
1259666637847842817,negative,4.880011021482615e-06
1259666638481301504,neutral,0.38533178051509803
1259666639064387584,negative,0.09646791096976494
1259666639177551873,negative,0.024019337880948972
1259666639785771008,negative,0.005839481389911643
1259666640599465990,neutral,0.41600917863779713
1259666641119522816,negative,3.938202778235312e-06
1259666641870340096,negative,0.2772556701053535
1259666642008711168,negative,7.381114920429473e-05
1259666642205921280,negative,0.15663400109799144
1259666642377814016,negative,1.3489036120689064e-05
1259666642851827712,negative,0.00011465724435848265
1259666644210720770,positive,0.9255069934657735
1259666644894392322,neutral,0.5349951063072191
1259666646261735432,negative,0.0009721209047037576
1259666646375022599,negative,6.472486188204173e-05
1259666646576312321,negative,0.0003685674520664772
1259666647662592000,negative,0.06296433260537741
1259666649097007105,negative,0.060172288111196424
1259666650141466625,negative,2.206553064918547e-06
1259666650514718720,negative,9.006595748785897e-10
1259666650619617281,neutral,0.5424646536908453
1259666652091887618,positive,0.9915600815355461
1259666652750393344,negative,0.082436623551983
1259666653455007744,negative,0.00966253486475533
1259666654688161795,positive,0.9255069934657735
1259666655354982400,negative,0.04288699261105949
1259666656176955392,negative,0.2846087480112951
1259666656424595456,negative,0.003813361751848796
1259666657125044224,negative,0.01974559521561213
1259666657573822465,negative,0.002884302276741412
1259666657603174402,negative,0.10308000987676268
1259666657661743104,negative,0.059750747486031236
1259666658731470848,negative,1.3649785511023674e-05
1259666658978906112,negative,0.20409321619975143
1259666659171864576,negative,3.9009679185449116e-07
1259666659293478918,negative,0.0009721209047037576
1259666659746500608,negative,0.00048668946024079605
1259666663038951424,negative,0.12992359624225844
1259666665358286849,negative,0.002884302276741412
1259666665371054081,neutral,0.4047479733712881
1259666666126036995,negative,0.0004786341588703194
1259666666570514432,negative,0.10499331260704814
1259666667841433602,negative,0.02339854238766374
1259666668109934598,negative,0.20193959791659166
1259666668730617856,negative,1.0791044373943751e-05
1259666669879910400,neutral,0.5594892473348064
1259666670408404994,negative,0.14526736374125993
1259666670580359171,negative,0.19665362108081674
1259666670630535168,negative,0.011508469708337356
1259666670643273735,negative,0.0008149330722292424
1259666671826067456,negative,0.002464055122179861
1259666674388615168,negative,3.589378749832571e-05
1259666674900328448,neutral,0.6000549108631554
1259666676791926784,neutral,0.3775522017607436
1259666677836414976,negative,0.09677868744031175
1259666678801145856,negative,1.3160146370210401e-08
1259666678985584640,negative,0.013212541665648298
1259666680315346944,negative,3.3467336030016024e-05
1259666680541741056,negative,0.0527170117939766
1259666790986256388,negative,0.005844497725640572
1259666791548280832,negative,0.0011028911270026757
1259666792433299457,negative,0.24579476420047416
1259666792512921600,negative,0.285826168474304
1259666792634613760,neutral,0.4032965551209598
1259666793263706112,negative,0.0018931304996155712
1259666793959960578,negative,0.0008802403768974333
1259666794337505282,negative,0.0002158872267556257
1259666797369987073,negative,0.06508859813651927
1259666797583757312,negative,0.32094643144535956
1259666798133338113,neutral,0.36470352424162406
1259666798284177409,negative,0.14287627779734563
1259666799014133768,neutral,0.39846391252391167
1259666799051902984,positive,0.9995257799880124
1259666800553463808,negative,1.580766204101728e-07
1259666800620589057,negative,0.0011109178797522594
1259666801111101440,neutral,0.3775522017607436
1259666801287364613,negative,0.04864846551514373
1259666802973511680,negative,0.001001102826477094
1259666803103535106,negative,0.3107281742138744
1259666803611099140,negative,0.07112178197860455
1259666804466688002,negative,0.2871856471329135
1259666804785532928,negative,0.0018264560821057046
1259666804806475778,negative,0.06741650418249664
1259666805569839106,negative,0.23149916868875114
1259666806412804096,negative,0.04016808677704204
1259666806484217862,neutral,0.3694749079867598
1259666806626754560,negative,0.22105928399743557
1259666806639394816,negative,0.006248738922124314
1259666806685552641,neutral,0.4593218317852663
1259666808623247360,negative,0.00038122289268144305
1259666808942059522,positive,0.9054584044921951
1259666809097261056,neutral,0.4249404075430618
1259666810942750722,negative,0.0030065842436940824
1259666811064324096,negative,0.02907723054137979
1259666811462844417,neutral,0.42872498028385914
1259666812305883138,negative,0.0001583077109574045
1259666813165723649,negative,0.3091129939260426
1259666813195030530,negative,0.0001685613446798592
1259666813358608384,negative,0.20411699390586294
1259666815313039360,negative,1.4744662060988555e-16
1259666815531323393,negative,7.122687696144637e-06
1259666817183707137,negative,0.20193959791659166
1259666819037757443,neutral,0.4594565405193209
1259666819478061056,negative,0.3048812066995133
1259666819574575105,negative,1.900991135098309e-06
1259666820082122752,negative,0.10499331260704814
1259666820409196544,negative,0.00031625666673288727
1259666821894082561,negative,0.001394921342359584
1259666822225420288,negative,0.003493783955890547
1259666822254727175,negative,0.006081989938314522
1259666822791606272,negative,0.04025843963743475
1259666822930075651,negative,1.3623913027902347e-11
1259666824674840576,negative,0.19807235289028316
1259666824909729793,negative,8.631265956539107e-13
1259666826025488385,negative,2.206553064918547e-06
1259666826402938880,negative,0.06408061391474448
1259666826675568646,negative,0.1361487816800524
1259666827833212928,negative,0.08463306785826162
1259666829678690306,negative,7.084200679604162e-05
1259666829846425601,negative,0.12482981515503869
1259666830593085440,negative,3.938202778235312e-06
1259666830823690241,negative,0.0009197747360054515
1259666831251582983,negative,0.001070853074546847
1259666831356448768,negative,0.15143396359006342
1259666833017315329,negative,0.1188376399658234
1259666833860440067,positive,0.6776249749814096
1259666834493771776,negative,0.00019910435756379964
1259666835336822784,neutral,0.3853561538418746
1259666835529703425,negative,0.1947486165211348
1259666835760459776,neutral,0.49789225920557484
1259666837115191299,negative,0.05227935213387319
1259666837480013825,negative,0.0005883100826802569
1259666838465773574,negative,0.019027947081253663
1259666838755192833,negative,0.00037249178507258617
1259666839124078592,negative,0.0009721209047037576
1259666839141060608,neutral,0.4249404075430618
1259666842135691264,negative,0.0753055840887904
1259666843117248512,negative,0.21236542592917504
1259666843217862659,neutral,0.49789225920557484
1259666845495431171,negative,7.167698332709421e-09
1259666845617000449,negative,0.0005528582260415328
1259666846204276737,negative,0.0033949049754559164
1259666846845788160,negative,3.589378749832571e-05
1259666847307309058,negative,0.02712988442326638
1259666847462559747,negative,0.003331146641611896
1259666848314019841,negative,0.00427932752144864
1259666848485740544,negative,0.07485550070510189
1259666848775196673,negative,1.1424566077098743e-06
1259666849744203776,negative,0.03933986679271507
1259666849899347970,neutral,0.5495922250151081
1259666850893516802,negative,0.10499331260704814
1259666851669442561,negative,5.956531397631949e-05
1259666853158424578,negative,0.0009721209047037576
1259666853514883078,negative,0.0001281194266979589
1259666854097948674,negative,0.0010844700613079435
1259666855104516110,negative,0.0004384204299375072
1259666856513875975,negative,0.00018112948881171225
1259666856530624512,negative,0.003952196388983542
1259666856568393729,negative,1.6178411171538756e-07
1259666856945778688,negative,3.6207768118383863e-07
1259666859521081346,negative,0.013425507304720946
1259666860108320771,negative,0.09335965085502072
1259666860548767746,positive,0.9785655462034173
1259666861647675397,negative,0.10785747516877296
1259666861769310210,negative,0.002884302276741412
1259666862809497600,negative,0.1724709087497065
1259666862830505986,negative,0.0007522788071090035
1259666863677726725,neutral,0.46127768308170247
1259666863748857856,negative,0.0642211715050016
1259666864449433600,negative,0.19807235289028316
1259666865032499201,negative,0.07480529686534758
1259666865267367941,negative,0.19077230707568255
1259666865749741568,negative,0.019757612589697902
1259666866655490054,negative,0.024944764309870665
1259666868127690752,negative,0.2932271556353011
1259666869075795969,negative,0.09677868744031175
1259666870258601984,negative,0.0954404972692782
1259666872166948864,negative,0.18087776757104299
1259666875300089859,negative,0.02505606841972375
1259666875304345601,negative,0.01411476297314335
1259667068288405504,negative,0.19111244919484993
1259667068875681792,negative,0.002891732847110908
1259667069437648897,negative,0.0829543510555653
1259667070519820288,negative,4.2100105616643667e-07
1259667070788071424,negative,0.014701988379557898
1259667070897225729,negative,0.01373638873620955
1259667071622950920,negative,0.3126575049760983
1259667071690059776,negative,0.039125572964001334
1259667073724231680,negative,3.938202778235312e-06
1259667073996914693,negative,0.00015913168271194903
1259667074198188036,negative,0.02505606841972375
1259667074558898183,negative,0.04489598488335573
1259667076249202689,negative,0.2104001880792606
1259667076685262849,neutral,0.3499352441185855
1259667077322997761,positive,0.9906026052621373
1259667077511725056,negative,0.016567259855874657
1259667078807683073,negative,0.047830923740328324
1259667079885660170,negative,0.0002157685591608436
1259667080061677568,negative,2.1719314091610403e-05
1259667080074465285,negative,0.00017415805412426832
1259667080573366272,neutral,0.3905632925114033
1259667081743740934,negative,0.12476418536010092
1259667082435674112,negative,0.026849678746544786
1259667083148668928,negative,0.008257571986055054
1259667083266269185,negative,0.02624449693943692
1259667083849334786,negative,0.0006544555841570526
1259667085665263616,negative,0.30576889612218033
1259667086290362368,negative,0.016959920383439464
1259667086290423809,negative,0.1166359915606502
1259667086818848768,neutral,0.4213641667824637
1259667087435448320,negative,0.2603654543828402
1259667089280978947,negative,0.00016875074936257637
1259667089796804609,negative,1.8472893550665964e-08
1259667089817767937,negative,0.23849851257371407
1259667089998168065,negative,0.00032080140564151653
1259667090350505984,negative,0.0009715577207035442
1259667090543276033,negative,1.1929482208786508e-07
1259667090568511491,neutral,0.41690027968852345
1259667092103716866,negative,0.0563589681113209
1259667094137966599,negative,0.13740981388341816
1259667094536323072,negative,0.10904461731871208
1259667095207530499,negative,3.175572463432118e-13
1259667096616697858,negative,0.0009715577207035442
1259667097992540161,negative,0.003493783955890547
1259667098017640449,negative,0.07156637327929444
1259667098676199424,negative,0.03727656168708604
1259667101767237632,neutral,0.3330765084248709
1259667102132244487,negative,0.000154594111452603
1259667103038275586,negative,0.0010844700613079435
1259667104036462592,negative,0.002259757181544405
1259667104812290048,negative,0.19563760923581308
1259667104908877824,neutral,0.5495922250151081
1259667105131175936,negative,0.10393824085630868
1259667105512927234,neutral,0.384233278728031
1259667109111619588,negative,0.004521709953850463
1259667109216350208,negative,0.00858558157860395
1259667109224820738,negative,2.4782594949816288e-05
1259667109229015041,negative,6.758056179048358e-07
1259667109921132545,negative,0.004026175183582992
1259667111871483906,negative,0.1250062936959409
1259667112303513600,positive,0.943882814286987
1259667112378929153,neutral,0.4978229733423383
1259667112387391488,negative,0.22105928399743557
1259667112596996096,negative,0.0010844700613079435
1259667113003884545,negative,0.04635605633726214
1259667113381212161,negative,0.0007911617708774878
1259667114471931911,negative,3.0703143345490996e-09
1259667114790653953,negative,0.00010716226986593947
1259667115973500929,positive,0.8589780615402913
1259667116120252417,negative,0.00966253486475533
1259667117886013443,positive,0.7642777740995541
1259667119807102981,neutral,0.47592279280055527
1259667120482332673,negative,0.013994802818286878
1259667120486584325,negative,0.00032080140564151653
1259667120889171970,neutral,0.41690027968852345
1259667121564459010,negative,0.11038793201506544
1259667123451953153,negative,0.2759840447194446
1259667124575969282,neutral,0.5865607722126783
1259667124827688974,negative,0.002884302276741412
1259667125322477568,negative,6.451361625199848e-11
1259667125947568128,negative,0.022787932934245005
1259667127121915911,negative,0.00040228756789606804
1259667128677998598,negative,0.011373484368130977
1259667128791203840,negative,0.12964507617282586
1259667129042796544,negative,6.863395694899261e-06
1259667130384932864,negative,0.0010844700613079435
1259667131131662340,negative,0.00021504069010153264
1259667135196008456,negative,0.1750669937316125
1259667138207518723,neutral,0.45592579101346653
1259667138270429184,negative,5.096728275453163e-06
1259667140166275073,negative,0.005197538560514222
1259667141378355201,negative,0.08239359846279443
1259667143001608192,negative,0.019086204214757027
1259667143223885826,negative,0.0010844700613079435
1259667144377319424,negative,0.0009989233062831994
1259667144608022530,negative,0.0007911617708774878
1259667144964558850,neutral,0.43602814208349644
1259667146076041216,negative,0.06008591722671426
1259667147015389185,negative,0.2769786987314885
1259667147724390400,negative,0.0010431848000474406
1259667148433027072,negative,0.005456236090973684
1259667149116694528,negative,0.00021348524534965603
1259667149427216384,negative,0.09335965085502072
1259667149473419270,negative,0.030876446939181096
1259667150370942978,negative,0.00010885996983335259
1259667304490680320,neutral,0.41690027968852345
1259667304775737344,negative,0.10785747516877296
1259667304788484097,negative,0.000154594111452603
1259667304855539714,negative,3.2093742805376293e-07
1259667305488764928,negative,0.18607344424882882
1259667307443499008,negative,0.0008149330722292424
1259667307980296192,negative,0.17785859282602975
1259667308622077958,negative,0.30004885973729933
1259667309871890438,negative,0.013994802818286878
1259667311277023233,negative,0.00011509643704522963
1259667311881043975,negative,9.270445014151498e-05
1259667311964893185,negative,0.002489465031408989
1259667312166047754,neutral,0.5495922250151081
1259667312606613506,negative,0.004694915752540699
1259667314082889728,negative,0.31118557864083
1259667314183753735,negative,2.5196591983395406e-06
1259667315437772800,negative,0.18013130764963445
1259667315727237121,negative,0.19017518982956952
1259667316234747904,negative,7.084200679604162e-05
1259667316679327744,negative,0.16082784984031429
1259667316771622912,negative,0.00017060055573501692
1259667318503809024,negative,0.03933986679271507
1259667319585816576,neutral,0.49789225920557484
1259667319938301954,negative,1.900991135098309e-06
1259667320403869699,negative,0.17448246323826827
1259667320915591170,negative,0.20501587535234383
1259667322249383936,negative,2.047769061582794e-07
1259667322479968263,negative,0.014701988379557898
1259667324971421696,negative,9.159275925812114e-05
1259667324979863558,negative,0.0460041862644504
1259667326145830913,negative,0.013001046177574482
1259667326804340739,negative,0.0003685674520664772
1259667326812774402,negative,0.18725376895310059
1259667326988963841,neutral,0.4276606322827536
1259667327660044288,negative,9.694439537673987e-06
1259667328217894913,negative,0.3048812066995133
1259667328540778496,negative,0.12868189745437478
1259667328545013760,negative,0.21276771073217018
1259667328628928513,negative,0.0902117041152887
1259667329006424065,negative,1.0377783702446855e-06
1259667329434050562,negative,0.23326995329944294
1259667329710911488,negative,0.03583557284347506
1259667330633805831,negative,0.002187724668724828
1259667331225194498,negative,0.0021984047600412267
1259667332697391104,negative,0.12517664882560217
1259667335159390214,positive,0.9451873135686645
1259667335524298753,negative,0.2114790669212462
1259667338753785856,negative,0.01686371143084831
1259667339307626498,negative,5.1003576019996756e-05
1259667339479482373,negative,0.10499331260704814
1259667339945160705,negative,0.00036797732091998846
1259667339970215936,negative,0.0790390996799094
1259667342298173446,negative,0.002884302276741412
1259667343086686213,negative,0.05279590035431101
1259667343581622273,negative,0.00042979546131954784
1259667343795539974,negative,0.00033106088225163676
1259667344365928448,negative,1.523126365505677e-05
1259667345502429184,negative,0.004896313828250174
1259667345682960388,negative,0.002884302276741412
1259667345879990272,negative,0.0062647780047550925
1259667349361360902,negative,0.007956855706518405
1259667349491159040,negative,1.6408864236934515e-06
1259667349659058177,negative,0.00019911651524709797
1259667350304980993,negative,0.2797257741126246
1259667350451826690,neutral,0.4911215641242828
1259667350971875330,neutral,0.33032569347740887
1259667351206797314,negative,0.01411476297314335
1259667351462653953,negative,0.0007678471331074128
1259667351919788032,negative,0.0010844700613079435
1259667352729329670,negative,0.026705636589512017
1259667356076425216,negative,0.008646234625080466
1259667356302835718,negative,1.6558739274174273e-05
1259667359394148359,negative,0.10499331260704814
1259667360027377664,negative,0.09661662286742118
1259667360925048833,negative,0.03933341956796874
1259667362162315266,negative,0.00887437512782978
1259667362195869696,negative,0.12643710622088786
1259667362808320000,negative,0.20193959791659166
1259667363299024898,negative,0.00017415805412426832
1259667363689107462,negative,0.02191123872460694
1259667363902914561,negative,0.004391084680770542
1259667369049423878,negative,0.0006838699938941133
1259667369682747392,negative,0.027874721981787483
1259667370123165697,negative,0.01135919876186152
1259667373772193796,negative,5.087503275481659e-06
1259667373864280066,negative,0.02906287089039545
1259667375282159616,negative,7.339968018076392e-07
1259667376108421120,neutral,0.4287965078683802
1259667377425453062,negative,0.1351946389993009
1259667377983193089,positive,0.90528394302443
1259667378671177729,negative,0.05731155478464878
1259667379228938248,negative,9.276483252278767e-06
1259667380633886720,negative,0.30581294082550986
1259667380688556036,negative,0.0010498024812171723
1259667381917552640,neutral,0.3775522017607436
1259667382412378119,negative,0.0005533331100303274
1259667384329256967,negative,0.001261338655113804
1259667384572489732,negative,0.0007678471331074128
1259667384878747648,neutral,0.43602814208349644
1259667384903835650,negative,2.2556157638186994e-06
1259667385004494848,negative,1.6178411171538756e-07
1259667385075802115,negative,1.2343933232642146e-06
1259667532342059010,negative,0.00877137750976325
1259667532677558272,neutral,0.43602814208349644
1259667532723761152,positive,0.8687609870145264
1259667533558435841,negative,4.107690416709265e-05
1259667536695549952,neutral,0.3768166410687624
1259667537576505349,negative,0.18897811371696877
1259667537614319617,neutral,0.541173107810696
1259667537870061569,negative,0.033796609880496806
1259667538096672770,negative,0.02202502545527129
1259667540172775424,negative,0.13629435832913914
1259667540193796098,negative,0.02202502545527129
1259667540491538433,negative,0.27170156462108336
1259667540638420995,positive,0.9538173041157006
1259667542198464512,negative,0.1454979086869358
1259667542529826818,negative,3.546674949386747e-05
1259667545214332936,negative,0.0007678471331074128
1259667545398939648,negative,0.1407942501081808
1259667545637994502,negative,0.0003685674520664772
1259667546380386307,neutral,0.48079073889838364
1259667546787270663,negative,6.478567332725011e-07
1259667549249306625,negative,0.03862420018433853
1259667550989926401,negative,0.00034982337836911054
1259667552411713536,negative,0.20986765227221002
1259667552537587713,negative,0.0008149330722292424
1259667553154150406,negative,0.0008410594194331921
1259667554047574023,negative,0.002623876493923691
1259667555486228481,negative,0.1188376399658234
1259667558401269760,negative,0.08498640725537643
1259667559093358594,negative,3.938202778235312e-06
1259667559458263040,negative,0.005462668056845983
1259667560821329920,neutral,0.3853561538418746
1259667561408495619,negative,2.5267038995038234e-05
1259667561463103503,neutral,0.4888392602885805
1259667562725507072,negative,0.10539303963417014
1259667563119874050,negative,3.3467336030016024e-05
1259667563342069761,negative,0.19766735528873464
1259667563866468352,negative,0.0016727132089050822
1259667565204381696,negative,0.02137524323414127
1259667565216968711,neutral,0.5716141646156159
1259667565951016960,negative,0.021524264422023404
1259667566269775874,negative,0.00022751660525252335
1259667566584303617,negative,0.015293247125081086
1259667567720849410,negative,0.0019509264948777887
1259667567909785604,negative,0.1188376399658234
1259667568132083713,negative,0.009939730240649959
1259667568815718400,neutral,0.3322976704973272
1259667571038662657,negative,2.582696647017463e-15
1259667571248431105,negative,0.29897841542833065
1259667571453956101,negative,9.222793023602335e-05
1259667571516870656,negative,0.002884302276741412
1259667572787642368,neutral,0.516346878328782
1259667572846399496,negative,7.084200679604162e-05
1259667573169414144,negative,4.460515061335206e-07
1259667573467230216,neutral,0.6510800578071873
1259667575375626242,neutral,0.49864917575729695
1259667575753060354,negative,0.05730078668854835
1259667575937490944,negative,0.004559921568554893
1259667576302514176,neutral,0.45592579101346653
1259667576457748482,positive,0.9606430759938248
1259667577187360769,negative,1.3906415612740517e-09
1259667577825112067,negative,0.18723285947158988
1259667578017976320,negative,0.00564428022102543
1259667578261291008,negative,0.07026850200999923
1259667579083411457,negative,4.057484607356783e-07
1259667579913863168,negative,0.10690708251486535
1259667580337491973,negative,0.018933230217481434
1259667580526170114,negative,0.008494124076352635
1259667580714811392,negative,0.19963254445645798
1259667580752728133,negative,0.19111244919484993
1259667581042151425,negative,2.715126271729807e-06
1259667582312988673,negative,0.0927857301800777
1259667583688728578,negative,0.013425507304720946
1259667584624005120,negative,0.1188376399658234
1259667585660006400,negative,0.0370766094871847
1259667585869778949,negative,0.10785747516877296
1259667587425804289,negative,0.1154078417217516
1259667587878830081,negative,0.19874206151247403
1259667588583510016,negative,1.7818695963192576e-06
1259667589103603712,negative,0.06678203230861526
1259667589111971845,negative,0.026857902360065654
1259667590433181697,negative,0.00017415805412426832
1259667590491901953,negative,0.008196358878519763
1259667590625947648,negative,5.518857405990498e-05
1259667590655488003,negative,0.11116624190562599
1259667590688862208,negative,1.0791044373943751e-05
1259667591624179712,negative,0.0009721209047037576
1259667594077974528,negative,2.576973684076427e-07
1259667594665213952,negative,0.29060780979890083
1259667595554406400,negative,1.4609627480306317e-06
1259667595671863297,negative,0.031224011732910038
1259667596615573511,negative,0.002891732847110908
1259667596686905344,negative,0.00032080140564151653
1259667596770770944,negative,1.501574056583995e-08
1259667597496389632,negative,0.00031929143655379466
1259667598784040960,negative,0.18013130764963445
1259667598825881600,neutral,0.3447753472588949
1259667599794810886,negative,2.206553064918547e-06
1259667599928983552,negative,0.0009721209047037576
1259667600579190784,positive,0.9585024613898718
1259667601614974978,negative,0.0007678471331074128
1259667602122715136,negative,0.007467901834425969
1259667603066404865,negative,0.176940866716943
1259667603611664384,negative,0.004521709953850463
1259667604219756552,negative,0.0010844700613079435
1259667604849012736,negative,0.08987179879073831
1259667605377429504,negative,0.10020517026047313
1259667605784330241,negative,0.0009730864850460285
1259667606186766336,negative,0.0015425566757892638
1259667607805968386,negative,1.765978022161941e-08
1259667608472780804,negative,0.013782717641151607
1259667609416540162,negative,1.095618840917267e-06
1259667609462755330,positive,0.9145172885461033
1259667610116988928,negative,1.630770749068806e-08
1259668986146537473,negative,0.008849985802884684
1259668986360401925,negative,0.16502892283281442
1259668986633084929,negative,0.003830627710851388
1259668987371237376,negative,0.00855226188313664
1259668989741019143,neutral,0.41690027968852345
1259668989984325633,neutral,0.3768166410687624
1259668990135336961,negative,7.391449230325517e-12
1259668990504337408,positive,0.9567843324177768
1259668990684729350,negative,0.0009721209047037576
1259668990831583234,negative,0.006674397227556307
1259668993167818760,negative,0.22828744009671614
1259668993444544513,neutral,0.378153977519337
1259668993855688705,negative,0.0002391120177533591
1259668995428532224,negative,0.0010498024812171723
1259668997391429634,negative,0.0033659798076027853
1259668997878042624,negative,0.013459601254238894
1259668999195037696,negative,3.83206823512111e-05
1259669000436449281,negative,0.015340010154877851
1259669001036132352,negative,0.016342433631542072
1259669002181369862,negative,4.135274311858676e-05
1259669003158650880,neutral,0.3762328087134583
1259669003292815360,negative,0.09677868744031175
1259669004345622528,negative,5.1343915511283564e-05
1259669005008338944,negative,0.0015711615930582919
1259669005675233282,negative,0.13629435832913914
1259669006916648960,negative,3.2822732590789015e-05
1259669007466184714,negative,5.116961963915327e-05
1259669007717863424,negative,0.2264799389950814
1259669007931768834,negative,0.019067733066402245
1259669008233750528,negative,0.017696865619706712
1259669009265577984,neutral,0.3991472966468729
1259669009282273280,neutral,0.39556697899400195
1259669011652108291,negative,2.206553064918547e-06
1259669013086552067,positive,0.7699219981558204
1259669013845749762,negative,0.21159484842509121
1259669013900263424,negative,0.0003685674520664772
1259669014164443137,negative,6.734694736610495e-06
1259669015066284033,negative,0.023835094396539764
1259669015917662208,negative,0.03864861020981798
1259669016345444354,negative,0.23809007541238847
1259669016676835330,negative,0.015372637002916266
1259669016844685312,negative,5.8284713763184045e-06
1259669016961904641,negative,0.12868189745437478
1259669017549320192,negative,9.081346125710593e-05
1259669018211909633,neutral,0.47592279280055527
1259669019164057603,negative,7.44651973961442e-05
1259669020451778563,negative,2.1527286219566785e-06
1259669021005361155,negative,2.559185233692512e-15
1259669021173186560,negative,7.35171370500358e-06
1259669021399515136,neutral,0.6565443343599808
1259669022527938560,negative,0.004304983697742264
1259669022993506305,positive,0.6792494575444393
1259669024608260097,negative,0.002884302276741412
1259669025916846082,negative,0.09133090412824753
1259669025933668353,negative,0.11266569696681415
1259669025988190210,negative,0.011373484368130977
1259669028358033410,negative,0.014936545190510568
1259669028601122816,negative,0.002891732847110908
1259669030195077123,negative,0.07377212751194895
1259669031541452802,neutral,0.4215422362445495
1259669032279498756,neutral,0.3768166410687624
1259669036138446848,negative,8.091297826716144e-05
1259669036817715201,negative,0.016078493570981643
1259669038118178816,negative,0.2629139118947015
1259669039217086464,neutral,0.47592279280055527
1259669039628144641,negative,0.04447094977817311
1259669040068390913,negative,0.007081295789415652
1259669040978694144,negative,1.976025436937882e-08
1259669043008724994,negative,0.0034134528617833847
1259669043683962882,negative,0.2206706899220175
1259669044489342976,positive,0.9892593130076526
1259669044585783300,negative,1.900991135098309e-06
1259669044627681285,negative,0.02019869886498532
1259669045823115264,negative,0.0027340514109482823
1259669046712242177,neutral,0.5495922250151081
1259669047685177344,negative,2.171697931720264e-05
1259669048524042240,negative,0.07331045262326333
1259669050193580033,negative,0.02647790521386964
1259669050218754048,negative,1.0791044373943751e-05
1259669050692718592,negative,0.014461023557940055
1259669050705227778,neutral,0.3720650787255043
1259669052919775232,negative,0.0014180848119853813
1259669053335121921,negative,0.006248738922124314
1259669055407095810,negative,0.013425507304720946
1259669057692893184,neutral,0.5569930830056133
1259669058456293380,neutral,0.45340710323017264
1259669058640850944,negative,3.9850952687118755e-05
1259669059362263043,neutral,0.3727335136772486
1259669061027475456,neutral,0.36644480645224037
1259669061178462213,negative,0.045243493143915854
1259669061362954241,negative,0.3107281742138744
1259669061929070598,negative,0.0014180848119853813
1259669062516453376,negative,0.2181415113626819
1259669063762087941,negative,0.13725698083826876
1259669064118611968,negative,0.0003685674520664772
1259669064705859584,negative,0.013146613732794443
1259669065158676480,positive,0.8724529280201782
1259669065997733888,negative,0.0021984047600412267
1259669066874306561,negative,0.015833826720607673
1259669068682006530,negative,0.00020217140995792827
1259669068795088897,negative,0.006114200218139068
1259669069478768641,negative,0.00014210327420626767
1259669070359728128,negative,0.163028119361353
1259669070892470273,negative,4.658046025231847e-05
1259669071001501702,negative,0.04292199283545445
1259669072024932352,negative,0.02202502545527129
1259669072138178560,positive,0.9400641457680626
1259669179831123968,negative,0.0010498024812171723
1259669180120530945,neutral,0.6378138867864215
1259669180938412032,positive,0.8159177435873509
1259669183027167234,neutral,0.41690027968852345
1259669183199154176,negative,0.01957465611346598
1259669184641818625,negative,0.0009721209047037576
1259669184729903104,negative,0.0009721209047037576
1259669185417875456,negative,1.698942799111394e-08
1259669185908609024,neutral,0.6378138867864215
1259669186353131520,negative,0.0019761994185813776
1259669186923696129,negative,0.10793626124801084
1259669187301179392,negative,0.09589257744999415
1259669187942846467,negative,0.01316504039884424
1259669188462903296,negative,0.19017518982956952
1259669188907589633,negative,9.006595748785897e-10
1259669189897355264,negative,3.895112755657225e-05
1259669189939396609,negative,0.00757981405782405
1259669190170075136,negative,0.00018097659922495233
1259669190979530752,negative,2.206553064918547e-06
1259669190979604480,neutral,0.4215314241799115
1259669192015577088,negative,0.16129837086292836
1259669192032358403,negative,0.0023987213571049822
1259669195505184769,negative,4.252986999377869e-12
1259669196490846219,negative,0.025421113893333718
1259669197593948160,positive,0.6902293123788716
1259669198155939842,negative,0.003493783955890547
1259669200727166978,negative,0.10785747516877296
1259669201071099907,negative,0.0009197747360054515
1259669201448558595,negative,0.05730078668854835
1259669202417434637,negative,0.02339854238766374
1259669202622873601,negative,0.002884302276741412
1259669203012816896,negative,0.08239359846279443
1259669203285655552,negative,0.00966253486475533
1259669205433147397,negative,0.0008802403768974333
1259669207987486721,negative,0.0009862693234235296
1259669208415137792,negative,0.00837883928510932
1259669209409298434,negative,0.006829410600828879
1259669209858093063,negative,0.0003011946317302011
1259669210617307137,negative,0.013994802818286878
1259669211611357186,negative,0.0001333486923001623
1259669212106125313,neutral,0.5495922250151081
1259669214979293187,negative,0.013425507304720946
1259669215138676736,neutral,0.3768166410687624
1259669215558225925,negative,0.0001131047824739274
1259669216434716673,negative,0.06602449004955262
1259669216925491205,negative,2.6492650754228475e-05
1259669217126895619,positive,0.6776249749814096
1259669217516883969,negative,0.0004028502538930015
1259669217747636226,neutral,0.3768166410687624
1259669218427113473,negative,0.003258993313103751
1259669220218019843,negative,0.00021504069010153264
1259669220591382529,neutral,0.3624966199132983
1259669222692716546,positive,0.931493980064489
1259669223250571266,positive,0.9070512529075725
1259669224596942848,negative,3.2822732590789015e-05
1259669224726958082,negative,3.758600852891104e-07
1259669225783939073,negative,0.19190355628527977
1259669227528732672,negative,0.14323209954187302
1259669229026058241,negative,0.004450727128982486
1259669230682869762,negative,0.00024456224110677385
1259669231936966662,negative,0.0010844700613079435
1259669232368975872,negative,0.014878694821543869
1259669233358774272,negative,0.19460263486360327
1259669233425924096,negative,0.19874206151247403
1259669234520596480,neutral,0.3768166410687624
1259669236626132994,negative,0.0002319795552112069
1259669237569912832,negative,0.1351646716363962
1259669237678907392,negative,0.2127515636807715
1259669239016947714,negative,0.19874206151247403
1259669242623913987,negative,0.10899882104993076
1259669243727163393,negative,0.0010543963045410829
1259669244045860864,neutral,0.423504166455801
1259669246390538243,negative,0.03203056239204322
1259669247543914496,negative,1.2441998020858605e-05
1259669247682363392,negative,0.0012112851222472645
1259669247690760200,negative,1.1789190667971866e-05
1259669250429632512,negative,0.0038529283197845524
1259669250723262465,negative,4.2558299237329005e-06
1259669251692146691,negative,0.2061341893888073
1259669252468023303,negative,0.0005597789011828651
1259669252967022593,negative,0.0027555196741039767
1259669253768253441,negative,0.21175723898899607
1259669254267219968,positive,0.7690584817151573
1259669254590345218,negative,0.0007951069084485712
1259669254628167681,neutral,0.38055306069256717
1259669255236263936,negative,0.23388088477451363
1259669255299137538,negative,0.15642200211912333
1259669257270501376,negative,0.15261559744337294
1259669257392177153,negative,0.026384110881500906
1259669257849364481,negative,1.6178411171538756e-07
1259669258482696195,negative,0.06685946288214824
1259669258507870210,positive,0.8442014614349974
1259669259422179331,negative,2.4013886725657538e-11
1259669259665498112,negative,0.20575143977453678
1259669260575674368,negative,1.7663389261871141e-06
1259669260869099521,positive,0.9255069934657735
1259669262605615104,negative,0.012824637561805673
1259669262635020288,negative,0.29383560368193995
1259669262710472705,negative,0.003258993313103751
1259669263314452480,neutral,0.43113994827855434
1259669264073662470,neutral,0.4032965551209598
1259669374539104259,negative,3.4545500302772234e-06
1259669374635368451,negative,0.21285946007141532
1259669377915523072,negative,3.938202778235312e-06
1259669378578202627,negative,0.15106824618337014
1259669378687275008,negative,0.008363633733108312
1259669380004225026,neutral,0.42651263219010294
1259669380448882689,negative,0.1947486165211348
1259669380746694657,neutral,0.33032569347740887
1259669381791059968,negative,0.0007345409770733072
1259669382462144512,negative,0.15856779975531857
1259669383166771203,negative,1.0307843700285162e-06
1259669383342960648,negative,0.14544335416388174
1259669385821720577,negative,0.1912305802303923
1259669387306508289,negative,0.00043956743138660897
1259669387600113669,negative,0.002576217781704599
1259669388694827008,negative,0.1852710342809577
1259669388950679552,negative,0.012227563765332012
1259669389391077376,negative,0.3146059126336252
1259669389487595521,neutral,0.6036593496447856
1259669390695510022,negative,0.013782717641151607
1259669392243281922,neutral,0.41086737343706603
1259669392687878154,negative,0.011609678122867532
1259669393056894978,negative,0.020031799561169013
1259669393103040517,negative,0.0019112009110893832
1259669393799368710,negative,0.023777301872235937
1259669395359612933,negative,0.15483275318950454
1259669395900706821,neutral,0.3853561538418746
1259669395996962817,negative,0.1790404690910322
1259669396651458563,negative,0.07298811847400916
1259669397771296773,negative,0.001406418182092725
1259669397855232004,negative,0.009626505993075433
1259669398236860416,negative,0.15483275318950454
1259669398773784576,negative,0.025308239107886286
1259669399163645957,negative,0.06035929451318464
1259669399235166209,negative,0.06599999094255367
1259669399327383559,negative,1.523126365505677e-05
1259669399616831493,negative,0.0012112851222472645
1259669400011096066,neutral,0.5393213295921588
1259669401449758722,negative,0.0009721209047037576
1259669401755926533,negative,1.6055998245402956e-08
1259669402745790471,neutral,0.5044237142820082
1259669402976485376,negative,0.012529974679530273
1259669403534319617,neutral,0.43113994827855434
1259669403643400192,negative,1.7678873381234114e-07
1259669404155027457,neutral,0.4430468893192347
1259669404880683008,negative,0.0016912727812927447
1259669404960165891,neutral,0.3768166410687624
1259669405333684225,negative,0.1947486165211348
1259669405618839552,negative,0.0009721209047037576
1259669405748932610,negative,0.0005329865444081118
1259669406742962176,negative,0.0007678471331074128
1259669407510470656,negative,0.014701988379557898
1259669409683161088,negative,0.007870600191884878
1259669410761052163,negative,0.10027316240894796
1259669411075629058,negative,0.19406501322919592
1259669411629355008,negative,0.06035929451318464
1259669413135089664,negative,0.0021984047600412267
1259669413986525185,negative,0.1836628613593731
1259669414657642498,negative,0.03928088723642382
1259669415077036038,negative,0.008849985802884684
1259669415467122688,negative,0.0008149330722292424
1259669415811067904,negative,0.0041666177890298025
1259669416515473408,negative,0.12482981515503869
1259669416964481026,negative,0.0010844700613079435
1259669417849430022,negative,3.064249921962398e-05
1259669418566651905,positive,0.7096320216506498
1259669418881114113,negative,0.0025692329905899385
1259669420152180737,negative,0.07804189819520058
1259669421477564416,negative,0.002884302276741412
1259669421540495363,negative,0.10499331260704814
1259669422756835333,neutral,0.38153430989142556
1259669423335628808,neutral,0.43602814208349644
1259669424090603526,negative,0.0022960804849059455
1259669425243992064,negative,0.0007986336098276661
1259669426435174401,negative,0.03136441539000061
1259669426502119424,negative,0.0008194483140517282
1259669426544300033,negative,0.02712988442326638
1259669427068432386,negative,0.08510736253782929
1259669427911561219,negative,0.018336322085064354
1259669428012290054,negative,0.0814179381748901
1259669429253636097,negative,0.026384110881500906
1259669429752926208,negative,0.10983916331837743
1259669430704930817,negative,0.05963251468165908
1259669431648747521,negative,0.021524264422023404
1259669436853899267,negative,0.001240460444165511
1259669437709299712,negative,0.004603135636959583
1259669437743009792,negative,9.356806070372305e-09
1259669438053269504,negative,0.0333950188297717
1259669438120460288,negative,0.3107281742138744
1259669438187532288,negative,0.0424293199234715
1259669438225436675,negative,0.010207663125592096
1259669438363652096,negative,0.09484474800876361
1259669439085080576,negative,0.10414734206914197
1259669439340875776,negative,0.0424293199234715
1259669439454212096,negative,0.0424293199234715
1259669441148674049,negative,0.27818813600193143
1259669441324990469,neutral,0.3694749079867598
1259669441517887490,negative,0.2876232044971526
1259669442063216642,negative,0.15472579009787374
1259669443363442691,negative,0.0019992489679148016
1259669446114885633,negative,0.012824637561805673
1259669446949568518,negative,0.01572293976724693
1259669447498846214,negative,0.001390273773740416
1259669447822004224,negative,0.0014176877554914406
1259669448090365953,negative,6.559427251841802e-09
1259669448497287169,negative,0.002168063172415507
1259669448895737863,negative,0.10321959441889433
1259669452406358016,negative,2.144927197843788e-06
1259669454063091712,negative,0.055691130918338126
1259669557557460994,neutral,0.4062443252446521
1259669557792444417,negative,0.3107281742138744
1259669558169931776,positive,0.6649698292087711
1259669559470100484,negative,0.030923582467632094
1259669560514543616,negative,0.039917398382737244
1259669560912994307,negative,0.016663457673341736
1259669561378582530,negative,0.2180642495476968
1259669561659531269,negative,0.02849725020707506
1259669562603307011,neutral,0.45880283589470994
1259669562766884864,negative,0.2828136932208214
1259669562976436226,negative,0.004475779302140617
1259669563672858631,neutral,0.5017543432377519
1259669563882573825,neutral,0.3768166410687624
1259669566655016961,negative,0.03035104180423939
1259669566940000256,negative,0.3286657478615966
1259669567930056706,neutral,0.5496234661379426
1259669569519652870,negative,3.1817732500552455e-07
1259669569985146880,negative,2.226785428085515e-05
1259669570627022848,negative,0.18725376895310059
1259669570828120064,negative,0.0010844700613079435
1259669572346679297,negative,2.414450119321133e-07
1259669574452219904,negative,0.06421225467476678
1259669575144275969,neutral,0.46285602916031077
1259669577383858176,negative,0.000138132871711654
1259669578591993865,negative,2.3204158287602184e-08
1259669581741744129,negative,0.01572293976724693
1259669584988319744,negative,3.530294753616639e-08
1259669585130905600,negative,0.00021443010387710933
1259669586888126464,negative,0.2932271556353011
1259669587039121409,negative,5.382829384578734e-09
1259669587878203392,neutral,0.4090451494129037
1259669590960898048,negative,0.10499331260704814
1259669591686549513,negative,0.00011982319344210596
1259669592651202565,negative,0.002884302276741412
1259669592940691459,positive,0.8815181232175207
1259669593171406853,negative,0.09677868744031175
1259669593259495427,negative,0.04955777807806788
1259669593280438274,negative,0.008849985802884684
1259669594295459840,negative,0.002884302276741412
1259669595063046145,negative,0.0038529283197845524
1259669595163680770,negative,0.0009721209047037576
1259669595977220097,negative,0.03545368915398882
1259669596380057602,negative,0.000966364568690242
1259669597000736773,negative,0.0011221430250105391
1259669597764169729,negative,0.0006341947318124891
1259669597889970183,negative,0.001725030763243271
1259669598556823552,negative,3.726712395287632e-07
1259669598619697154,negative,0.00918542656082684
1259669599139880962,negative,2.175313572294456e-05
1259669599274110981,negative,0.29383560368193995
1259669599425093634,negative,0.005092671328614992
1259669599970373638,positive,0.986343574524559
1259669599974555655,negative,0.02712988442326638
1259669600234385408,negative,2.572416373124494e-06
1259669602243674112,neutral,0.4774519822533287
1259669602524639234,negative,0.0016896950886833738
1259669603225124864,neutral,0.5066248636022981
1259669604135251971,negative,0.12719508658569767
1259669604785360897,negative,0.2769786987314885
1259669605074829312,negative,0.005850782058744407
1259669605322231810,negative,0.1351646716363962
1259669605984935938,positive,0.9532581742756217
1259669606119153674,negative,0.0035426461554839903
1259669607473913856,negative,0.0009715577207035442
1259669609390772225,negative,0.1870212145067613
1259669610489577473,negative,0.11717938946576471
1259669611181674496,negative,0.2244122905201665
1259669611596963840,negative,0.010267767521157121
1259669612519718913,positive,0.7853462649937213
1259669612632907778,negative,0.2122651739517254
1259669613786337280,negative,0.3107281742138744
1259669613836742657,negative,0.014701988379557898
1259669613949976587,negative,0.15856779975531857
1259669615334080514,negative,0.017370929682672467
1259669615703199747,negative,0.006291791828256951
1259669617120874501,negative,5.284705691045961e-10
1259669617166954501,negative,0.0035426461554839903
1259669617422843904,negative,1.7172593020089572e-06
1259669618244771840,negative,0.002891732847110908
1259669618819465218,negative,0.004151312876807717
1259669619356426247,negative,1.0618478631893504e-06
1259669619624873984,negative,0.21936072474714438
1259669621088624641,negative,0.21959489844345734
1259669622154027010,negative,0.007549078854397132
1259669622443266050,negative,0.04107335859502531
1259669622741180418,negative,0.12227978735977038
1259669624448303105,negative,0.01373638873620955
1259669625933123585,neutral,0.43988208189787964
1259669627489173509,negative,0.15472579009787374
1259669627984060417,negative,0.0006544555841570526
1259669628214624258,negative,0.2624252707029324
1259669628491612167,positive,0.9996593201187919
1259669628760084482,negative,0.17298512645100345
1259669630215282688,negative,0.02915119772120249
1259669631842869248,negative,0.10499331260704814
1259669631926702081,positive,0.8003716569947276
1259669632367169539,positive,0.7996060500236299
1259669634531409921,negative,0.0066139236596078335
1259669635252682763,negative,0.02906287089039545
1259669637404508160,negative,0.0008149330722292424
1259669637630963716,negative,1.1269995552831694e-06
1259669639665266689,negative,0.020415004570955835
1259669639698792448,negative,0.2058868964704292
1259669642882297856,negative,0.1069116067585362
1259669642894770177,negative,0.027777103090821858
1259669643322691592,negative,0.13289965499639336
1259669745609125891,neutral,0.42153036792593335
1259669745953116161,negative,0.061184474602919835
1259669748687699975,negative,0.019798814181476516
1259669749237243904,neutral,0.5720782711619357
1259669749249826819,negative,0.000466677583946506
1259669749329547264,negative,2.206553064918547e-06
1259669749618933763,negative,0.24712522730948835
1259669750294163456,negative,0.0016727132089050822
1259669752575741952,negative,0.23846324938407637
1259669753435697164,positive,0.6817562523226435
1259669756786991104,negative,0.0012836367624334294
1259669758305329152,negative,0.0009395582315278111
1259669758913458176,negative,0.0050737300952766184
1259669759181930497,negative,0.24712522730948835
1259669762314928128,negative,0.010222847471697011
1259669764705792002,positive,0.8652093784784579
1259669768593829890,neutral,0.4249404075430618
1259669768635891713,negative,0.07763565462666708
1259669769013334018,negative,0.0869667620162282
1259669770527440896,neutral,0.42153036792593335
1259669770548531201,negative,0.0009721209047037576
1259669772373053441,negative,0.0005753297736305579
1259669773190934528,negative,0.020426807718314993
1259669773346115592,negative,0.0016906612151541022
1259669773539061764,negative,3.59524998558756e-05
1259669776181460993,negative,0.20272970287019823
1259669776332455936,negative,0.2058868964704292
1259669778064498688,negative,0.10785747516877296
1259669778500902912,negative,5.250555553953577e-06
1259669778882375680,negative,0.019690716844048238
1259669779411058690,negative,0.2664068703654688
1259669779989889029,negative,0.0019045188786368187
1259669780619038720,negative,0.0014413550319734634
1259669781197668352,negative,0.19080272724089742
1259669783559245824,negative,2.206553064918547e-06
1259669783978684416,negative,0.2250240833675858
1259669784255397889,negative,3.9850952687118755e-05
1259669784469344256,negative,0.3107281742138744
1259669784863670274,negative,0.015357129233410281
1259669785748570112,negative,4.5318371383216213e-07
1259669786952445952,positive,0.7457505654625376
1259669787766132737,negative,0.1188376399658234
1259669788235726848,negative,0.09668595140581698
1259669788311171072,negative,5.374342111498307e-11
1259669788944719875,negative,7.621276526816672e-05
1259669791012511744,negative,5.62755235614502e-07
1259669791461294080,negative,0.0027555196741039767
1259669794187628545,negative,0.2384078489903245
1259669794778947597,neutral,0.5424646536908453
1259669797081681928,negative,0.005016143059050211
1259669797765341184,neutral,0.42153036792593335
1259669797824081922,negative,0.18725376895310059
1259669797865951236,neutral,0.5244759704839915
1259669798314803201,negative,0.27675766278087843
1259669799375962112,negative,0.11506261185966891
1259669800130928641,negative,0.011523099451354423
1259669800130949125,negative,0.04955777807806788
1259669800625811458,negative,0.033024648404096864
1259669802458796039,negative,0.0008149330722292424
1259669803071164416,negative,0.1362801123513256
1259669803385516032,negative,0.03686376776394923
1259669804446896133,negative,3.9009679185449116e-07
1259669805227016194,negative,0.007956855706518405
1259669806590111745,negative,0.20627057245281763
1259669807273738240,negative,0.16238354240856034
1259669807756193793,negative,0.0038529283197845524
1259669808066551808,negative,0.016663457673341736
1259669809450627072,negative,0.006248738922124314
1259669811359072262,neutral,0.4593218317852663
1259669811589767169,negative,0.002595332877928035
1259669812030181377,negative,0.0002967829411284485
1259669813141671937,negative,0.005953944691656069
1259669813271638016,negative,0.036387365021193656
1259669814454497282,positive,0.8214407765111611
1259669818904588289,negative,0.013425507304720946
1259669820141953024,neutral,0.3768166410687624
1259669820729106432,negative,0.12868189745437478
1259669820896948224,negative,3.938202778235312e-06
1259669820922048515,negative,0.009626505993075433
1259669821169549316,negative,0.0009361613492463844
1259669822142545921,negative,0.30004885973729933
1259669822989914112,negative,0.06602449004955262
1259669823681785856,negative,0.1870212145067613
1259669824353054720,negative,0.00017415805412426832
1259669825330315265,neutral,0.3373512794719078
1259669825405812737,negative,0.002953113385815904
1259669825414193152,negative,3.3467336030016024e-05
1259669825883910144,negative,0.007532352551527478
1259669826311802882,negative,0.2061341893888073
1259669830627659776,neutral,0.45293461209902236
1259669831252684801,negative,0.0010844700613079435
1259669831323774976,negative,0.0024476548211375937
1259669831462330372,negative,0.003119632438243773
1259669934264721410,negative,3.274713060705643e-07
1259669934268977161,negative,0.1188376399658234
1259669934566707202,negative,0.016663457673341736
1259669935879524354,negative,0.02712988442326638
1259669940833050628,negative,4.2059955340479114e-05
1259669942967959552,negative,0.02712988442326638
1259669944331051010,negative,3.938202778235312e-06
1259669945207660547,negative,0.0018209217365727506
1259669946411425792,negative,0.0035426461554839903
1259669946537332736,negative,6.131943800740887e-17
1259669947241902086,negative,3.8708435336360854e-08
1259669947804004352,negative,0.23388088477451363
1259669948886061057,negative,0.006147875326522299
1259669949137682432,negative,0.00041664498107599966
1259669950177951751,negative,1.2343933232642146e-06
1259669950698004480,negative,0.010196054290813415
1259669951545294849,negative,0.0017630399630235649
1259669953969639426,negative,0.2853936812879422
1259669954519019522,negative,0.0002481725002392211
1259669957689966593,positive,0.8030034776008463
1259669957719347209,negative,0.17419143589516056
1259669957736103942,neutral,0.42393187319146836
1259669958096797698,negative,1.6178411171538756e-07
1259669958184796162,negative,2.206553064918547e-06
1259669959342465026,negative,0.12806381259424787
1259669960055537665,negative,1.8121971904278876e-07
1259669961796190210,negative,0.0005334962399195416
1259669962265956353,negative,0.03522606928280655
1259669962551103488,negative,0.003339765003720482
1259669963796865024,positive,0.9930288891289839
1259669964430213125,negative,1.6040632150955659e-07
1259669966133112833,negative,0.002185645851286035
1259669966674169856,negative,0.1188376399658234
1259669967169093636,negative,2.206553064918547e-06
1259669968284770305,negative,0.010069331804021376
1259669968850952193,negative,0.034972624993996934
1259669969207517185,negative,0.06196689106028108
1259669969316577282,negative,4.063293931214838e-07
1259669971782840321,negative,0.0035426461554839903
1259669972470677504,negative,8.071665274291352e-05
1259669972634284033,negative,0.00019741525485031638
1259669973586382850,neutral,0.461760107760544
1259669973598863371,negative,2.064283656133695e-06
1259669973917667328,negative,0.27675766278087843
1259669974886617089,neutral,0.36312717578262943
1259669975234723842,negative,0.0004941085307717988
1259669975503077376,negative,0.2058868964704292
1259669977340272640,negative,0.0009721209047037576
1259669977889746947,negative,0.0056208215374589305
1259669978246262785,negative,0.011523099451354423
1259669978418155521,negative,5.1003576019996756e-05
1259669978686554114,negative,0.000890647153017998
1259669979051458560,negative,0.0007678471331074128
1259669979466735617,negative,0.029535826363914663
1259669980922216454,negative,0.003493783955890547
1259669982788665349,negative,0.24260249723403066
1259669982813790209,negative,0.082436623551983
1259669983879221248,negative,0.047830923740328324
1259669984298573826,negative,4.752480908851494e-05
1259669985624023040,negative,0.19148225954884457
1259669990619348992,negative,0.1188376399658234
1259669991076630528,negative,0.0248157684716576
1259669991567351809,neutral,0.5024802914046295
1259669991621885954,neutral,0.46127768308170247
1259669991932211200,neutral,0.3467100970959834
1259669992917872643,negative,4.162872426834966e-06
1259669993102417926,negative,0.0024723468164877674
1259669993714864128,negative,0.005704737824458036
1259669994188820482,negative,0.2250240833675858
1259669994381737991,negative,0.00030713446182692444
1259669997552578560,negative,0.00024177276862188824
1259669997888077825,neutral,0.42153036792593335
1259669998286647297,negative,0.0001325671040825732
1259669998500544513,negative,0.02712988442326638
1259670000455032832,neutral,0.4261419693900864
1259670001344225283,negative,1.428703650512609e-07
1259670001931505669,positive,0.8661490184654224
1259670003273605120,negative,0.015843167104804063
1259670004921970688,negative,0.0010844700613079435
1259670006113189892,negative,0.004257987644144409
1259670006935236609,negative,0.148337698726831
1259670008248119297,negative,0.000154594111452603
1259670010798186496,negative,0.1384957831209087
1259670010995322880,negative,0.003493783955890547
1259670012895416321,neutral,0.42507619662732005
1259670013725769734,negative,0.02468202407805016
1259670013742628864,negative,0.014191303444336393
1259670014120079362,negative,0.0007678471331074128
1259670014405345285,negative,0.00012301569313194794
1259670014535380998,negative,0.010564073112148072
1259670014875009033,negative,0.017078913155926082
1259670015126765569,neutral,0.45990209975069385
1259670016439484418,negative,0.0008149330722292424
1259670017135841281,positive,0.7675863527595939
1259670017764966400,neutral,0.5526548025370251
1259670018553495558,negative,0.0032166342245101586
1259670020499669005,negative,0.0010844700613079435
1259670021367717894,negative,0.0008194483140517282
1259670023423090688,neutral,0.41690027968852345
1259670128247046144,negative,3.0331604834624006e-05
1259670129299935232,negative,2.1527286219566785e-06
1259670130147102727,negative,0.031937462375455195
1259670130851745798,neutral,0.49789225920557484
1259670131782889474,negative,0.029937695842546047
1259670132248453121,negative,0.039917398382737244
1259670132957368321,negative,0.0010021428661616243
1259670133078994946,negative,0.14471949729383304
1259670134270107648,negative,0.1702439508390435
1259670134299463681,negative,3.938202778235312e-06
1259670134471503872,negative,0.18444659959824014
1259670136782499840,negative,0.14711226388845297
1259670137445257216,negative,0.003046856851026707
1259670137453662208,negative,0.23149916868875114
1259670137721913344,negative,0.0002319795552112069
1259670140960018432,negative,0.007578815490713206
1259670141094318082,negative,0.0008149330722292424
1259670144982355968,negative,0.0010844700613079435
1259670145540198405,negative,0.21175723898899607
1259670145615532034,negative,0.0047637499124768235
1259670146974724099,negative,0.007956855706518405
1259670148237017088,negative,0.01572293976724693
1259670148241338368,negative,0.0064638658168211655
1259670151043190784,negative,9.27055712519062e-08
1259670151080837121,negative,1.2343933232642146e-06
1259670153878540289,negative,0.00966253486475533
1259670154658619393,negative,0.0025692329905899385
1259670155518509063,negative,0.017708075459303297
1259670156084686850,negative,0.0016630125463835948
1259670156093128709,negative,0.0010844700613079435
1259670156801970176,neutral,0.4032965551209598
1259670157254934531,negative,0.13725698083826876
1259670158609539074,negative,0.007600406237627382
1259670158928482305,negative,0.014701988379557898
1259670160367116289,negative,0.00043956743138660897
1259670162699161606,neutral,0.39077178151223607
1259670164339130379,negative,0.0004850697715897384
1259670167040266240,positive,0.930887718159509
1259670167468101632,negative,0.02202502545527129
1259670167648337920,negative,0.12425975475575822
1259670167682002944,negative,0.014392146237106896
1259670167816212481,negative,0.00038922991388485006
1259670169229590528,negative,0.002889068833196975
1259670169787523075,positive,0.9255069934657735
1259670170899025925,negative,0.05290521952078245
1259670172689932289,negative,0.006868394767182577
1259670174766174214,negative,3.8698075996546134e-05
1259670175063912450,negative,0.001616118690341926
1259670175395110912,negative,2.206553064918547e-06
1259670175433003014,neutral,0.36470352424162406
1259670175483342856,negative,1.0177371126098686e-06
1259670176615870466,positive,0.7853462649937213
1259670176867459077,negative,0.0003966677001855576
1259670177198813187,negative,0.00016790148140580804
1259670177664446464,negative,0.0009721209047037576
1259670179103080450,negative,0.10499331260704814
1259670180260610052,negative,0.001460525184952531
1259670181099581453,negative,3.938202778235312e-06
1259670181137256448,negative,0.003952196388983542
1259670181669998592,negative,5.593905301458463e-09
1259670182726905863,negative,0.002272487615770498
1259670184610222088,negative,3.938202778235312e-06
1259670185683947520,negative,1.6178411171538756e-07
1259670186002694144,negative,0.02202502545527129
1259670188024164353,negative,2.206553064918547e-06
1259670188997390336,negative,2.206553064918547e-06
1259670189542526976,negative,0.0029069647095290615
1259670191312699397,neutral,0.4047108546825155
1259670192063418368,negative,0.3079526985067872
1259670193279840258,negative,0.0010844700613079435
1259670194412236800,negative,0.024019337880948972
1259670197016780800,negative,0.001155256555918506
1259670197113368577,negative,0.130239264482866
1259670197990031360,negative,0.09677868744031175
1259670198010904578,negative,0.0001281194266979589
1259670199252537345,neutral,0.4402571704036702
1259670200020086784,negative,0.0012798790942719807
1259670200728911872,negative,0.011373484368130977
1259670203555864576,negative,0.002575493460123722
1259670203593564163,negative,0.01336768570316524
1259670203895611393,negative,0.09677868744031175
1259670204017041408,negative,0.0003685674520664772
1259670204436619267,negative,0.03343784811851786
1259670204793184264,negative,0.25468980038841715
1259670206223450112,negative,0.3107281742138744
1259670206621855744,negative,0.002084327965275728
1259670206949048322,neutral,0.4801816582948022
1259670207687266304,negative,0.0016630125463835948
1259670208291225605,negative,0.0003685674520664772
1259670211776708609,negative,0.00038864145546765665
1259670314142715904,negative,4.247206510951729e-10
1259670314293833735,negative,3.911224851770159e-09
1259670314478379011,negative,0.016567259855874657
1259670315325587456,negative,0.13629435832913914
1259670316508278785,negative,0.0012130278315510556
1259670317850599430,negative,0.0010844700613079435
1259670318492286976,negative,0.0074419614443905595
1259670319813591046,negative,3.8708435336360854e-08
1259670320128028674,negative,0.18269204377216627
1259670320530808832,negative,2.3000128669157814e-06
1259670322372018180,neutral,0.6004302608965982
1259670326193074176,negative,0.06687229750684892
1259670326880931840,positive,0.8540578082688896
1259670327375863809,negative,0.00018570611028978495
1259670327694671872,negative,0.04864846551514373
1259670329405968385,neutral,0.49673439901529404
1259670330546798595,negative,0.23149916868875114
1259670330672586752,neutral,0.4507454498615163
1259670332216131584,negative,0.004450727128982486
1259670333080076288,negative,0.0013479611479437143
1259670333155614720,negative,0.016663457673341736
1259670333683982336,negative,0.07717567417556725
1259670333809885188,negative,0.0010338290480695431
1259670334275497984,negative,2.8239714709004054e-09
1259670335093440514,neutral,0.6052133289977214
1259670335496114178,negative,0.0008149330722292424
1259670337123487745,negative,0.00030713446182692444
1259670337396113410,negative,4.891654546039026e-10
1259670338251694081,negative,8.632143808225896e-06
1259670338331426816,neutral,0.5147892762848097
1259670339031912454,negative,3.4342322596678537e-08
1259670339262582785,negative,0.002884302276741412
1259670339669438464,negative,0.10499331260704814
1259670340416012288,negative,0.1845304960046269
1259670340655079424,negative,0.004626013551857709
1259670342345338886,negative,0.0006657680977429488
1259670343079297030,negative,7.516562415452711e-06
1259670343720919040,negative,1.0791044373943751e-05
1259670344283164674,negative,2.110142157140057e-06
1259670346376138752,negative,0.022414464563429926
1259670346397089793,negative,0.23149916868875114
1259670347034566659,negative,2.206553064918547e-06
1259670347730870273,negative,0.008601226784174338
1259670347806380032,neutral,0.4402571704036702
1259670348062228481,negative,0.005092671328614992
1259670348242604032,negative,0.2114790669212462
1259670348292907014,negative,0.1188376399658234
1259670349408620544,negative,0.00434990900760061
1259670349538627585,negative,0.18725376895310059
1259670349567987719,negative,0.2769786987314885
1259670351115665413,negative,1.8647869306592813e-07
1259670351467941890,negative,0.0010844700613079435
1259670352172589059,neutral,0.3775522017607436
1259670352332050439,negative,0.010564073112148072
1259670352545763328,negative,2.6061034476605104e-05
1259670352759795717,negative,0.0338837406043387
1259670353086996486,negative,0.01606643729167734
1259670353191874561,negative,0.1947486165211348
1259670353338667009,negative,7.084200679604162e-05
1259670354164940805,negative,0.0003188528053016724
1259670356802981888,negative,0.00015269932481257154
1259670357427884033,negative,0.010887939362215023
1259670357449072640,negative,0.1860671458161602
1259670358145347586,negative,0.05019001272618119
1259670360234102784,negative,0.2206706899220175
1259670360255082496,neutral,0.48079073889838364
1259670360330559496,negative,0.0832312913144829
1259670361727172610,negative,0.018189319361879588
1259670361777586177,negative,0.01373638873620955
1259670361811099649,negative,0.011373484368130977
1259670362511548422,negative,0.00016014018251918333
1259670363287490560,negative,0.07420408417541267
1259670363736244226,negative,0.00020457874669819296
1259670364239642624,negative,0.000154594111452603
1259670364772347905,negative,0.002891732847110908
1259670364877205504,negative,0.0011472707561317342
1259670365237846022,negative,0.3010069244901837
1259670365757935616,negative,0.02712988442326638
1259670366168985600,negative,0.10231981680853597
1259670366907174912,negative,0.003829059381658758
1259670367141916672,negative,0.004391084680770542
1259670368425373704,negative,2.206553064918547e-06
1259670369021169665,negative,0.00024177276862188824
1259670369138610176,negative,0.010267767521157121
1259670370833043456,negative,2.206553064918547e-06
1259670371881672704,negative,0.25257338654372374
1259670373450293250,negative,0.0010844700613079435
1259670373689430016,negative,0.0019045188786368187
1259670373697798145,negative,0.004651613699888229
1259670374331101189,positive,0.8951955660540132
1259670374679273479,neutral,0.42819223840283793
1259670375912349696,negative,0.0024436431876406267
1259670376071811078,negative,0.0002967829411284485
1259670376109559814,neutral,0.4934147899885381
1259670376340209664,negative,0.016663457673341736
1259670377594224646,negative,0.013994802818286878
1259670378122641409,negative,0.00019910435756379964
1259670378957463552,negative,4.5494249120923534e-10
1259670380232523776,negative,0.009307419998029984
1259670383302754304,negative,0.00040335970680400047
1259670383311171585,neutral,0.49789225920557484
1259670383587926017,positive,0.7303793859769288
1259670385118846978,negative,0.04511485621995713
1259670385307590656,negative,0.12482981515503869
1259670386305875968,negative,0.00469359410541548
1259670386482065409,negative,0.08498640725537643
1259670386536583168,neutral,0.42690943801943315
1259670387161513986,negative,0.03933986679271507
1259670387782291456,neutral,0.3330765084248709
1259670388130398208,negative,0.0014176877554914406
1259670388142997504,negative,0.3292548080830861
1259670388931473410,negative,0.01065844440956211
1259670391565533185,negative,0.0023987213571049822
1259670392257593344,negative,0.0010498024812171723
1259670392953847808,negative,0.12355303494768234
1259670393264181248,negative,5.116961963915327e-05
1259670393880743936,negative,0.00032080140564151653
1259670394023432192,negative,0.13242811345051936
1259670394128261121,negative,0.0007773542583060295
1259670394178600962,negative,0.030788989175479547
1259670395751329792,negative,0.19164139598656602
1259670396825219072,negative,0.09824276563857469
1259670397580185607,negative,0.09845883548488699
1259670398079246336,negative,0.0009715577207035442
1259670500617248769,negative,0.0012130278315510556
1259670500797710340,negative,4.615706486671167e-05
1259670501418565632,negative,8.581625409224788e-10
1259670504220364800,negative,7.656355367164343e-09
1259670505881309186,negative,0.033689192201898845
1259670506493685760,negative,4.657243887506206e-10
1259670507055611907,negative,0.009033217923849743
1259670507714220032,negative,0.00018546743222409753
1259670507814711296,negative,0.0003685674520664772
1259670509119209473,negative,4.226394245251011e-06
1259670511963037697,neutral,0.42153036792593335
1259670513003216897,negative,0.019266839052716887
1259670513468821505,negative,0.010564073112148072
1259670513741377536,negative,0.09061235453629199
1259670513988907015,negative,0.05806432433575818
1259670515117109249,negative,0.19725742735861648
1259670516195041280,negative,0.0010498024812171723
1259670516622938113,negative,0.026882113868384964
1259670517373689857,negative,0.09668595140581698
1259670518476820480,positive,0.8441539202145522
1259670520439676928,negative,0.2516112621401493
1259670521043705856,negative,0.023118081804602036
1259670521110822912,negative,0.18013130764963445
1259670521228255232,negative,0.0009721209047037576
1259670521832144896,negative,5.199863029713699e-07
1259670523644166145,negative,0.08114220568020408
1259670523732283394,negative,0.0035426461554839903
1259670524382392321,negative,0.007467901834425969
1259670527515463682,neutral,0.3648490144406387
1259670527620182017,negative,0.002884302276741412
1259670527674929153,negative,1.0254090983076129e-06
1259670529633550343,negative,0.10499331260704814
1259670530057048065,negative,0.002884302276741412
1259670531676073984,negative,0.0010844700613079435
1259670531688861696,negative,0.03933986679271507
1259670533576306689,neutral,0.42153036792593335
1259670533899194376,neutral,0.34212779492080586
1259670534557708299,negative,0.026453210103657705
1259670535937679361,negative,0.12719508658569767
1259670536977895424,negative,0.074249993992371
1259670539481776137,negative,0.006248738922124314
1259670540865859584,negative,0.0010844700613079435
1259670541172199427,negative,0.003638761355155206
1259670541339963392,negative,0.15816818678033132
1259670541901987841,negative,0.006699627425183485
1259670543164456962,negative,0.0001242836798083558
1259670543239970818,negative,2.1197574043146155e-05
1259670543520980998,negative,2.7040086527658688e-08
1259670544481488896,negative,0.0001039521899111674
1259670544779300865,negative,0.0003685674520664772
1259670545286737920,negative,0.0009862693234235296
1259670546205364229,negative,0.31142205254299404
1259670550265413633,negative,0.007956855706518405
1259670551251091463,neutral,0.6298627404956477
1259670551662080001,negative,0.0006635794267081925
1259670551662125056,negative,0.0006748948960859358
1259670552001708032,negative,0.005555980636202327
1259670552437981186,negative,0.00966253486475533
1259670553620885505,negative,1.5297124512193612e-05
1259670555143229440,negative,0.01608512192226219
1259670556615548933,negative,0.03686376776394923
1259670556833714177,negative,0.002884302276741412
1259670558528151553,negative,0.30004885973729933
1259670559534841858,negative,0.2206706899220175
1259670559987818496,negative,0.02505606841972375
1259670560294010880,negative,0.005705834615691113
1259670561149550593,negative,0.10785747516877296
1259670561514545153,negative,0.020415004570955835
1259670562042978311,neutral,0.5130605840822943
1259670562172891142,negative,0.029880933802087114
1259670562214776832,negative,0.013994802818286878
1259670562441486338,negative,0.09585220466330828
1259670564140208128,neutral,0.3768166410687624
1259670564714811395,negative,0.00032080140564151653
1259670566514176001,negative,0.14590399125463666
1259670566711197696,negative,0.0002967829411284485
1259670567084601346,negative,0.10785747516877296
1259670568397389825,neutral,0.45592579101346653
1259670568627892226,negative,2.206553064918547e-06
1259670568791683074,negative,0.003493783955890547
1259670569328406528,negative,7.006146581991313e-06
1259670570309992448,negative,4.833678100786279e-05
1259670570997813254,negative,0.04577994024794427
1259670571664715777,negative,0.1790404690910322
1259670571740168193,negative,0.00215902764167521
1259670573124399107,negative,0.02906287089039545
1259670573149499392,negative,3.2822732590789015e-05
1259670573233377280,negative,0.10499331260704814
1259670574441299975,negative,0.3107281742138744
1259670574957240320,negative,0.11959827877546814
1259670575800299521,neutral,0.3682351430410055
1259670575955443712,negative,0.008494124076352635
1259670576949604353,negative,0.034340102195318606
1259670577746456582,negative,0.25470427767062437
1259670578459480066,negative,0.0005291762611523077
1259670578811846657,negative,0.0016906612151541022
1259670579164205056,negative,0.0010844700613079435
1259670579252211717,negative,1.6178411171538756e-07
1259670579671527425,positive,0.8159177435873509
1259670580271427591,neutral,0.4803809358333044
1259670583505231874,negative,0.03343784811851786
1259670583945703424,positive,0.6793979685246662
1259670584805470208,negative,0.1407942501081808
1259670584948129795,positive,0.9585024613898718
1259670585573027840,negative,0.007758115550657442
1259670585870815235,negative,0.0006635794267081925
1259670585950511104,negative,0.0016727132089050822
1259670692347301888,positive,0.9915600815355461
1259670692515074049,neutral,0.49789225920557484
1259670693135998977,negative,0.30564352666262545
1259670694381662210,negative,0.19111244919484993
1259670694394281990,neutral,0.33059786153902154
1259670694675320833,negative,0.0010844700613079435
1259670695459479552,negative,0.0679404295658721
1259670696084422656,negative,1.058113739684273e-05
1259670697254752256,negative,0.06585340924578652
1259670697850241024,negative,0.07082952285549678
1259670698122977280,negative,0.02202502545527129
1259670698793947136,negative,0.00236520874539242
1259670699213500417,negative,0.1188376399658234
1259670699389652996,positive,0.8950365316907585
1259670699804770304,negative,0.006869440585041166
1259670700094189568,neutral,0.4274370504383461
1259670700257759232,negative,0.009550549144353758
1259670700593471494,negative,0.0035426461554839903
1259670700656222209,negative,0.27818813600193143
1259670701319032832,negative,0.12057529917461343
1259670701868384257,neutral,0.4274370504383461
1259670701889302528,neutral,0.4274370504383461
1259670702057234432,negative,0.001725030763243271
1259670702485053442,negative,0.014896530331577782
1259670703068102663,negative,0.17632601764987182
1259670703294595072,negative,2.1197574043146155e-05
1259670704976470016,negative,0.02906287089039545
1259670706608095240,negative,0.2941056163298043
1259670710387081217,neutral,0.5948775819774621
1259670711238606850,neutral,0.3420912833605218
1259670712786264065,negative,0.03520217473268315
1259670713142738946,negative,2.8250898534423118e-05
1259670714128482305,negative,0.0009721209047037576
1259670714799587335,neutral,0.5034024037567258
1259670718201114624,negative,0.03933341956796874
1259670719790710790,negative,0.09638296467361263
1259670719929122816,negative,0.03249707598800772
1259670720344457217,negative,0.0035426461554839903
1259670722479296512,neutral,0.41086737343706603
1259670722789679106,negative,0.0008148754746554717
1259670724144398338,negative,0.052251474993305076
1259670724199043072,negative,0.0010844700613079435
1259670727336300545,negative,0.006717445056899247
1259670728078737409,positive,0.986343574524559
1259670729102000129,neutral,0.33032569347740887
1259670729479663616,negative,0.2250240833675858
1259670731165761542,negative,0.1407942501081808
1259670733413851138,negative,7.1033273376720535e-06
1259670733682282498,negative,0.04288699261105949
1259670733707530244,negative,0.13629435832913914
1259670733850116097,negative,2.1752340174622467e-05
1259670734777049088,negative,0.032280671803843024
1259670734844149760,negative,5.517857949406596e-06
1259670735636832258,neutral,0.39123834846282307
1259670737595641856,neutral,0.4593218317852663
1259670739164241922,negative,0.26509884071568474
1259670739382345733,negative,0.031224011732910038
1259670739436875777,neutral,0.5541040715622201
1259670740640677888,negative,0.002884302276741412
1259670742150586369,negative,0.23149916868875114
1259670743421382656,positive,0.9752391514144614
1259670744444932101,negative,2.206553064918547e-06
1259670745191505920,negative,0.05806432433575818
1259670745212428295,neutral,0.34895501221032976
1259670747175321603,positive,0.9860242778817778
1259670749436153856,negative,0.0913108764962222
1259670749540990977,negative,0.0009862693234235296
1259670749712920581,positive,0.863814643834973
1259670749939486722,neutral,0.397285367777589
1259670750174367745,negative,1.2441998020858605e-05
1259670753680797698,negative,0.0010543963045410829
1259670754590814214,positive,0.9123003242650655
1259670754997800961,negative,0.010525301315741193
1259670755283013637,negative,9.302015191979571e-05
1259670755438137344,negative,0.1120705851086537
1259670755442413571,negative,0.011017478273681797
1259670756356653057,neutral,0.4249404075430618
1259670757451296768,positive,0.7642777740995541
1259670757946220544,negative,9.006595748785897e-10
1259670759108153345,negative,0.0699362052529048
1259670759846248448,negative,0.004673724721106376
1259670761029226498,negative,0.28854426538347494
1259670761360547840,negative,0.25468980038841715
1259670761876455425,negative,5.345251167847925e-05
1259670765697286144,negative,0.0013752616570380917
1259670766112686083,negative,0.16129837086292836
1259670766221758464,negative,4.107228317310365e-07
1259670767148687360,negative,0.0001610982967399289
1259670767622635521,positive,0.7303793859769288
1259670767865696257,negative,0.07433211983324614
1259670768662786049,negative,0.0009862693234235296
1259670768696393734,negative,3.0289869764097906e-05
1259670769312821248,negative,0.07433211983324614
1259670769560412160,negative,4.185276140838913e-12
1259670772156641280,negative,1.5553391664642563e-08
1259670772492242945,negative,0.004444017374527198
1259670773616324608,negative,0.14257880415676574
1259670774245441538,negative,0.013347795905100655
1259670776925519872,negative,0.004444017374527198
1259670884559831043,negative,0.18480440260674375
1259670889119055873,negative,0.0424293199234715
1259670889169334278,negative,0.1947486165211348
1259670889332903937,positive,0.8511845562273357
1259670889978871808,negative,0.0023987213571049822
1259670893422415874,negative,0.02538701894087866
1259670898594009094,negative,0.003258993313103751
1259670899684511745,negative,0.27170156462108336
1259670899885780992,negative,0.002884302276741412
1259670899936067588,negative,0.08498640725537643
1259670900049416192,neutral,0.651845317399447
1259670900179456001,negative,0.0003685674520664772
1259670900602998785,negative,0.02712988442326638
1259670904411471873,negative,0.0012130278315510556
1259670904868610055,negative,0.10785747516877296
1259670905892020226,negative,0.0016912727812927447
1259670906051452928,neutral,0.6298627404956477
1259670907770925056,neutral,0.42153036792593335
1259670908022558721,negative,0.08218293914600208
1259670908157001729,negative,0.1188376399658234
1259670908505120773,negative,0.0021984047600412267
1259670909138472967,negative,0.17632601764987182
1259670910723919872,negative,0.0016630125463835948
1259670912544264194,negative,0.014392146237106896
1259670913303416834,negative,0.002894152956894094
1259670913680891905,negative,0.20657986604331705
1259670914536558593,negative,0.005695091623800063
1259670915459223559,negative,3.839151651120714e-09
1259670915467612167,negative,0.027874721981787483
1259670915698372608,negative,5.696238481794934e-05
1259670916080033792,negative,0.00018362261794865854
1259670916096757761,negative,0.29761571709333384
1259670917980073985,negative,0.025189615321569957
1259670918416252934,negative,0.0011254482976046332
1259670918516764672,negative,2.791150003483726e-05
1259670918563090435,negative,0.0008149330722292424
1259670918802137089,negative,0.1147849938913347
1259670919171256326,negative,0.0008705274481461085
1259670919636824065,negative,0.0661350545236162
1259670920844709890,negative,0.0003888431964222147
1259670924665565190,neutral,0.423504166455801
1259670925110370305,negative,0.00018532995686568657
1259670927106699264,negative,0.08218293914600208
1259670928239349762,negative,6.614657339476236e-05
1259670929514344448,negative,0.017410374514573463
1259670929828872202,negative,0.0947016216442405
1259670929988292608,neutral,0.4402571704036702
1259670930617491457,negative,0.0031751119037278378
1259670931414409218,negative,0.0067451943332301366
1259670931561218048,negative,0.03731338640195619
1259670932756598784,negative,0.0010844700613079435
1259670934748889089,negative,0.1188376399658234
1259670936103550985,negative,0.02675728638989488
1259670936275619840,negative,0.01576390334415572
1259670936514682892,positive,0.9800003196650138
1259670936976011264,positive,0.9293351149383254
1259670937156321293,negative,0.00010465153075992424
1259670937299009539,negative,0.20106956800223388
1259670939316428802,neutral,0.4402571704036702
1259670939857498114,negative,0.009190219755890967
1259670943171072003,negative,0.0012242661355344091
1259670943439470600,neutral,0.34557889853185786
1259670943586226177,neutral,0.6052412577422503
1259670944970420229,negative,0.00017415805412426832
1259670945679249409,negative,0.14741925351041127
1259670945784045571,negative,0.00015489092477156152
1259670947386269698,negative,0.10785747516877296
1259670947461767169,negative,0.00018532995686568657
1259670948040540160,negative,0.0017147992878842806
1259670949886074883,negative,0.11570872962130177
1259670950402052098,negative,0.0009862693234235296
1259670951282835467,negative,0.003258993313103751
1259670951718985728,negative,0.10499331260704814
1259670951916122112,neutral,0.397285367777589
1259670952096542727,neutral,0.43602814208349644
1259670953136492544,negative,0.08218293914600208
1259670953983959040,negative,0.030950085545522036
1259670954181099523,negative,0.031937462375455195
1259670955120422912,neutral,0.5535031130366364
1259670956051763203,positive,0.898224225848365
1259670956492173317,negative,0.14257880415676574
1259670956982693891,negative,0.10231094186463877
1259670957318438914,negative,0.05579383644949713
1259670957624623104,negative,0.011373484368130977
1259670957649801222,negative,0.14149442406163282
1259670958207414272,negative,0.0009783549046614485
1259670958325014529,negative,1.837546372004186e-07
1259670959302164480,negative,0.30004885973729933
1259670959402999809,neutral,0.3771857432159796
1259670961579753484,negative,0.06262129491557449
1259670963379228673,negative,0.0015425566757892638
1259670963664412673,negative,0.1947486165211348
1259670963765096460,negative,0.005317262117701521
1259670964192886789,negative,0.05579383644949713
1259670964423454721,negative,0.012920668636719918
1259670966323609604,neutral,0.3383613425768037
1259671080211529731,negative,0.003830627710851388
1259671085542490112,negative,0.1188376399658234
1259671085693521920,neutral,0.589384492114292
1259671085710278658,negative,0.039917398382737244
1259671085928321026,negative,0.047519881913405115
1259671087065022464,negative,6.3019845210953e-08
1259671087102771206,negative,3.9850952687118755e-05
1259671087325069312,negative,0.05124191861329489
1259671087694204928,negative,0.036439941903954824
1259671088382050304,negative,6.2645150343858206e-09
1259671088495235073,negative,0.1750669937316125
1259671088608563200,negative,0.10499331260704814
1259671090357399552,negative,0.008781541365974014
1259671090449854464,negative,7.167698332709421e-09
1259671092127506437,negative,0.0005889221833456149
1259671092370837507,negative,0.0006950517543536936
1259671092882481165,positive,0.9739176785986687
1259671094111469574,negative,0.16494205445946264
1259671094505738241,negative,0.3262110631977544
1259671094866264065,negative,0.017370333432378964
1259671096950960129,negative,0.3107281742138744
1259671098045673473,negative,0.10499331260704814
1259671098561568770,negative,0.006903336338792367
1259671099161432065,negative,2.206553064918547e-06
1259671100344197121,negative,0.011437457971077649
1259671100579028994,neutral,0.43836531661735145
1259671100625235974,neutral,0.5720782711619357
1259671102101450752,negative,0.00553311674945306
1259671103317958657,negative,0.001384589922401263
1259671103980494848,negative,8.892498414683053e-06
1259671104186089474,neutral,0.43113994827855434
1259671106081959938,negative,0.0010422864896837143
1259671106602119168,negative,0.00015489092477156152
1259671106644054018,negative,0.07589217208209653
1259671106656575489,negative,7.167698332709421e-09
1259671107415703554,negative,0.2058868964704292
1259671107629694978,negative,6.138017528360062e-08
1259671108250468352,negative,0.04446128432158741
1259671108577644554,neutral,0.5059127799084793
1259671109689126912,negative,0.09668595140581698
1259671109827526658,negative,0.2864145558920463
1259671110104371201,neutral,0.4402571704036702
1259671110448287745,negative,0.24247415567764344
1259671111316488198,negative,0.25468980038841715
1259671111798870022,negative,0.008494124076352635
1259671112243437569,negative,0.1313873235213873
1259671114730668034,negative,0.013994802818286878
1259671114973802497,negative,0.0075343526712141696
1259671114999005194,negative,0.09638296467361263
1259671115133153280,negative,0.14256651829650327
1259671117276446720,negative,0.03014147870641393
1259671118190981120,negative,0.008136273141723438
1259671120229412868,negative,0.03933986679271507
1259671121256951809,negative,1.900991135098309e-06
1259671122561372167,positive,0.8589780615402913
1259671122620157955,negative,0.03014147870641393
1259671122880184320,negative,0.00013815152126627557
1259671123303768066,positive,0.9873319472850931
1259671124482445319,negative,5.450404397499605e-05
1259671125279244291,positive,0.7932353550343102
1259671126806081536,neutral,0.49789225920557484
1259671127275823105,negative,0.001111837635864721
1259671128714489857,positive,0.9091249186126634
1259671129867902981,neutral,0.5535031130366364
1259671131100938240,negative,0.06967499314271368
1259671131218481152,negative,0.00043956743138660897
1259671131570745344,negative,0.0035426461554839903
1259671131721777154,negative,0.1912305802303923
1259671131721814017,neutral,0.3527781325425899
1259671131881168896,negative,0.22105928399743557
1259671135505068032,neutral,0.46127768308170247
1259671135756660736,negative,0.3048812066995133
1259671136553635846,negative,0.1016892290320254
1259671137799360512,negative,0.026012066062982408
1259671138659184641,negative,0.3122639449501142
1259671138919202818,positive,0.9070512529075725
1259671139221209090,neutral,0.3771857432159796
1259671139456028672,negative,0.11227439466589681
1259671139460268038,negative,0.006939765544885196
1259671140655652867,negative,0.04288699261105949
1259671141607542785,negative,0.3048812066995133
1259671142488592384,negative,0.18087776757104299
1259671143075794949,negative,7.080981525607058e-08
1259671143398719497,negative,0.03933986679271507
1259671144698961922,negative,0.0033659798076027853
1259671144950628352,negative,0.22897783641211428
1259671146838003712,negative,0.01193160967776833
1259671149241401347,negative,0.23207491963764787
1259671150793232384,negative,0.22119096900921892
1259671152319922177,negative,0.09646791096976494
1259671152668086274,negative,0.01193160967776833
1259671152739233793,negative,0.03652007099457351
1259671256602902531,negative,0.11624675694452637
1259671257932537856,negative,0.0018923561071711675
1259671258670776320,negative,0.10308000987676268
1259671259304116225,negative,9.615172721358044e-09
1259671259459223552,negative,0.1188376399658234
1259671260830859265,negative,0.011437457971077649
1259671261556486145,negative,0.20318274443087345
1259671262357590016,negative,0.0005677785480628104
1259671262646894593,neutral,0.36011135511452075
1259671264895041538,negative,2.9577597882603044e-05
1259671265150976000,negative,0.0181697370477267
1259671267558359040,negative,0.07748333971183063
1259671267936010240,negative,0.1947486165211348
1259671268921683970,negative,0.1188376399658234
1259671269563420680,negative,0.3107281742138744
1259671269705953281,negative,0.21501133051973173
1259671269819252742,negative,0.1852710342809577
1259671270213459970,negative,0.27049777126862967
1259671271991697408,neutral,0.4147342023902695
1259671272990130177,negative,0.16494205445946264
1259671275766775823,negative,0.0001780208901661749
1259671276018446336,negative,2.0342365383728715e-05
1259671276031037441,negative,0.06033501939446575
1259671276123312133,negative,7.44651973961442e-05
1259671276437876736,negative,0.0009197747360054515
1259671276622241792,neutral,0.3768166410687624
1259671277062717440,negative,0.00015269932481257154
1259671277343834112,negative,0.011437457971077649
1259671277494652929,negative,1.0791044373943751e-05
1259671278149132289,positive,0.9606430759938248
1259671278371381254,negative,0.3292548080830861
1259671278631505920,neutral,0.49789225920557484
1259671279155568640,negative,0.002884302276741412
1259671279352897537,neutral,0.48016409567391943
1259671280363732992,negative,0.1188376399658234
1259671281928040449,negative,0.24734518960446147
1259671283274584069,neutral,0.3485752753154611
1259671284025184256,negative,0.00032901020512196636
1259671284650295296,negative,0.04888865797442322
1259671284750876673,negative,0.0019045188786368187
1259671285182889985,negative,0.0035426461554839903
1259671286873305090,negative,0.0008743762150537003
1259671287280087045,negative,0.2058868964704292
1259671288412504064,positive,0.8888251076289119
1259671288714584064,negative,0.008494124076352635
1259671289016565766,negative,0.2940587056533973
1259671290903957504,neutral,0.44019770228258037
1259671291377967105,negative,0.011436545714529307
1259671292032270337,positive,0.794536607981579
1259671292455858183,neutral,0.42767968022927605
1259671292791468037,negative,0.09677868744031175
1259671293655486464,negative,0.003258993313103751
1259671293739270144,neutral,0.504499023989589
1259671294930571271,negative,0.1188376399658234
1259671295089876992,negative,0.02906287089039545
1259671295429656577,negative,1.523126365505677e-05
1259671295815491585,negative,0.0009373021801594066
1259671299573628929,negative,0.10499331260704814
1259671299741249536,negative,0.030788989175479547
1259671300446003200,negative,0.011437457971077649
1259671300865490944,negative,0.1188376399658234
1259671301003849735,negative,1.3303666134887424e-06
1259671303256264704,negative,0.0005533331100303274
1259671303763697667,neutral,0.3403391890910929
1259671304518713345,negative,0.008136273141723438
1259671304623607809,negative,0.026328488988123122
1259671308423569408,negative,0.010323077984477836
1259671308650131461,negative,0.3185797866132035
1259671308805292033,negative,0.0432701676318374
1259671309295988736,negative,0.3107281742138744
1259671312697606155,neutral,0.3485752753154611
1259671312903086080,negative,0.006378949393997317
1259671313360269312,negative,8.324631913244493e-06
1259671315490971655,neutral,0.35998965687474094
1259671317239877632,negative,0.005977186954518109
1259671317365682178,negative,0.007956855706518405
1259671318343159814,negative,0.0016224916800270646
1259671319215570944,negative,0.012193276806321126
1259671319530147840,negative,0.0013479611479437143
1259671320067006465,negative,0.0018867402189216764
1259671321325088768,negative,2.806004384251638e-08
1259671322000535552,negative,0.033024648404096864
1259671325016297475,negative,0.039917398382737244
1259671325632651264,negative,0.24082200866660614
1259671325880332289,negative,0.09677868744031175
1259671326215856129,negative,0.02339854238766374
1259671326933110786,negative,0.3107281742138744
1259671326996008960,positive,0.9293351149383254
1259671327301963776,negative,1.7720787701618395e-11
1259671328736645124,negative,0.0016645049334396997
1259671328971526145,negative,0.0015425566757892638
1259671330028478465,negative,0.06735527534624149
1259671330212818944,negative,0.06652853446939493
1259671330502389760,neutral,0.42507619662732005
1259671331190255616,negative,0.0005533331100303274
1259671331886505985,negative,2.3754654116457047e-16
1259671332171714562,negative,0.12719508658569767
1259671332557672448,negative,0.03652007099457351
1259671334189174790,negative,0.03104562741224773
1259671337578180619,negative,2.1197574043146155e-05
1259671338643488769,neutral,0.4287965078683802
1259671341113970690,negative,0.0005533331100303274
1259671341390848007,neutral,0.5393213295921588
1259672827218837504,neutral,0.502768804934603
1259672827353018373,negative,0.2058868964704292
1259672827634089985,negative,0.009471165174853958
1259672828280012800,negative,0.0027162029856809427
1259672828888190977,positive,0.9979156718403945
1259672829588463616,negative,0.0027162029856809427
1259672831488593920,neutral,0.6052133289977214
1259672832663007234,negative,0.2826384092329409
1259672833631891457,negative,0.0018867402189216764
1259672834227527682,negative,0.015357129233410281
1259672835745878016,negative,0.0008149330722292424
1259672836546932737,positive,0.9400641457680626
1259672836752408577,negative,0.00024177276862188824
1259672836899328001,negative,0.006248738922124314
1259672837100617730,negative,0.00017415805412426832
1259672837624721408,negative,0.26618702316172704
1259672837671059459,positive,0.917124344394413
1259672838165934080,neutral,0.4402571704036702
1259672839180955650,negative,0.0010844700613079435
1259672839793377280,negative,3.919129439730114e-05
1259672840418267136,negative,0.00038880358908153384
1259672841282293760,negative,0.1188376399658234
1259672841601060864,negative,2.407898003492693e-06
1259672842351902720,neutral,0.3403391890910929
1259672843261861893,negative,4.4418609213179443e-07
1259672843329175552,negative,5.3180592677090086e-05
1259672844784619520,negative,0.2221441560239208
1259672845585649667,negative,0.007956855706518405
1259672846386843649,negative,0.06035929451318464
1259672847276036098,negative,0.009658577840483813
1259672847359803392,negative,0.004775465414723252
1259672847804489729,neutral,0.4402571704036702
1259672850904035330,negative,0.010564073112148072
1259672851470340097,negative,0.0009715577207035442
1259672852837564417,negative,0.026278802991671405
1259672852950851590,negative,0.008050869048049516
1259672853114478598,negative,0.24564458155823626
1259672853567291394,negative,0.033529333268114664
1259672853756116992,negative,0.06081834315675428
1259672854163066882,negative,0.0005694345748536937
1259672854305660928,negative,0.020415004570955835
1259672855589064705,negative,0.0027162029856809427
1259672855781888000,negative,2.5771499827160066e-05
1259672857208131585,negative,0.0012590218271953117
1259672857635766273,neutral,0.40721361542063594
1259672857728204801,negative,0.17632601764987182
1259672858307018753,negative,0.05663937656749153
1259672863889645569,negative,0.0049842801976901965
1259672864073986049,negative,2.0342365383728715e-05
1259672865194029056,negative,0.0009721209047037576
1259672868964708358,neutral,0.3499352441185855
1259672869229002752,neutral,0.33622388214053195
1259672870608928774,negative,0.0035426461554839903
1259672871699460099,neutral,0.5382261018283105
1259672872018116613,negative,0.07350504618890838
1259672872877993987,negative,9.296847355379465e-08
1259672873767239680,negative,0.2264799389950814
1259672875633688578,neutral,0.3376850098101475
1259672877676343296,negative,0.22533046763859554
1259672878771036160,negative,0.015527415847260539
1259672880255832064,negative,7.325177098646088e-06
1259672881610534914,negative,0.00017415805412426832
1259672881816113152,negative,0.00584265452363176
1259672883275710464,negative,0.0005533331100303274
1259672883871256577,negative,0.039570998368965674
1259672884496216065,negative,1.1414236237929588e-07
1259672884999487490,negative,0.2769786987314885
1259672886261891072,neutral,0.34895501221032976
1259672887289470976,negative,0.09298306808537957
1259672888577265669,negative,0.01819685185425324
1259672888623468544,positive,0.9402954425584935
1259672889067999232,negative,0.2891710877447084
1259672889361645568,negative,0.009349493461444092
1259672890838077442,negative,0.20318274443087345
1259672891047776256,negative,0.00011882518361260766
1259672891077115905,neutral,0.5495922250151081
1259672891085422592,negative,0.021150659301569136
1259672891534143488,positive,0.8540578082688896
1259672892947693575,neutral,0.4249404075430618
1259672894109515776,negative,0.02701906097428137
1259672894147301376,negative,0.13623349344832383
1259672894843559936,neutral,0.41612987193021583
1259672897754365953,negative,0.0005836966632511249
1259672898261987332,negative,0.17098426066443959
1259672898400288768,positive,0.942014250174534
1259672900061331456,negative,0.1188376399658234
1259672900069621768,negative,0.0002982043254374922
1259672901181202442,neutral,0.3775522017607436
1259672901722275842,negative,0.20193959791659166
1259672902217105411,negative,0.09494208011185229
1259672902359592961,positive,0.9143623982429062
1259672902837862400,positive,0.9937380687094759
1259672903404204032,negative,0.0015102876717087831
1259672903949443072,negative,0.01193160967776833
1259672904289091584,negative,0.0027162029856809427
1259672905031356418,negative,0.03545368915398882
1259672905320820736,negative,5.2602152966417814e-05
1259672907011297280,negative,0.013696588164062233
1259672907606884352,negative,0.28343750059182066
1259672908386967552,negative,0.027885749962428145
1259672909574004738,negative,0.06035929451318464
1259673021113077762,negative,0.0021984047600412267
1259673021603815426,negative,0.0027162029856809427
1259673022493003778,neutral,0.41612987193021583
1259673023315050497,negative,0.004838899562746882
1259673024334303233,positive,0.7607731021986511
1259673025294843904,negative,0.08498640725537643
1259673026993455105,negative,0.03917674790093056
1259673027253583872,negative,3.938202778235312e-06
1259673027408789506,negative,1.4167000355338797e-05
1259673027693903872,negative,0.19607420355530186
1259673028545429506,negative,0.014975356898074667
1259673030701309954,negative,0.0010844700613079435
1259673030839676935,negative,1.6974709133069193e-06
1259673030927634432,negative,0.0018931304996155712
1259673031431139329,negative,2.4324587645631197e-06
1259673031951048704,negative,0.0010844700613079435
1259673032504860673,negative,0.013696588164062233
1259673032613933057,negative,0.3107281742138744
1259673032894840839,negative,0.002884302276741412
1259673033050132480,negative,0.0027162029856809427
1259673035289878529,negative,0.03933986679271507
1259673036103573505,negative,0.1188376399658234
1259673037290553344,neutral,0.3768166410687624
1259673038217515008,negative,0.15500466720048883
1259673039459037190,negative,0.028549275212711722
1259673039899328515,negative,1.2876932941228314e-06
1259673041845522438,negative,0.0024723468164877674
1259673042227167234,neutral,0.4014916454185573
1259673042940289025,negative,0.0003685674520664772
1259673043288367104,neutral,0.4213641667824637
1259673045980987392,negative,0.0027162029856809427
1259673048191569922,negative,3.0377811299647896e-07
1259673048782966784,negative,0.10984607399791525
1259673048971653122,negative,0.1687696369023794
1259673049470820353,negative,0.23207491963764787
1259673049479217162,negative,0.011437457971077649
1259673049957269506,negative,4.3418125510441093e-07
1259673050477400064,negative,0.0009715577207035442
1259673050980679680,negative,0.006939765544885196
1259673051354062848,negative,0.18584771560607416
1259673052050325509,negative,0.1319737730041117
1259673053828648960,negative,0.1188376399658234
1259673054189441024,negative,0.001163160127783259
1259673054273306628,neutral,0.3485752753154611
1259673055246368771,neutral,0.5393213295921588
1259673055795634176,negative,0.01231907019765433
1259673056471126016,negative,0.02712988442326638
1259673057398005768,negative,0.08162694557376518
1259673058375278593,negative,3.1345532311873716e-15
1259673058387857408,negative,0.030950085545522036
1259673059050520578,positive,0.6902293123788716
1259673060073967616,negative,0.10305082665761622
1259673060241702912,negative,0.0016896950886833738
1259673060896059393,negative,0.0008149330722292424
1259673061269344257,neutral,0.502768804934603
1259673062426976257,negative,0.2759840447194446
1259673063009943555,negative,1.428703650512609e-07
1259673063823736838,negative,0.01137328790898652
1259673064930934787,negative,0.0038900755159717937
1259673065308524545,negative,0.0015102876717087831
1259673065618698240,neutral,0.41600917863779713
1259673066059202563,positive,0.7638606614264899
1259673066134798339,negative,0.0902117041152887
1259673067707654144,negative,0.22663292574657976
1259673070467534848,negative,0.0021984047600412267
1259673070559809536,negative,0.12841637188481272
1259673070836613121,negative,0.013994802818286878
1259673071453118464,negative,0.0016312962265464586
1259673071973261313,neutral,0.49789225920557484
1259673073189629952,negative,0.0014180848119853813
1259673073856516096,negative,0.25468980038841715
1259673073873293315,negative,0.001240460444165511
1259673074510843905,negative,0.00042157949389873864
1259673075454545920,negative,0.13623349344832383
1259673076452798472,negative,0.17506997993373455
1259673078126317569,neutral,0.4538262507762595
1259673079451717634,negative,0.10499331260704814
1259673079669817345,negative,0.04752177784110698
1259673079686606849,negative,0.3107281742138744
1259673080936509441,neutral,0.41612987193021583
1259673081183899651,positive,0.7853462649937213
1259673081544663045,negative,0.011373484368130977
1259673081745997824,negative,0.0010844700613079435
1259673082324832256,negative,8.723697946027046e-05
1259673082421063682,negative,0.051017071295361906
1259673082870071297,negative,0.1351646716363962
1259673082966540292,negative,0.1340596704857448
1259673083373371392,negative,0.003213532471154128
1259673083608281090,negative,0.17632601764987182
1259673083763359749,negative,0.003810295034465994
1259673085172645890,neutral,0.451156848747797
1259673087982911494,negative,1.3838162159842554e-05
1259673088234450944,positive,0.9995895685250573
1259673089048182786,negative,0.018336322085064354
1259673089987751937,negative,0.013994802818286878
1259673090092666888,negative,0.10785747516877296
1259673090545590274,negative,0.0015102876717087831
1259673090621083648,negative,0.10785747516877296
1259673091124404227,negative,0.27069839133778073
1259673092936237056,negative,0.0027162029856809427
1259673093263458304,negative,5.764204911918779e-05
1259673093938782208,neutral,0.46318326475361027
1259673094060376071,negative,0.00015489092477156152
1259673094790115329,negative,0.10027316240894796
1259673095599685633,neutral,0.6052133289977214
1259673095935340545,positive,0.917124344394413
1259673096539246593,negative,0.14254087403502547
1259673097063497729,negative,0.05679775275001721
1259673098489524225,neutral,0.6056084779199111
1259673209844219905,negative,0.00024177276862188824
1259673209986846728,negative,0.03666493064693776
1259673210330767362,negative,0.0027162029856809427
1259673210477559811,negative,0.2250240833675858
1259673211035246592,negative,0.0814179381748901
1259673211878465538,neutral,0.4402571704036702
1259673212104970241,negative,0.0005508349177322982
1259673212453093376,negative,0.2659571127960729
1259673212520206336,negative,0.0019992489679148016
1259673213296087040,negative,0.02202502545527129
1259673213392400384,negative,0.0016896950886833738
1259673213577109504,negative,0.00236520874539242
1259673213983961089,negative,0.000154594111452603
1259673214571118599,negative,0.0753055840887904
1259673215070277639,negative,6.620547175149873e-07
1259673216248766464,negative,0.10785747516877296
1259673216278200327,negative,0.010969370384328147
1259673216513171457,negative,0.02712988442326638
1259673218341797892,negative,0.1340596704857448
1259673219310772224,neutral,0.3594085643141792
1259673219449139201,negative,0.0010498024812171723
1259673220610998272,negative,0.040029834385767425
1259673221110120448,negative,0.00035026167743978237
1259673221210783745,neutral,0.33032569347740887
1259673221936414720,negative,0.2061341893888073
1259673222179586051,negative,2.0311583645831433e-11
1259673222402002950,negative,0.0008149330722292424
1259673222582276097,neutral,0.41612987193021583
1259673223190532096,positive,0.9400641457680626
1259673223693692928,negative,0.10958189774730652
1259673230354325504,negative,0.16009308791022323
1259673231021223942,negative,0.0829543510555653
1259673231772049410,negative,0.01576390334415572
1259673232870912003,negative,0.020415004570955835
1259673233214889991,negative,0.03527470223085707
1259673233844056066,negative,0.0027162029856809427
1259673234041118720,positive,0.9999631404916653
1259673234351456258,negative,0.003493783955890547
1259673234422849540,neutral,0.397285367777589
1259673234565468162,negative,0.008196358878519763
1259673235815378944,negative,0.17867805222619357
1259673235878301697,negative,1.949722197326675e-05
1259673236691914752,negative,0.0016645049334396997
1259673237119778817,negative,0.000143304606656149
1259673237446897665,negative,0.23226371239477503
1259673238549954560,negative,0.2286725662946254
1259673238990446593,negative,0.011437457971077649
1259673239128858632,negative,0.0010844700613079435
1259673239686483968,negative,0.08656837674743445
1259673240131248129,negative,0.23149916868875114
1259673240261271559,negative,0.00032352505504777126
1259673241439911939,negative,0.1188376399658234
1259673241762873345,negative,0.18300281472402924
1259673242446573568,negative,0.00017659013711034067
1259673243109199875,negative,3.589378749832571e-05
1259673243117654016,neutral,0.4111375177105117
1259673244346572805,negative,0.3048812066995133
1259673245290246144,negative,0.03615513821923256
1259673247324483588,positive,0.9915600815355461
1259673247639048192,negative,0.06268939945881648
1259673247643242496,neutral,0.5130605840822943
1259673247655833602,negative,0.0038529283197845524
1259673248943538176,negative,0.000154594111452603
1259673249824362497,negative,0.03255023891587089
1259673251095162882,negative,0.10381048167221432
1259673251242008576,negative,1.5649388139295956e-07
1259673251984429058,negative,0.0010498024812171723
1259673252504276993,negative,0.009471165174853958
1259673253351755778,negative,8.406969174755468e-05
1259673254647795713,negative,0.06081834315675428
1259673254916009984,positive,0.8466445242727397
1259673255964667904,negative,0.002884302276741412
1259673256736575488,negative,5.755520852943112e-07
1259673257743187975,negative,0.0035426461554839903
1259673258070347776,neutral,0.5510476818399412
1259673258544291840,negative,0.010156501380717393
1259673258825338882,negative,0.015705045561072873
1259673259584307200,negative,0.2871856471329135
1259673260029095936,negative,0.04960982387481646
1259673261761277952,negative,4.105589476266415e-07
1259673262424035330,negative,0.2834456395879529
1259673263149547520,negative,0.004450727128982486
1259673263338332160,negative,0.13289965499639336
1259673263401295877,negative,0.013425507304720946
1259673264005287937,negative,0.0007911617708774878
1259673264361799680,negative,0.27675766278087843
1259673264642830336,negative,0.0027972913537833537
1259673264877711361,neutral,0.5356850849574963
1259673267952136192,negative,0.20554527926182162
1259673268354760706,negative,0.03666493064693776
1259673268409204736,negative,0.3246896511167743
1259673268753235969,negative,0.0005631783944920106
1259673268866465799,negative,0.005075858852487462
1259673269713670145,neutral,0.4402571704036702
1259673272519704578,negative,1.6178411171538756e-07
1259673273048150018,negative,0.009550549144353758
1259673273119453184,negative,0.0013325614824173351
1259673276898594818,negative,0.1888925814712784
1259673276948807680,negative,5.751626377398859e-09
1259673277431074816,negative,0.02538701894087866
1259673277800124416,negative,0.0005970611255713196
1259673278081191939,negative,0.01257023718439724
1259673278110674944,negative,0.2221441560239208
1259673278488162304,negative,0.010644251730453639
1259673278542741505,neutral,0.4014556591996637
1259673279427723264,negative,0.0011254482976046332
1259673279813562375,negative,0.002891732847110908
1259673281537458176,negative,0.02468202407805016
1259673281864425472,negative,0.15618917384432227
1259673282556690433,negative,9.715163484839789e-06
1259673285463281664,negative,0.0002457241739303971
1259673387716182016,negative,0.011437457971077649
1259673387795873792,negative,0.0010844700613079435
1259673390903943171,neutral,0.42153036792593335
1259673391512072192,negative,0.0003685674520664772
1259673391533117441,negative,0.0010844700613079435
1259673391566553089,negative,0.1188376399658234
1259673392447475712,negative,0.29631435681938373
1259673395190521859,negative,0.032280671803843024
1259673395463172096,negative,0.02260906827297312
1259673395861565442,negative,0.00028295425326021356
1259673396549496832,negative,5.096728275453163e-06
1259673397262520326,negative,0.0016004752085443373
1259673397400928257,negative,0.14777860489844216
1259673397887471618,negative,0.0016727132089050822
1259673398231195649,negative,0.10499331260704814
1259673398831198214,positive,0.6902293123788716
1259673398906630144,negative,0.27789530557151504
1259673399212851200,negative,0.14323209954187302
1259673399233777675,negative,0.014717839829968412
1259673399699345408,negative,0.00013217156410492626
1259673400823275522,negative,0.0027162029856809427
1259673400827658241,negative,0.0001944961248111217
1259673400911396864,negative,0.10785747516877296
1259673400986996736,negative,0.08498640725537643
1259673401465073664,negative,0.004450727128982486
1259673401674928128,negative,9.613114485220448e-05
1259673401855102976,negative,0.19080272724089742
1259673405663698950,negative,0.07477029775173866
1259673406011781122,negative,0.07331045262326333
1259673407135854594,positive,0.6763517683108127
1259673407437910017,negative,0.0033659798076027853
1259673407626440705,neutral,0.6514249203655128
1259673408058638336,negative,4.615706486671167e-05
1259673409149112321,negative,9.006595748785897e-10
1259673409254043650,neutral,0.5273593448004595
1259673410432651264,negative,0.10499331260704814
1259673413528039426,negative,3.9850952687118755e-05
1259673413997780994,negative,0.061067394831085094
1259673416426283014,negative,0.21908117431239782
1259673416594001926,negative,0.3107281742138744
1259673418896736260,negative,2.4587950157258194e-10
1259673419785875457,negative,0.001552724423175413
1259673419936927744,negative,0.008611028480508046
1259673419962028033,positive,0.9231895511119609
1259673422373715973,negative,0.01259080400188154
1259673422574940160,neutral,0.3499352441185855
1259673424370245634,negative,0.2221441560239208
1259673424617709570,negative,3.1262295919430907e-11
1259673426127699969,negative,0.0016906612151541022
1259673426568118272,negative,1.4642055436940501e-05
1259673427989970945,negative,0.10282444364225196
1259673428757487617,negative,0.000154594111452603
1259673429248217088,negative,5.096728275453163e-06
1259673430791774209,negative,0.00036804443648361936
1259673431869661184,negative,0.001240460444165511
1259673431970283522,negative,0.13623349344832383
1259673432033288193,negative,0.0009197747360054515
1259673432922435586,negative,2.5997904080847165e-13
1259673433719398400,neutral,0.5127250812720903
1259673434537242624,neutral,0.3424585888552296
1259673434625368070,negative,0.0009862693234235296
1259673434633707521,neutral,0.33677065988963156
1259673435191611392,negative,0.09585220466330828
1259673435342548992,negative,0.0009721209047037576
1259673436403765249,negative,0.0016645049334396997
1259673438077292544,negative,0.1188376399658234
1259673439905988609,negative,3.9850952687118755e-05
1259673441902485505,negative,0.26452800893143114
1259673445606084610,negative,1.9301275734920604e-05
1259673447313166343,negative,0.27789530557151504
1259673449565261826,negative,0.0027162029856809427
1259673451108892677,negative,0.0010021428661616243
1259673451410964485,neutral,0.5013092345655613
1259673453508116480,negative,1.6178411171538756e-07
1259673453675847680,negative,0.013994802818286878
1259673454175047681,negative,0.10882705337382471
1259673454753787906,negative,0.003493783955890547
1259673454959300609,negative,0.011580824728852517
1259673457924739073,negative,5.71499628442762e-07
1259673458037813248,negative,0.009471165174853958
1259673458776125440,negative,0.0009715577207035442
1259673459694731264,negative,0.00013606925840703256
1259673460042760197,negative,0.002884302276741412
1259673460319547394,negative,0.06035929451318464
1259673460638453761,negative,0.029133132119494382
1259673461422796806,neutral,0.42695075000513394
1259673462572007426,negative,0.004673724721106376
1259673463180189697,negative,0.0002391120177533591
1259673464165879808,negative,0.3107281742138744
1259673464581038080,negative,0.0009721209047037576
1259673465012883456,neutral,0.6115625242804823
1259673465067618305,negative,0.0032879729028763034
1259673465080238080,negative,0.01373638873620955
1259673465088405504,negative,0.23149916868875114
1259673465474420736,negative,0.2058868964704292
1259673465965158400,negative,0.0016906612151541022
1259673466229469186,negative,1.9944797079858227e-09
1259673466325909506,negative,0.011469130783908437
1259673466917335043,negative,0.05806432433575818
1259673467361865734,negative,0.0010844700613079435
1259673468137848833,negative,0.10499331260704814
1259673468494209024,negative,0.3156342808770678
1259673468758396930,negative,8.892498414683053e-06
1259673468930592768,negative,0.0008149330722292424
1259673469710667777,negative,0.0902117041152887
1259673470222446599,positive,0.9054584044921951
1259673470855712769,neutral,0.4593218317852663
1259673576912887809,positive,0.8840405971277675
1259673577261084674,negative,0.0016727132089050822
1259673577323991042,negative,0.1687696369023794
1259673578087133184,negative,2.206553064918547e-06
1259673580255789058,negative,0.00017415805412426832
1259673580352286727,negative,0.0019992489679148016
1259673580398247938,negative,0.10785747516877296
1259673580725571584,negative,0.002884302276741412
1259673581220507651,neutral,0.5495922250151081
1259673582470397952,neutral,0.34212779492080586
1259673582713614340,negative,0.004581858658511924
1259673582935969794,negative,0.022659567650377355
1259673584609476612,negative,0.06056311736638018
1259673585519595531,negative,0.0012543186773652857
1259673587310624769,positive,0.6809621707717456
1259673587813879808,negative,3.531080435874407e-10
1259673589365817344,negative,0.008012286325552401
1259673590049497094,negative,0.18013130764963445
1259673590447984640,negative,0.03933986679271507
1259673591991488514,positive,0.8815181232175207
1259673592276684802,negative,0.0012705844490841897
1259673593757253634,negative,0.058190126223182384
1259673594109612035,negative,0.25468980038841715
1259673595061682176,negative,0.17632601764987182
1259673595699236864,negative,1.8121971904278876e-07
1259673597154598912,negative,0.039917398382737244
1259673598865932288,negative,0.0009803390504594582
1259673599205683200,negative,0.0011702045041045413
1259673599784423424,negative,2.407898003492693e-06
1259673599977361409,negative,0.0027162029856809427
1259673600132554752,negative,3.94100244411263e-05
1259673600531054593,negative,0.0027162029856809427
1259673600832999426,negative,0.15620129402737792
1259673601525125121,negative,0.13623349344832383
1259673603739697152,negative,5.408254064288583e-08
1259673606134480897,negative,0.009471165174853958
1259673607246135297,negative,0.001552724423175413
1259673607824785408,negative,0.0009721209047037576
1259673608261156870,negative,0.03014147870641393
1259673608445706240,negative,0.002891732847110908
1259673608730800128,negative,1.523126365505677e-05
1259673609032790016,negative,0.0027162029856809427
1259673609091592192,negative,0.047502747014534705
1259673610203037696,neutral,0.5437358867730954
1259673610475765760,negative,0.0027162029856809427
1259673610484101123,negative,0.0010844700613079435
1259673611436244993,negative,1.0791044373943751e-05
1259673611738263552,neutral,0.3480932700064546
1259673612266745865,negative,0.27069839133778073
1259673612321280005,neutral,0.5495922250151081
1259673613063655424,negative,0.16009308791022323
1259673613994778625,negative,0.04955777807806788
1259673614074499072,negative,0.004426999498999676
1259673614598668293,negative,0.2114790669212462
1259673615437639686,negative,0.013425507304720946
1259673616565727232,negative,4.880011021482615e-06
1259673616922353665,negative,0.2042517137896546
1259673617526333444,negative,0.0029382871473290226
1259673617551577088,negative,0.0006657680977429488
1259673618541359104,negative,0.002884302276741412
1259673619015389186,negative,2.7941111635299834e-06
1259673619984052224,negative,0.22665165209949692
1259673620898603017,negative,0.006248738922124314
1259673622291062785,negative,0.11415196280050968
1259673622622461958,negative,0.0027162029856809427
1259673623629103107,negative,0.05534925021942388
1259673625952649217,negative,0.0009721209047037576
1259673627651432450,negative,0.001111837635864721
1259673628075085825,negative,0.021250481708514977
1259673629723410433,negative,0.11506261185966891
1259673630008623104,negative,0.004397394520557205
1259673630050603019,negative,0.26071777972044147
1259673630503567366,negative,1.140809752061242e-05
1259673631665389578,negative,4.773312440685351e-07
1259673631879303176,negative,0.07477029775173866
1259673632311250945,neutral,0.460549184164258
1259673633926139904,negative,0.002602477354602291
1259673633947111424,negative,0.0832312913144829
1259673634135736321,negative,0.0016896950886833738
1259673635146608640,negative,0.09677868744031175
1259673635217948674,positive,0.863814643834973
1259673636119760897,positive,0.9906026052621373
1259673636300079104,positive,0.7617394695518503
1259673636757274626,negative,0.005197538560514222
1259673637503762433,negative,0.000154594111452603
1259673638363676677,neutral,0.45590002322817347
1259673638627946497,negative,0.13623349344832383
1259673638753746946,negative,0.0010612284658163883
1259673639215128576,negative,0.10499331260704814
1259673639953338370,negative,5.4894767446951815e-08
1259673640636952579,negative,0.05544473838705616
1259673642629246976,negative,0.0795622488471249
1259673643052744704,negative,0.0018931304996155712
1259673644072161281,negative,6.610388565844132e-07
1259673644252319745,neutral,0.3768166410687624
1259673644764147714,negative,0.02468202407805016
1259673645061898242,negative,0.00018570611028978495
1259673646026633218,neutral,0.4593218317852663
1259673648903925766,negative,0.23149916868875114
1259673649117831168,negative,0.07287781234195695
1259673649403113472,negative,0.0844512728953422
1259673649696645120,negative,0.0035426461554839903
1259673651630215168,negative,0.0796146583541547
1259673652162891776,negative,0.0009862693234235296
1259673652200685574,negative,0.009958559514078598
1259673653173784576,negative,0.10282444364225196
1259673653186347009,negative,0.015584758969850456
1259673653916192768,negative,0.013782717641151607
1259673653991571456,negative,7.213055724396481e-05
1259673654352326659,negative,0.1188376399658234
1259673654541025280,negative,0.001552724423175413
1259673657586180098,negative,0.20074270658976587
1259673773025955840,negative,0.024045793340042185
1259673773424300032,negative,0.0003755072611495518
1259673773470633984,negative,0.00027317544528841336
1259673773806141441,neutral,0.502768804934603
1259673777971101696,negative,1.173722364369434e-05
1259673778239479815,neutral,0.5529508120147917
1259673779330060289,neutral,0.3853561538418746
1259673779355222017,negative,0.008494124076352635
1259673780080611329,negative,0.0027162029856809427
1259673780252803072,neutral,0.4249404075430618
1259673781716557825,negative,0.07911352607117388
1259673781976674306,negative,0.034814971128476487
1259673782391840782,negative,0.015833826720607673
1259673782920327168,negative,0.0009721209047037576
1259673782949679107,negative,0.021250481708514977
1259673785654968320,negative,0.04205750144158998
1259673785780797443,negative,0.0027162029856809427
1259673786917498880,negative,0.0902117041152887
1259673787618004993,negative,0.0012130278315510556
1259673788205187072,negative,0.3107281742138744
1259673788259729413,negative,0.00791716218631038
1259673788263927808,negative,0.0902117041152887
1259673788465152014,negative,0.0010844700613079435
1259673790482653184,negative,8.596330254556994e-05
1259673790675668995,negative,0.0008149330722292424
1259673790897930240,neutral,0.5939718554812515
1259673793649414144,negative,5.64064753296312e-06
1259673794819567619,positive,0.6917684948210879
1259673795360587778,negative,0.060749556975889116
1259673795368873984,negative,2.0342365383728715e-05
1259673795717033985,negative,0.002884302276741412
1259673796270792704,negative,0.0131830210853275
1259673796761595905,negative,0.09585220466330828
1259673796966928387,negative,0.03763625822483583
1259673797164220416,positive,0.9915600815355461
1259673798363799557,negative,0.18013130764963445
1259673799110332416,positive,0.845358351679569
1259673800871993345,neutral,0.43602814208349644
1259673801215836163,negative,4.005873745112048e-08
1259673801475919873,negative,1.3862015286657706e-08
1259673801736019974,negative,0.0033659798076027853
1259673801832517632,negative,1.43229107290036e-05
1259673801899507723,negative,0.009717798461983944
1259673802189004800,negative,0.021508888306962737
1259673803103363077,negative,0.0007678471331074128
1259673803354972166,negative,0.02412050039780458
1259673803518627841,negative,0.1188376399658234
1259673803682197504,negative,0.12649074544921923
1259673804302946308,negative,0.08666940216339543
1259673804776837123,negative,0.0003612930654325537
1259673805011783682,negative,5.116961963915327e-05
1259673805213089792,negative,6.95817587153741e-13
1259673807016669186,negative,0.00036804443648361936
1259673807473782792,negative,9.694439537673987e-06
1259673808300113922,negative,3.878393115914857e-06
1259673808753037312,negative,5.604976461154724e-14
1259673809055092736,negative,0.2681098614610257
1259673809503899652,negative,0.005839481389911643
1259673810854465538,negative,0.25507917515774425
1259673810875416581,negative,0.00966253486475533
1259673810942509056,neutral,0.5057859568505609
1259673811470946304,positive,0.9671298750405497
1259673811949178882,negative,0.00021602214502968283
1259673812020281345,negative,0.0015102876717087831
1259673812179836930,negative,1.0687623949736498e-11
1259673812238503936,negative,0.10984607399791525
1259673812272058368,negative,0.021413835507868254
1259673812796420097,negative,0.2122183379890324
1259673813937262594,negative,4.4180389823726203e-05
1259673814193115144,positive,0.9766230216658486
1259673814285406210,negative,0.1710455151267996
1259673814440517633,negative,0.0007050054772564731
1259673815061323781,neutral,0.411594083119197
1259673815543541762,negative,0.02712988442326638
1259673815853998089,negative,0.10785747516877296
1259673816260923392,negative,0.05663937656749153
1259673816856498182,negative,0.04864846551514373
1259673817372385294,negative,0.14256651829650327
1259673817963794436,negative,0.03686376776394923
1259673818332909568,positive,0.9937380687094759
1259673818701991937,negative,0.009468261347048475
1259673819238850561,negative,0.18826140926527093
1259673819276546048,negative,0.13623349344832383
1259673820300038145,positive,0.8650956984975837
1259673821067587589,positive,0.9724628152152981
1259673824351707136,negative,0.0001281194266979589
1259673824611753989,negative,1.0349082840233697e-06
1259673824678891525,negative,0.00011624575522648451
1259673825156923392,negative,0.02898214780359666
1259673825207336965,negative,0.3107281742138744
1259673825710612481,negative,0.0016645049334396997
1259673826318786560,negative,1.1049455369353421e-05
1259673826650136576,negative,0.013654639566631736
1259673827065331712,negative,0.018189319361879588
1259673827740614666,negative,0.03942290998771122
1259673828180979713,negative,0.06100885734387435
1259673828894048257,negative,0.0005533331100303274
1259673830617907205,negative,0.003986781489802334
1259673831393955840,negative,0.02202502545527129
1259673832765501440,negative,0.008494124076352635
1259673833566605313,negative,1.6178411171538756e-07
1259673838197055489,negative,0.002133859469340359
1259673838515781632,negative,0.0003685674520664772
1259673841074307072,negative,0.00019818517412182468
1259673844199104515,negative,0.03527470223085707
1259673844316401665,negative,0.12579805153903104
1259673844316540933,negative,0.019757612589697902
1259673845532852224,negative,5.8280091591572296e-05
1259673846157893638,positive,0.7192701002552873
1259673846405304324,negative,0.0008743762150537003
1259673846778560517,negative,3.7849259436196247e-06
1259673847588143104,negative,5.116961963915327e-05
1259673949996269570,negative,0.2513074421320953
1259673950235353088,negative,0.0008705274481461085
1259673950365184001,negative,0.01948847896768648
1259673950596091906,negative,1.43229107290036e-05
1259673953146212352,negative,0.3262110631977544
1259673954022821890,negative,0.0010498024812171723
1259673954924576769,negative,0.21530754688385825
1259673956870770690,negative,0.016663457673341736
1259673958007349248,negative,0.0003685674520664772
1259673958774984704,negative,0.0015102876717087831
1259673959248932864,negative,0.0003685674520664772
1259673959932428290,negative,0.006749184737897995
1259673960851165187,negative,0.0005533331100303274
1259673962230894595,negative,0.0002391120177533591
1259673962893713408,negative,8.409518232057166e-05
1259673962998628353,negative,0.0714292177439545
1259673965246787585,neutral,0.41600917863779713
1259673967079628800,negative,0.13518475992354823
1259673967285211137,negative,0.00040128065245666347
1259673969327837187,negative,0.011437457971077649
1259673970204463109,negative,0.013425507304720946
1259673971399839744,negative,0.008508723327891722
1259673971794104320,negative,0.10499331260704814
1259673971861176323,negative,0.007956855706518405
1259673974071611393,negative,0.0067451943332301366
1259673974511894530,negative,0.0023987213571049822
1259673975522840576,negative,8.091297826716144e-05
1259673975757713408,negative,0.009658577840483813
1259673976600768512,negative,0.047830923740328324
1259673976973996032,negative,0.015944667902477946
1259673977527640065,negative,0.1188376399658234
1259673978580480009,negative,0.0007911617708774878
1259673978609729536,neutral,0.36401822017355656
1259673978806943744,negative,0.012054878711491825
1259673980887334912,negative,0.20427070279218768
1259673985769508864,negative,0.3065451580470331
1259673986037960716,neutral,0.3694749079867598
1259673986780274689,negative,1.523126365505677e-05
1259673986843246593,negative,0.3048812066995133
1259673987157831682,negative,1.19263648351323e-05
1259673987187191809,negative,0.1188376399658234
1259673987334000640,negative,0.05841161539290259
1259673987833094146,negative,0.002109495345423952
1259673987921182722,negative,0.30004885973729933
1259673990152495104,negative,0.0067451943332301366
1259673990156730369,negative,0.021250481708514977
1259673990202716160,negative,0.0016645049334396997
1259673990466924548,neutral,0.38585194308951454
1259673990664200194,negative,0.04689404101935078
1259673991209500678,negative,0.0003548926577949166
1259673993134649351,negative,0.00017415805412426832
1259673993583329280,neutral,0.5172568616895501
1259673993642196995,negative,0.0009721209047037576
1259673994942349312,negative,0.05806432433575818
1259673995223367691,negative,0.006248738922124314
1259673996997677057,negative,0.08146249683258824
1259673998448685056,neutral,0.3493524436173492
1259673998897696769,negative,0.10499331260704814
1259673999073857539,negative,0.08432544419861528
1259673999681957894,negative,0.06802507247328222
1259673999753326592,negative,0.08656837674743445
1259674000768274432,negative,0.024045793340042185
1259674002110504960,negative,0.27675766278087843
1259674002240528384,negative,0.03014147870641393
1259674002269888517,negative,0.001001102826477094
1259674002890645506,negative,0.0009862693234235296
1259674002928402432,negative,0.0424293199234715
1259674003310084096,neutral,0.5495922250151081
1259674003544866818,positive,0.9203494584271849
1259674004371185673,negative,0.0006838699938941133
1259674005038157827,negative,0.00024177276862188824
1259674005243641857,negative,0.005574139633292018
1259674005444931585,negative,0.014701988379557898
1259674006166343682,negative,0.2347433112769075
1259674006195666944,negative,0.059734167025343385
1259674007135293441,negative,0.000154594111452603
1259674009177862149,negative,0.019337119030158445
1259674011807756294,neutral,0.49789225920557484
1259674011870658566,neutral,0.41612987193021583
1259674012340424710,negative,0.2853936812879422
1259674014487924740,negative,0.0002729587548727942
1259674017012711424,negative,0.0010844700613079435
1259674017281323010,negative,0.024045793340042185
1259674017340051457,negative,0.013994802818286878
1259674018564751360,negative,0.024074850491779893
1259674019105845252,neutral,0.43602814208349644
1259674019634216962,negative,0.0016912727812927447
1259674019722334209,neutral,0.5562807831969694
1259674020276035584,negative,0.15441699999491487
1259674022150840322,negative,0.03942290998771122
1259674022310293504,negative,7.035592672683957e-05
1259674022591299584,negative,0.00236520874539242
1259674022813392897,negative,0.0016630125463835948
1259674023472087043,negative,0.009796044849850413
1259674024352849920,negative,5.333574728220066e-07
1259674026877882369,neutral,0.3991472966468729
1259674027314032640,negative,0.00030279048910063
1259674027850960897,negative,0.25607497665854734
1259674029088288768,positive,0.8650956984975837
1259674029570621440,negative,0.01137328790898652
1259674029604179969,negative,0.2769786987314885
1259674139650113537,negative,0.15777472152595248
1259674139830304768,negative,0.001654646525610634
1259674140082155520,neutral,0.3775522017607436
1259674141780738049,negative,0.006248738922124314
1259674142158336004,negative,0.0003685674520664772
1259674142896525312,negative,3.83206823512111e-05
1259674142976155649,neutral,0.5495922250151081
1259674143378866177,positive,0.7367518157765633
1259674143894708230,negative,0.001275028666896174
1259674145677291525,neutral,0.4249404075430618
1259674146495135748,negative,0.0067451943332301366
1259674151197069313,negative,0.0954404972692782
1259674152723677185,negative,0.005791311698846623
1259674152815833088,neutral,0.4249404075430618
1259674154321805322,positive,0.8661490184654224
1259674154372079617,negative,0.025791280663572485
1259674154887938049,negative,0.0027162029856809427
1259674156439867393,negative,0.05248163788864234
1259674157043892228,negative,0.01928968870262071
1259674157995798528,negative,1.2638013949773624e-05
1259674160122540032,negative,0.2580560619789238
1259674160172859394,negative,0.01840414168490675
1259674160390828032,negative,0.29147342198141096
1259674161124909057,negative,0.06474612540042007
1259674161426894849,negative,3.5199113482088047e-06
1259674161624031233,negative,0.006248738922124314
1259674163998056448,negative,0.20318274443087345
1259674164035760133,negative,0.007944624262305508
1259674164677562369,negative,0.00017415805412426832
1259674166900322304,negative,0.026395663301984566
1259674167877779456,negative,0.02712988442326638
1259674168162947074,negative,0.0202494522184683
1259674169731620871,negative,0.013791784858352887
1259674170297921538,positive,0.8034963598378446
1259674172067688450,negative,0.06189894062725633
1259674172256661510,negative,0.2546702265887253
1259674173238063104,negative,0.000779474160642133
1259674173351264257,negative,0.23149916868875114
1259674174714523654,negative,0.001240460444165511
1259674175247200261,negative,0.0009721209047037576
1259674177117794307,negative,0.05294570927573039
1259674177268785152,negative,0.2069991025679891
1259674177470033920,neutral,0.4249404075430618
1259674177814085633,neutral,0.5495922250151081
1259674177868627969,negative,0.09273918392825024
1259674178426253313,negative,0.0014180848119853813
1259674180380999680,negative,0.020426807718314993
1259674180896899075,negative,0.006248738922124314
1259674181219860480,negative,0.014392146237106896
1259674181387640836,negative,0.006099524092088468
1259674181651832835,negative,0.039917398382737244
1259674182431858690,positive,0.7224360996513634
1259674183761571842,neutral,0.5720782711619357
1259674185959424004,negative,0.0010844700613079435
1259674186932420609,negative,0.00018570611028978495
1259674187045666821,negative,0.2742462721349149
1259674187058348032,negative,2.994743632823541e-05
1259674187779567616,negative,0.25507917515774425
1259674187846877186,negative,1.2574818741043738e-10
1259674188111122438,negative,0.18658317542804276
1259674190925496321,negative,0.021250481708514977
1259674191290200066,negative,3.591686127199278e-05
1259674191789469697,negative,0.001384589922401263
1259674192246702085,negative,0.007869264684074164
1259674192515149824,negative,0.0131830210853275
1259674192720670722,positive,0.9986490890612492
1259674195035926528,negative,0.1323372948535319
1259674195451162625,negative,0.04740061161966387
1259674195774115852,negative,0.0016645049334396997
1259674196990242816,positive,0.9673978320605799
1259674198617870337,negative,2.8476137966568122e-05
1259674198735233025,positive,0.9255069934657735
1259674198991147008,negative,0.27675766278087843
1259674199595122688,negative,0.051017071295361906
1259674202526924802,neutral,0.4999780182156503
1259674203042844672,neutral,0.48998300102587866
1259674203281907712,negative,0.19017518982956952
1259674203961384967,negative,0.0007911617708774878
1259674204439367681,negative,0.30004885973729933
1259674205433577472,negative,9.694439537673987e-06
1259674206519930888,neutral,0.40829728631117757
1259674209527255041,negative,0.0027162029856809427
1259674209669636096,positive,0.7180574742877185
1259674210433224704,negative,0.015944667902477946
1259674210718400522,negative,0.2976064884190731
1259674211070730240,negative,0.08432544419861528
1259674211523706880,positive,0.816309878974102
1259674211565604866,negative,0.038712264607788316
1259674214962999297,negative,0.06665397071367969
1259674216540049412,negative,0.04635605633726214
1259674217190227968,negative,0.3107281742138744
1259674218389782531,negative,0.01856115474416067
1259674218435940358,negative,0.09028719312078733
1259674219438321664,negative,0.18231864673880335
1259674326787403777,negative,9.884293732618106e-12
1259674327605272577,negative,0.039917398382737244
1259674329043869701,negative,1.900991135098309e-06
1259674329404538885,negative,0.0027162029856809427
1259674331153645568,neutral,0.5362703601420662
1259674331652788224,negative,0.06515160303843258
1259674334580232192,neutral,0.547868631386287
1259674335020756993,negative,0.10499331260704814
1259674336287473670,negative,0.1335303347914727
1259674337088606208,negative,0.3246896511167743
1259674337201676288,negative,0.04271862274871172
1259674339244486656,negative,1.7702236253107265e-05
1259674339303096320,negative,0.3049098870544006
1259674341026996225,negative,0.00040128065245666347
1259674341249355777,negative,0.0027162029856809427
1259674341735890944,positive,0.9002888531661872
1259674342318882816,negative,0.0008810922779324827
1259674342583160833,positive,0.7674593542810657
1259674343698653186,negative,0.010687893930333602
1259674344738836480,neutral,0.41086737343706603
1259674345036636160,positive,0.9995895685250573
1259674345623949312,negative,0.0009862693234235296
1259674345657507840,negative,7.079819744413795e-05
1259674347263819778,negative,0.0007017109956723472
1259674348195061761,negative,0.0012818199043406156
1259674348580986880,positive,0.9430325644466899
1259674349231095810,negative,0.0027162029856809427
1259674350141296645,positive,0.9999438934136684
1259674350178967553,negative,0.143960475474187
1259674350363516928,negative,0.010348006380546521
1259674350564839425,negative,0.1912305802303923
1259674350841729024,negative,0.014701988379557898
1259674351173066754,negative,0.2569941772226511
1259674351647043585,negative,0.030788989175479547
1259674353286905858,negative,3.8708435336360854e-08
1259674353504927744,negative,9.006595748785897e-10
1259674353622552577,neutral,0.3775522017607436
1259674356743053312,negative,0.0021984047600412267
1259674356864749571,negative,0.23149916868875114
1259674359934959619,negative,0.13629435832913914
1259674360811606018,negative,0.021508888306962737
1259674362191454208,negative,0.0027162029856809427
1259674362678071296,negative,0.0021842400586415266
1259674363378511873,negative,0.0007678471331074128
1259674363961303041,negative,0.00036804443648361936
1259674365261754368,negative,3.3467336030016024e-05
1259674365668601856,positive,0.8261425457401944
1259674368143171585,negative,0.00012619805142296856
1259674368290050053,negative,0.10321959441889433
1259674368650739715,negative,0.23896163854228158
1259674370747727873,negative,3.277462132633195e-05
1259674370961821699,positive,0.9673978320605799
1259674371490295809,negative,3.9795642464396085e-06
1259674371989417986,neutral,0.411594083119197
1259674372014575619,negative,0.10690708251486535
1259674372077428737,neutral,0.3403391890910929
1259674372635275266,negative,3.0436743277214192e-05
1259674373364961283,negative,0.0002542073478124467
1259674374187122694,negative,0.002884302276741412
1259674375030267909,negative,0.30103927458976437
1259674375709736960,negative,0.3107281742138744
1259674376074649600,negative,0.0010844700613079435
1259674376208814080,negative,0.23170062587869594
1259674376611475457,negative,0.00015489092477156152
1259674377219645441,negative,4.773312440685351e-07
1259674378289049601,negative,0.005705834615691113
1259674378352164864,neutral,0.5136446707795853
1259674378868084736,negative,4.3557956467136985e-06
1259674380545785857,negative,0.10231981680853597
1259674381795590148,negative,0.024045793340042185
1259674383179747328,negative,0.00017415805412426832
1259674384953782272,positive,0.8869137767261434
1259674385893527552,negative,0.04740061161966387
1259674386291982336,negative,0.020359187308185638
1259674387566989312,negative,0.015846303059580458
1259674388829331457,negative,0.0027162029856809427
1259674389358010368,negative,0.3048812066995133
1259674389534183424,negative,3.5909355599848587e-12
1259674389978775552,negative,1.2815908333839483e-05
1259674390029111296,negative,0.0035426461554839903
1259674391958429698,negative,0.0001281194266979589
1259674392008830976,negative,0.001301716268643882
1259674393606852608,negative,0.1210038755137157
1259674395011923968,negative,0.00024177276862188824
1259674395326525440,negative,0.1398154997530414
1259674395728986112,negative,0.00021834850466550325
1259674396697997313,negative,0.23149916868875114
1259674396739997696,neutral,0.5495922250151081
1259674400091262981,negative,1.1317823080244854e-05
1259674400347099136,negative,0.0012130278315510556
1259674403706679296,negative,0.2069991025679891
1259674404516065282,negative,0.0033659798076027853
1259674405057245184,negative,3.7134797954732577e-07
1259674405132738561,negative,0.0016896950886833738
1259674406462382080,negative,0.013564017512008975
1259674406760198144,negative,0.1957491547036375
1259674407326408704,negative,0.0012770655713096914
1259674408618246159,negative,0.016512168182882748
1259674516927594496,negative,0.322045503097249
1259674517422645248,negative,0.010706368727839864
1259674519616225285,negative,0.0030575728129919053
1259674520220307463,negative,0.1188376399658234
1259674521298251778,neutral,0.3557303794939469
1259674522967474178,positive,0.8168670945334474
1259674523454095363,negative,0.00021348524534965603
1259674523651256321,negative,0.00018570611028978495
1259674525207314432,negative,0.009658577840483813
1259674525341560834,neutral,0.45592579101346653
1259674525865783297,negative,0.0009862693234235296
1259674526042009603,negative,0.00044516042679641527
1259674526557900802,negative,0.08277097799239591
1259674528122318850,negative,0.10714047062611368
1259674529871417345,negative,0.03666493064693776
1259674531670654978,negative,0.30004885973729933
1259674531838525441,negative,0.040522582918579506
1259674532312494088,negative,0.02712988442326638
1259674535097442306,negative,4.110870404856382e-08
1259674535269449730,negative,0.0010844700613079435
1259674537291059202,negative,0.0003680622588544407
1259674537622470657,negative,0.01948847896768648
1259674538046078976,negative,0.0007678471331074128
1259674538977214468,negative,0.0027162029856809427
1259674538985566208,negative,2.8762856060596064e-05
1259674539908366336,positive,0.828914557886626
1259674543590903808,negative,1.2602226047084451e-05
1259674543712612352,negative,0.1188376399658234
1259674544026972161,negative,0.0027162029856809427
1259674545004244993,negative,0.0027162029856809427
1259674545268625413,negative,0.0027162029856809427
1259674546032033792,negative,2.0308889468500376e-10
1259674546803748865,negative,0.05833895740981265
1259674547755851776,positive,0.9724628152152981
1259674547869167616,negative,1.5175224394844428e-06
1259674548259225600,negative,0.2058868964704292
1259674548917751808,negative,0.01193160967776833
1259674549789966336,negative,0.0015024095681943166
1259674550012456960,negative,0.00020457874669819296
1259674551044145152,negative,0.0015102876717087831
1259674551958614016,negative,0.11121198795870663
1259674552805797890,negative,0.0028305346722848662
1259674553053134850,negative,0.04525636688048251
1259674553321734149,negative,0.00018362261794865854
1259674554722660352,negative,0.0035426461554839903
1259674554768723969,negative,0.004391084680770542
1259674555943174149,neutral,0.6340183547780538
1259674558413627393,negative,0.0008148754746554717
1259674558677897216,negative,0.005786120539882683
1259674560238059524,negative,6.2887357128157e-06
1259674561626492929,negative,6.222366943764388e-07
1259674562775732224,neutral,0.55561279147631
1259674562977038338,negative,5.1003576019996756e-05
1259674565707530240,negative,3.3467336030016024e-05
1259674569599746049,negative,2.0891079008255085e-05
1259674570140848130,positive,0.9544536688652303
1259674570451189760,negative,2.1197574043146155e-05
1259674571491422209,negative,0.1888925814712784
1259674571910897664,negative,0.0021984047600412267
1259674572334325760,negative,0.15012409987987435
1259674573148008448,negative,0.1912305802303923
1259674573945090048,negative,7.44651973961442e-05
1259674576927240193,negative,0.0007839245401794589
1259674577808097280,negative,0.1947486165211348
1259674578777001986,negative,0.2058546163179579
1259674580957966336,negative,4.4180389823726203e-05
1259674582103064576,negative,0.018771701807137737
1259674582400864258,negative,0.013994802818286878
1259674584187572224,negative,0.30004885973729933
1259674587077500928,negative,0.0008743762150537003
1259674587228508162,negative,0.03658288434465535
1259674588251926530,negative,0.3107281742138744
1259674588528640001,positive,0.8616588123273681
1259674588562112513,neutral,0.5661977518532476
1259674588583284737,negative,0.1233173492716235
1259674588604256257,negative,0.11169407265441571
1259674588625108997,negative,0.059465808056411266
1259674588629184512,negative,0.3128792522391553
1259674588666978304,negative,0.18725376895310059
1259674588671283201,negative,0.053274418094856314
1259674588679680001,neutral,0.5547788760289623
1259674588708995074,negative,0.0021545419095212316
1259674588709076997,negative,0.19874206151247403
1259674588734095361,negative,0.13692275946934
1259674588738392065,negative,0.15813439855056136
1259674588746780674,negative,0.0050737300952766184
1259674588813783040,neutral,0.47072950877805764
1259674589266935808,negative,0.002537080961998823
1259674589401096192,positive,0.9070512529075725
1259674590617505792,negative,0.0001583077109574045
1259674590680363013,negative,1.0387218317586061e-12
1259674591179481088,neutral,0.5569930830056133
1259674591317970949,negative,0.0066340403963806895
1259674592144232449,neutral,0.34557889853185786
1259674592978833412,negative,0.0001039521899111674
1259674593163448325,negative,0.0009721209047037576
1259674593377218560,negative,0.0003548350608007118
1259674593654177796,negative,0.15182052792897766
1259674594946027520,negative,0.12213753985292868
1259674595281469440,negative,0.10785747516877296
1259674596074233864,negative,1.4034660577112407e-05
1259674700768149504,negative,0.0002957045205487739
1259674702483685378,negative,0.12096903286964095
1259674705377845251,negative,0.08498640725537643
1259674706019483649,negative,0.001815776571007954
1259674706728357890,negative,9.694439537673987e-06
1259674706837491712,negative,0.0007911617708774878
1259674708183785474,negative,0.01143970724084103
1259674709521768448,negative,0.1767333936894047
1259674709857361920,negative,0.1188376399658234
1259674710482325504,negative,0.000154594111452603
1259674711505551360,negative,4.615706486671167e-05
1259674711828684800,negative,0.02712988442326638
1259674711946137600,negative,0.08239359846279443
1259674713288253443,negative,0.003493783955890547
1259674714487894018,negative,0.007956855706518405
1259674715137794048,positive,0.8661490184654224
1259674715213434885,neutral,0.46127768308170247
1259674716509364224,neutral,0.42189502204711044
1259674719906865161,negative,0.10499331260704814
1259674720041041926,negative,6.125587482718755e-05
1259674721383260168,negative,3.220056282845823e-08
1259674721957949441,negative,0.10499331260704814
1259674726122819584,negative,0.0006145734225407996
1259674726634586113,negative,0.12096903286964095
1259674727393697792,negative,0.0008743762150537003
1259674728396177412,negative,0.00038135551995750175
1259674729725734917,negative,0.0002967829411284485
1259674734498852873,negative,0.002626721008204714
1259674735773913089,negative,0.0016630125463835948
1259674736574988288,negative,0.021250481708514977
1259674736600252416,neutral,0.4402571704036702
1259674736608583680,neutral,0.42141339019951163
1259674737212485633,negative,0.2501598756379907
1259674737728458752,negative,4.3835915926658916e-05
1259674737732616192,neutral,0.3391002083807046
1259674738475089925,negative,4.6976086064983074e-05
1259674739762749440,negative,9.037922318613646e-09
1259674740215685122,negative,0.0065050446368473906
1259674740383498240,negative,0.0006544555841570526
1259674740471599111,negative,0.2119793568577152
1259674741755043840,positive,0.9396279118783704
1259674743181058048,negative,0.19874206151247403
1259674743772459010,positive,0.8224079770749934
1259674744623898626,negative,0.002555925961163638
1259674745286668288,negative,0.16082784984031429
1259674746041614338,negative,0.058190126223182384
1259674747065040901,negative,0.0005970611255713196
1259674747375321090,negative,0.20193959791659166
1259674748658888705,negative,0.010335070274515608
1259674748881178626,neutral,0.4249404075430618
1259674749514514445,negative,0.1273974658774844
1259674749564710915,negative,0.0027162029856809427
1259674750307258370,positive,0.7554145855094311
1259674750449856518,negative,3.2347021376380087e-06
1259674752592928768,negative,0.0016896950886833738
1259674753826205698,neutral,0.3775522017607436
1259674755482992641,negative,0.02202502545527129
1259674755508195330,negative,0.0014180848119853813
1259674757487898624,negative,0.004310986949966905
1259674757865357312,negative,2.1527286219566785e-06
1259674758142099458,negative,0.10499331260704814
1259674759408779275,negative,3.477004089894117e-07
1259674761329881089,negative,0.22251248464985843
1259674762185490434,negative,0.051017071295361906
1259674762500083713,neutral,0.4505690361433004
1259674764324585478,negative,0.00018570611028978495
1259674764383223809,negative,0.0003685674520664772
1259674767122202631,negative,0.05806432433575818
1259674767256322053,positive,0.9443443409421143
1259674767784886274,positive,0.9012109515157815
1259674768552280064,negative,0.0006544555841570526
1259674768984412163,negative,0.0031345970461609854
1259674769236144128,negative,0.0035426461554839903
1259674769588396038,negative,0.06699662399007125
1259674771333304321,negative,0.0008149330722292424
1259674771559641089,negative,0.12096903286964095
1259674772314742786,neutral,0.5362703601420662
1259674772537040896,negative,0.00032080140564151653
1259674772788609025,negative,0.04726626780287914
1259674773862387712,negative,0.0015102876717087831
1259674774210580481,positive,0.794536607981579
1259674774617436160,negative,3.853526681529478e-06
1259674776773316610,negative,0.14192954223120982
1259674777729540102,negative,0.0013488661037734818
1259674779293974528,negative,2.791150003483726e-05
1259674779340230656,negative,0.020051128457844326
1259674779948212224,negative,0.15261559744337294
1259674780732739584,negative,0.1351646716363962
1259674781491900416,negative,2.2414772836516473e-08
1259674781890367490,negative,2.1082388477713755e-05
1259674893391667202,negative,0.02712988442326638
1259674894402498561,negative,2.7120407279404092e-05
1259674894427738114,negative,0.019147426504057607
1259674896797511681,negative,0.16733794078099748
1259674899444097029,negative,0.0018867402189216764
1259674900727562241,negative,0.1340596704857448
1259674901679689728,negative,0.2364592034750391
1259674902904389633,neutral,0.4402571704036702
1259674904334667779,negative,0.10499331260704814
1259674906209464320,negative,0.0015754109268284401
1259674908008669184,negative,0.02461183305571138
1259674908348604416,negative,0.0009721209047037576
1259674909346856961,positive,0.8950365316907585
1259674910533844999,negative,0.19874206151247403
1259674910730915848,negative,0.0027162029856809427
1259674910827458560,negative,3.470370690205898e-05
1259674911779545088,negative,0.10622136753372037
1259674912517763073,negative,2.226785428085515e-05
1259674912815382529,negative,0.002207795483900498
1259674912823947264,negative,0.034972624993996934
1259674913968963584,negative,5.3481514428319894e-05
1259674914098987010,negative,0.0016645049334396997
1259674915554410498,negative,4.105589476266415e-07
1259674916141572098,neutral,0.4593218317852663
1259674917445996545,negative,0.10499331260704814
1259674918087733248,negative,9.006595748785897e-10
1259674918373011457,negative,2.970982991845818e-05
1259674920176562176,negative,0.0015102876717087831
1259674920327483392,negative,0.00236520874539242
1259674921850015744,neutral,0.47771099401758765
1259674921850023937,negative,0.06741650418249664
1259674923292753920,negative,0.02175982050335556
1259674924236460033,negative,0.12096903286964095
1259674924828024832,negative,0.11059645786068519
1259674924878376969,negative,0.04489598488335573
1259674925998247936,negative,0.08656837674743445
1259674926837088257,positive,0.8299197399728483
1259674927986343937,negative,0.0004632235117622536
1259674928971948039,negative,0.13623349344832383
1259674929185914886,negative,0.004444017374527198
1259674929324326915,negative,0.008494124076352635
1259674929479458817,negative,0.004673724721106376
1259674931757043714,negative,0.3107281742138744
1259674932549738497,negative,7.893447884283518e-05
1259674933204000776,negative,1.900991135098309e-06
1259674934017572870,negative,3.3907967547957815e-05
1259674934474870789,negative,0.04042300004440744
1259674935481389056,neutral,0.5630410866502906
1259674936555311106,negative,0.04599317621224701
1259674937478057987,negative,0.00021602214502968283
1259674940200099845,negative,0.00017415805412426832
1259674943861768194,negative,0.09068381913608257
1259674944901836800,neutral,0.502768804934603
1259674945392726016,negative,0.0009112233397531418
1259674945581441025,negative,0.05663937656749153
1259674945593978880,negative,0.0001242836798083558
1259674947233804289,negative,0.01193160967776833
1259674947267579904,negative,0.012622432194500724
1259674948358017024,negative,0.0023987213571049822
1259674949087891456,negative,8.071665274291352e-05
1259674949213655040,negative,9.328529631017094e-05
1259674949981257729,negative,0.0003470156243591243
1259674951147229185,negative,0.031224011732910038
1259674951373729794,negative,0.025914885401447884
1259674952002912256,negative,0.006903336338792367
1259674952355192834,negative,0.025392831386580477
1259674953722585088,neutral,0.4014916454185573
1259674953739198464,negative,0.0015425566757892638
1259674954246823936,negative,0.2655495561805888
1259674954271989762,negative,0.0012379539558498175
1259674956759289859,negative,0.0012003266911767853
1259674958340534272,negative,3.3467336030016024e-05
1259674958961262595,negative,0.004450727128982486
1259674959053500416,negative,0.015588423902673091
1259674959946842113,negative,0.0015102876717087831
1259674959951138820,negative,0.28412732337589414
1259674960097955840,negative,0.18113749232169593
1259674961683382272,negative,0.002677377887318604
1259674961863729155,negative,2.226785428085515e-05
1259674962023120896,negative,0.0016645049334396997
1259674963424038917,negative,0.0017641371014958827
1259674963566624769,negative,0.2367402272103875
1259674963830865920,negative,0.01948847896768648
1259674966112567297,negative,0.12096903286964095
1259674967358070784,negative,0.059734167025343385
1259674968314580992,neutral,0.4658161022418691
1259674968389898241,negative,0.0006038054723997441
1259674969916813315,negative,0.09891779951245976
1259674970550124547,negative,0.0016727132089050822
1259674972714340352,negative,0.013994802818286878
1259674973066743808,negative,0.10255170089792942
1259674973242875910,negative,0.10499331260704814
1259676564310102021,negative,0.21645007432734836
1259676565924872193,neutral,0.3853561538418746
1259676566302449667,negative,0.020857505499661637
1259676566369509377,negative,0.00015841686635884204
1259676568139382785,negative,0.0629874237421868
1259676568462516224,negative,0.09677868744031175
1259676569326489604,negative,1.7409995644059886e-05
1259676569666293760,negative,0.0847958300552693
1259676570144452610,negative,0.27675766278087843
1259676570538643472,negative,3.0025031677061042e-06
1259676571377577988,negative,0.008325926416796121
1259676574439309312,negative,4.223715471704364e-05
1259676574884016133,negative,0.1146789104336039
1259676577253806080,negative,0.021250481708514977
1259676577887125505,negative,2.723579724134971e-05
1259676579111845894,negative,0.009471165174853958
1259676580336537602,negative,0.002259757181544405
1259676581116686339,positive,0.8766268102343255
1259676582110728203,negative,0.0829543510555653
1259676582337224707,neutral,0.3694749079867598
1259676582479880192,negative,0.07480529686534758
1259676587668242434,neutral,0.645136740296242
1259676588033138690,negative,0.016107046908463065
1259676588746182663,negative,0.10499331260704814
1259676589563891712,negative,0.007935070550561866
1259676591044669441,neutral,0.49789225920557484
1259676591392768000,negative,3.3952565304311984e-05
1259676591631843334,negative,0.12118327037855871
1259676592856616961,negative,0.002884302276741412
1259676592948883456,negative,0.0028487461192398763
1259676594567884801,negative,0.00018570611028978495
1259676595658412032,negative,0.0029565894202491687
1259676596748849159,negative,0.10298386647536417
1259676597143195648,negative,0.0016630125463835948
1259676597306765314,negative,0.11446446731576253
1259676597797429248,negative,0.1188376399658234
1259676597973647360,negative,1.1938659769627322e-09
1259676598795722753,neutral,0.38153430989142556
1259676600410312704,negative,0.13813632952232033
1259676600515416064,negative,0.05243500118393326
1259676600683151362,negative,0.0030997979047386495
1259676602029359104,neutral,0.4200437949775092
1259676603967291397,negative,0.0034305906592658865
1259676604701315074,negative,0.3107281742138744
1259676604848050177,negative,0.05663937656749153
1259676606362198016,neutral,0.3330765084248709
1259676606588686336,negative,0.02647288517060731
1259676608648155137,negative,0.0009862693234235296
1259676609294012418,negative,1.190323585666934e-05
1259676611424784392,negative,0.05243500118393326
1259676612615864320,negative,0.3107281742138744
1259676613073154048,neutral,0.547868631386287
1259676614704709632,negative,0.0362047513694722
1259676614784409602,negative,0.000784900044655865
1259676617409994759,negative,0.00019173301370798316
1259676619507195904,negative,0.041109684013229786
1259676619960131584,negative,0.12096903286964095
1259676623722500097,negative,4.917369277762606e-05
1259676624481652736,neutral,0.33532349677117634
1259676624951394307,neutral,0.6518415460665261
1259676625253302273,negative,0.0028487461192398763
1259676628751396866,negative,0.0010844700613079435
1259676629820944390,negative,0.011231312692535541
1259676630848614411,negative,0.0010844700613079435
1259676631263780864,negative,0.2914589412263435
1259676632203366401,negative,0.002884302276741412
1259676634250182657,negative,0.00017415805412426832
1259676634690588672,negative,0.25711857266986254
1259676635512688640,negative,0.1188376399658234
1259676637957894145,negative,0.005590437575438697
1259676638213799936,neutral,0.47805860824954416
1259676639744720896,negative,0.0008802403768974333
1259676640000372736,negative,0.01193160967776833
1259676641200087044,negative,0.003952196388983542
1259676641216905222,negative,1.5163517455306404e-07
1259676641225310208,negative,0.024390065972926565
1259676643834109953,negative,0.24774559660626022
1259676643976712192,negative,0.03686376776394923
1259676645251833858,negative,0.013799140535093499
1259676646199701506,neutral,0.5234568957824535
1259676648217219073,negative,0.14741925351041127
1259676648326250496,negative,0.000154594111452603
1259676648934215680,negative,5.662364520747147e-06
1259676649618096128,positive,0.9673978320605799
1259676652130283526,negative,0.0015425566757892638
1259676652898078722,negative,0.12687038191522304
1259676653690793985,positive,0.967832940127793
1259676654248628224,negative,0.004391084680770542
1259676655158620161,negative,0.03561476315844542
1259676655355940867,negative,0.09363808728322057
1259676657067208705,negative,0.09677868744031175
1259676657432121344,negative,3.3467336030016024e-05
1259676658229030913,negative,0.013425507304720946
1259676658564505605,negative,0.02286790313139476
1259676739489447938,negative,0.0011133394119177721
1259676740294606849,negative,0.12096903286964095
1259676742735802369,negative,0.014251397471769497
1259676743834746885,negative,0.10499331260704814
1259676744749125632,negative,9.773236378121795e-05
1259676746632355840,negative,0.0009721209047037576
1259676748175687680,negative,0.0014180848119853813
1259676748213481473,negative,0.1860671458161602
1259676749018869761,neutral,0.45502575673228235
1259676749379534849,negative,0.0010237071059706138
1259676749438291969,positive,0.9265187000755755
1259676749438296064,negative,0.004737599545817576
1259676750730190853,negative,1.5134734586627057e-10
1259676751837478914,negative,0.08105057948464066
1259676753020063749,neutral,0.5868330575201346
1259676753053708290,negative,0.001552724423175413
1259676753670426625,negative,0.006939765544885196
1259676753812996096,negative,0.0007911617708774878
1259676754639302658,neutral,0.4154145900174188
1259676755708829697,negative,0.0013150296077466034
1259676757436792833,negative,0.1188376399658234
1259676760410480641,negative,0.0010844700613079435
1259676760419061763,negative,1.808794773018423e-09
1259676760939155459,negative,0.1462965765731506
1259676761467600897,negative,0.19874206151247403
1259676762327461888,negative,2.058716162011727e-05
1259676763858272256,negative,0.016512168182882748
1259676765317980167,negative,0.0009721209047037576
1259676765880029184,negative,3.38835486603678e-05
1259676766689538054,negative,0.19874206151247403
1259676766710439936,negative,0.009638336212347423
1259676766752423936,negative,0.02647288517060731
1259676767377375238,neutral,0.45004606419245313
1259676767452889090,negative,0.001287110887252321
1259676767914262528,negative,7.179721199443561e-05
1259676769826877441,negative,0.0336660938035312
1259676771877822464,negative,0.0028487461192398763
1259676774486679558,negative,0.013412290577320766
1259676774595792896,neutral,0.5879445217139934
1259676774792859648,negative,0.13801241188201818
1259676775174606849,neutral,0.45592579101346653
1259676775715500032,negative,0.12096903286964095
1259676775740837888,neutral,0.5495922250151081
1259676776630046721,negative,0.009330225261662406
1259676777707900936,negative,0.0003966677001855576
1259676778915860480,negative,0.00236520874539242
1259676781113757697,negative,0.0606236397114415
1259676781499555842,neutral,0.4402571704036702
1259676782711787527,negative,0.17341040871416866
1259676782753701889,negative,0.0005231560915580994
1259676783068184576,negative,0.0038529283197845524
1259676783366025217,negative,0.011821783485797644
1259676783596756993,neutral,0.5840690720745022
1259676785450631168,negative,0.005251273802105604
1259676785580617729,negative,0.12719508658569767
1259676786549575681,neutral,0.3624966199132983
1259676789540085760,negative,0.00020436320644451664
1259676791293251587,negative,0.020973704975025022
1259676791561531393,negative,0.3048812066995133
1259676792593346565,positive,0.9011303352660119
1259676792710971393,negative,0.01161679981692858
1259676792996184064,negative,0.028572316902935015
1259676793436549121,neutral,0.3710328583128499
1259676794552270849,negative,5.2589706360019776e-06
1259676795223396358,negative,0.03942290998771122
1259676795357532160,negative,0.01416990094980743
1259676795835744259,neutral,0.5680815643862628
1259676795986739200,negative,0.01095800908819282
1259676799056961536,negative,0.2221441560239208
1259676799325388804,negative,0.06802428702112535
1259676800554328067,negative,0.0007678471331074128
1259676800667521024,negative,0.0027162029856809427
1259676801305137153,negative,0.04973703439906624
1259676802357825539,negative,0.00027317544528841336
1259676803469389824,negative,0.006205261877238198
1259676803754528769,negative,0.013994802818286878
1259676804471816193,negative,0.005554909482333917
1259676804744429569,negative,0.0028487461192398763
1259676805520166914,negative,0.004005573930353661
1259676805662900224,neutral,0.5495922250151081
1259676806346469376,negative,0.20693812076163753
1259676806996725766,negative,0.12279167466125734
1259676807466541058,negative,0.0028487461192398763
1259676808250826757,neutral,0.6149037720247512
1259676808573788166,negative,0.0005638525584997522
1259676810079543298,negative,0.007328771780627962
1259676810318659584,negative,0.026243039778778544
1259676810373214208,neutral,0.3775522017607436
1259676811572719621,negative,0.0028487461192398763
1259676812281622528,negative,0.14256651829650327
1259676813191794693,negative,0.0018867402189216764
1259676813225275393,neutral,0.38112397053830116
1259676813665632257,negative,0.002536867306404687
1259676816362614784,negative,0.07287781234195695
1259676817339944963,negative,0.020494491261029597
1259676817884999680,negative,0.0015425566757892638
1259676818451435520,negative,0.06408061391474448
1259676818581397505,neutral,0.45319537756309825
1259676819613245441,negative,0.01957989278199709
1259676821001515010,negative,0.1788897500100951
1259676822406680576,neutral,0.48466604279685
1259676823878873098,negative,0.08343272787547028
1259676824914755587,negative,0.26416228703581834
1259676825602658304,negative,0.000154594111452603
1259676932049965058,negative,0.0022563534089055527
1259676933685731328,negative,0.0012130278315510556
1259676934688182274,negative,0.007312087945325515
1259676935489191937,negative,0.3107281742138744
1259676936063909891,negative,0.0008149330722292424
1259676938429509633,negative,1.422117397769485e-09
1259676939675148290,negative,0.11079373433196911
1259676939721326593,negative,2.317824873736806e-06
1259676940430192640,negative,0.0010498024812171723
1259676941432557568,negative,0.0010498024812171723
1259676942216937474,negative,0.0017194889937219814
1259676942783184902,negative,0.039917398382737244
1259676944020496386,negative,0.00038910433793283393
1259676944104329217,negative,0.31195366166228905
1259676945488494598,negative,0.02202502545527129
1259676945958264838,negative,0.0424293199234715
1259676950173540353,negative,0.0012518402843302151
1259676952203603970,negative,0.0016354469423939656
1259676952245473280,negative,0.0008149330722292424
1259676952828444672,positive,0.9873319472850931
1259676953969414146,neutral,0.3720650787255043
1259676955323981824,negative,0.0714292177439545
1259676957618384898,negative,0.07694197071473469
1259676958457135104,negative,1.2343933232642146e-06
1259676959652577281,negative,0.28200403459355333
1259676959732387841,negative,0.002602477354602291
1259676959833034752,negative,0.1188376399658234
1259676963117182976,negative,0.02505158185053264
1259676964077678593,negative,0.043163885552546175
1259676965579165696,negative,1.8695653300302618e-14
1259676966380285952,negative,4.4672822911585515e-05
1259676968804659210,negative,3.352561799106328e-05
1259676970448814080,negative,0.10499331260704814
1259676971077959680,negative,2.492863781760245e-06
1259676974114537472,negative,0.1188376399658234
1259676975209332736,negative,0.0005021624974916659
1259676979306983424,negative,0.04477671636230236
1259676979965521920,negative,0.0001281194266979589
1259676983094632453,negative,0.06714520808067297
1259676985292460032,negative,0.03933986679271507
1259676986034851847,negative,0.29922159289575584
1259676986143838209,negative,0.24734518960446147
1259676986739511297,negative,0.012602655006632275
1259676987909603329,neutral,0.5547788760289623
1259676988266221571,negative,3.262620406823069e-05
1259676988492693504,negative,0.014251397471769497
1259676989293768710,negative,0.20647697772630585
1259676989922914305,negative,0.000154594111452603
1259676990363381766,neutral,0.36470352424162406
1259676991151845378,negative,0.058585410844099524
1259676991760019457,negative,0.00020736978489672633
1259676992410091524,negative,0.004524873465332821
1259676993072791553,negative,0.19281765299370807
1259676993626521601,neutral,0.4249404075430618
1259676994062757891,negative,0.07219436305512782
1259676999154630656,negative,0.00017659013711034067
1259677001335488513,negative,0.00236520874539242
1259677001675399171,neutral,0.38112397053830116
1259677001755041792,negative,0.0002391120177533591
1259677002929451011,negative,6.769358116637216e-05
1259677003147608066,negative,0.0014123608459627867
1259677004540018689,negative,0.00020676361837867143
1259677004561072128,negative,0.0009721209047037576
1259677007824257026,negative,0.013994802818286878
1259677008029577217,negative,0.3087279282202432
1259677009090760710,negative,3.0488793885015668e-09
1259677010244362241,neutral,0.5495922250151081
1259677010433097728,negative,0.004502415427712268
1259677011670425602,negative,0.0009721209047037576
1259677011922030592,negative,0.0003548926577949166
1259677012156956675,negative,0.0027162029856809427
1259677012186345475,negative,0.0006654453004990345
1259677012375015425,negative,3.430832506032745e-05
1259677012643459073,negative,0.003493783955890547
1259677013272678400,negative,0.0028487461192398763
1259677014132494336,negative,0.03741229167750457
1259677014602264576,negative,0.004512518914667437
1259677014920966146,negative,0.0010543963045410829
1259677014937739269,negative,0.058585410844099524
1259677017517297665,negative,0.0902117041152887
1259677017865359361,neutral,0.34594399470296927
1259677018049953797,negative,0.0025692329905899385
1259677018486124544,neutral,0.36192673179236845
1259677019098546181,negative,0.0018852063855536014
1259677019811590144,negative,0.05676744399381691
1259677020486656000,negative,1.911875451594833e-05
1259677021006856193,negative,0.0028487461192398763
1259677022063820800,negative,0.0011254482976046332
1259677022638538753,negative,0.12096903286964095
1259677022814601217,negative,0.2042517137896546
1259677022957309952,negative,0.0010021428661616243
1259677023380869126,negative,0.004673724721106376
1259677023556874245,negative,0.0014180848119853813
1259677024991547394,negative,8.892498414683053e-06
1259677025134092290,negative,0.0021984047600412267
1259677122530103296,neutral,0.4257612081805749
1259677122848751616,negative,0.06599999094255367
1259677123079479302,negative,0.0005021624974916659
1259677125508038663,negative,7.877697300507063e-05
1259677125579288578,neutral,0.4402571704036702
1259677125902249987,neutral,0.502768804934603
1259677125977821184,positive,0.7616819412987142
1259677126128590848,negative,0.17606396492284043
1259677127571582976,negative,0.0024156625978914237
1259677127865237510,positive,0.9293351149383254
1259677129178046465,negative,0.03933986679271507
1259677130150928384,negative,0.010222847471697011
1259677130163654656,negative,0.0016645049334396997
1259677131212193793,negative,4.270466884094391e-08
1259677131447185408,negative,0.047830923740328324
1259677131749154822,neutral,0.6588750997991882
1259677132004962307,negative,0.05057069532273135
1259677133447757827,neutral,0.6019517117228862
1259677133783412742,negative,0.0009715577207035442
1259677133892390912,negative,0.0015102876717087831
1259677138904592386,negative,0.3215440813721987
1259677139462500361,negative,0.02907723054137979
1259677139823190016,neutral,0.3826805774167147
1259677139965743106,negative,0.004737599545817576
1259677140058025986,negative,0.09106017074882691
1259677140678836224,negative,0.010372845734348551
1259677141131767809,negative,0.0013071032236950046
1259677141869965315,negative,3.644850970682945e-09
1259677142578794502,neutral,0.44149244491636075
1259677142906003457,negative,0.14256651829650327
1259677143228915717,negative,0.1947486165211348
1259677144029986817,negative,0.12096903286964095
1259677144277487618,negative,0.0023987213571049822
1259677144504033280,negative,0.02408909800451838
1259677145191854082,negative,0.0010498024812171723
1259677145573572608,negative,0.06189894062725633
1259677147934814208,negative,0.08437682771427109
1259677149755256833,negative,0.0005883100826802569
1259677150225076224,neutral,0.3852325379669018
1259677150774538242,negative,0.00016773074261233688
1259677151181209601,negative,0.10530628260648502
1259677152812949506,negative,0.20310954457189628
1259677153693560834,negative,0.31142205254299404
1259677159158841345,negative,4.077567457731613e-06
1259677159511273472,negative,0.09222603638539402
1259677159662198784,negative,0.3292548080830861
1259677159687442433,negative,0.29042584043776287
1259677161042173952,negative,0.032130957726956
1259677164666081280,neutral,0.33731667467641957
1259677165345480704,positive,0.9827669063383688
1259677165366501377,negative,0.010564073112148072
1259677165416742912,negative,0.1351646716363962
1259677165605605377,negative,0.02647790521386964
1259677165710434304,negative,2.572416373124494e-06
1259677165978898432,negative,0.013994802818286878
1259677166771601409,negative,0.00038775501497328253
1259677167547449345,negative,0.012179409357028813
1259677168076050433,negative,0.13629435832913914
1259677169942441984,negative,0.004502415427712268
1259677170307403780,negative,4.771597365045576e-06
1259677170756173827,negative,0.015584758969850456
1259677171909607427,negative,3.549289246024091e-05
1259677173671231488,negative,0.1468842473672038
1259677176049422338,negative,0.19874206151247403
1259677178146566144,negative,0.300045292484097
1259677179614502917,negative,0.04025843963743475
1259677180780523520,negative,0.0032598815904840302
1259677182529613825,negative,1.4581855040538007e-07
1259677182567342082,negative,0.0028487461192398763
1259677182625972224,negative,0.20310954457189628
1259677183808864256,neutral,0.49114048206328076
1259677185503346688,negative,0.013425507304720946
1259677187160104968,negative,0.04501347720949645
1259677187818622976,negative,0.0010844700613079435
1259677188548427778,negative,0.02915119772120249
1259677189404049411,negative,0.01192294319965453
1259677190863695872,negative,4.460515061335206e-07
1259677191161483264,negative,0.20427070279218768
1259677191299883008,negative,0.03933341956796874
1259677191312494597,negative,2.206553064918547e-06
1259677191488581638,negative,0.12531906393061398
1259677191761256450,negative,0.013425507304720946
1259677192872554496,negative,0.004737599545817576
1259677193204051974,negative,0.001240460444165511
1259677193589964807,negative,0.03026406884290389
1259677194571468800,negative,0.0005021624974916659
1259677194655318018,negative,3.3952565304311984e-05
1259677195217362944,negative,0.30004885973729933
1259677195229954048,negative,0.0003612930654325537
1259677195745845250,negative,1.6296497699724323e-07
1259677195997503488,positive,0.9606430759938248
1259677197440294912,negative,0.06071771319738231
1259677198245597190,negative,1.8121971904278876e-07
1259677198287548416,negative,0.004737599545817576
1259677198828670977,negative,0.002518762234476099
1259677198983802880,negative,0.2058868964704292
1259677199596163073,negative,0.0008743762150537003
1259677200309198849,negative,0.0050737300952766184
1259677201064173568,negative,0.06189894062725633
1259677203534499840,negative,0.10530628260648502
1259677206403518466,negative,0.0814179381748901
1259677305624027136,negative,3.120071509198454e-05
1259677306219573248,negative,0.10785747516877296
1259677307402403840,negative,0.03686376776394923
1259677308601765889,negative,0.0814179381748901
1259677308929048576,negative,0.016601002581958665
1259677311437287424,neutral,0.41086737343706603
1259677313580634112,neutral,0.4249404075430618
1259677313828077568,negative,0.00024177276862188824
1259677314557894658,negative,0.04008149123859832
1259677314960576514,negative,0.0202494522184683
1259677315178663937,negative,5.8355085919283775e-06
1259677315673534464,negative,2.791150003483726e-05
1259677316051075072,negative,0.0002391120177533591
1259677316868976641,negative,0.0009862693234235296
1259677317271564289,negative,0.0015425566757892638
1259677317372272643,negative,0.009598576032181791
1259677321021272066,negative,0.005315287860823285
1259677323281997825,negative,0.003493783955890547
1259677325001719810,neutral,0.5495922250151081
1259677326427783171,negative,0.00017415805412426832
1259677326650019846,negative,0.007157183415897485
1259677326910148612,negative,3.0937258795411816e-05
1259677327384084480,negative,0.0010844700613079435
1259677327572848645,negative,0.007956855706518405
1259677327971291136,negative,0.009349493461444092
1259677328512176131,negative,0.0027162029856809427
1259677329439088641,negative,3.089939168621144e-07
1259677330823434242,negative,0.15395594016320838
1259677331599360000,negative,2.1752340174622467e-05
1259677332102475782,negative,0.0065626861685068785
1259677332241088514,negative,0.002884302276741412
1259677333235122178,neutral,0.5495922250151081
1259677334111752194,negative,0.021078398803405462
1259677335416168448,neutral,0.4999780182156503
1259677336041074690,neutral,0.4548012403151174
1259677336523374595,negative,2.3319239732526912e-05
1259677336871501832,negative,5.3418374983328875e-05
1259677338889043968,negative,0.09638296467361263
1259677339144896517,negative,0.059986236130366855
1259677339547570179,negative,0.001111837635864721
1259677339778199552,positive,0.8261425457401944
1259677339799171073,negative,0.3048812066995133
1259677339820187650,negative,0.00010751812254687003
1259677340096966656,negative,0.00028334364179305937
1259677342504570887,negative,0.05951618781862016
1259677347185397763,negative,0.01161679981692858
1259677347978121217,negative,0.0028487461192398763
1259677348129095687,positive,0.8387760337007547
1259677348720410625,negative,0.1550780807572227
1259677350578597889,negative,0.0010498024812171723
1259677350897364994,neutral,0.44493923708929656
1259677351144755202,negative,0.08404450366196412
1259677351287287810,negative,0.014701988379557898
1259677353225183238,negative,0.0005021624974916659
1259677354571345920,negative,0.001981726972312183
1259677354768633862,negative,0.00010689407356080848
1259677354990997504,negative,0.0024156625978914237
1259677356891017216,negative,0.014718480101177007
1259677357906026497,negative,4.429267123396304e-06
1259677358400974849,negative,0.0032879729028763034
1259677358736445440,negative,0.04505211601291671
1259677359415988224,negative,0.17632601764987182
1259677359743041536,negative,0.3107281742138744
1259677359860584448,negative,0.0004941085307717988
1259677360300802048,negative,0.02202502545527129
1259677360502247424,neutral,0.42398849826583557
1259677360514912256,negative,0.000154594111452603
1259677360682655744,negative,0.0009059449000897361
1259677360888205312,negative,0.012311278614683433
1259677361919967233,negative,0.013994802818286878
1259677363304124417,negative,0.04067496056353593
1259677364637687808,negative,0.002884302276741412
1259677365153796097,negative,0.0015425566757892638
1259677369058680832,negative,0.0022037610104673412
1259677373127000064,negative,0.0736401149528525
1259677373206859785,negative,0.013994802818286878
1259677374133809154,negative,0.006847247932698653
1259677374377078784,negative,0.000784900044655865
1259677376289615873,negative,0.1550780807572227
1259677376377692160,negative,9.694439537673987e-06
1259677376809783298,neutral,0.5547788760289623
1259677377283719168,negative,0.000544722234546426
1259677377963200512,positive,0.9953910517630514
1259677378743320576,negative,0.059750747486031236
1259677380836298754,negative,0.0008149330722292424
1259677381062787072,negative,0.1188376399658234
1259677381360603137,negative,1.058635125886868e-05
1259677382035857408,neutral,0.4911215641242828
1259677382165901314,negative,3.4009437254912016e-11
1259677383239577601,negative,0.0028487461192398763
1259677385177341953,negative,0.003126896774241264
1259677386628575234,negative,0.000154594111452603
1259677386804789249,neutral,0.5495922250151081
1259677388482502656,negative,0.000137703113716417
1259677390013444096,negative,1.6178411171538756e-07
1259677390994841600,negative,0.10785747516877296
1259677391082917888,negative,1.1034814489862593e-07
1259677392710352897,negative,0.27170156462108336
1259677392961970176,negative,0.0015425566757892638
1259677487849709569,negative,0.00040228756789606804
1259677488143306752,negative,0.002536867306404687
1259677488835420161,negative,1.6178411171538756e-07
1259677492652044289,negative,3.624672208006902e-05
1259677493667266562,negative,0.027676173147084794
1259677494195732481,negative,0.22105928399743557
1259677494233481216,negative,0.003733816906675241
1259677494455742465,negative,6.453649604705416e-05
1259677494778658818,negative,3.2822732590789015e-05
1259677495491792913,negative,0.0028487461192398763
1259677495504318469,negative,0.2104001880792606
1259677495785336839,negative,7.877697300507063e-05
1259677496527781889,neutral,0.45502575673228235
1259677498817810434,negative,0.04943360200588043
1259677501305032709,negative,0.0006544555841570526
1259677501787422726,positive,0.9606430759938248
1259677502819241985,negative,0.14741925351041127
1259677504597643264,negative,0.23725895531132482
1259677505574838279,negative,0.0022172068441327487
1259677506027864064,negative,0.18013130764963445
1259677508913561605,negative,0.012159513577744058
1259677508959703041,neutral,0.42690943801943315
1259677510415024128,negative,0.18013130764963445
1259677510503215105,negative,1.6178411171538756e-07
1259677512809893888,negative,0.01638615685940391
1259677513262997505,negative,0.00023115917194831053
1259677513275465728,negative,0.027409972961924774
1259677513325871104,negative,0.020851380027658985
1259677513376247809,negative,0.17785859282602975
1259677514567421952,negative,0.001616118690341926
1259677516626718726,negative,0.0004439484869738201
1259677517256044545,negative,0.0004632235117622536
1259677517662900234,negative,0.032378330856935415
1259677517872541697,neutral,0.5414238653288329
1259677519755849728,negative,0.2576806556245388
1259677520003203076,negative,0.0026239901480550882
1259677520099594240,negative,0.011339121582090963
1259677520573726722,negative,9.512064583200334e-05
1259677521060249601,negative,0.3292548080830861
1259677521752272896,neutral,0.34840316268830296
1259677522888921088,negative,0.013994802818286878
1259677522918354944,negative,3.7516919563123366e-07
1259677523128078337,negative,0.0014034656668785656
1259677524197609476,negative,0.0028487461192398763
1259677524201811968,negative,0.03527470223085707
1259677527083233280,negative,0.0030848364876741603
1259677527527825408,negative,0.1957491547036375
1259677528173707265,negative,0.30131188661614416
1259677529532760064,negative,1.4127202148557804e-06
1259677531063672833,neutral,0.3975703454475432
1259677532175175682,neutral,0.4291007312367707
1259677533575970823,negative,2.6701572178183754e-05
1259677533588652035,negative,0.0004777905858858482
1259677533647364097,neutral,0.3594085643141792
1259677533831864321,negative,0.09638296467361263
1259677534905683969,negative,0.1016892290320254
1259677534960173059,negative,0.0010844700613079435
1259677535127863297,negative,0.0028487461192398763
1259677537883602945,negative,0.029348895728352805
1259677538919440384,neutral,0.5153398145264406
1259677539175403523,negative,0.014831941137515875
1259677541306114049,negative,0.009048041134412621
1259677542736420865,negative,0.0015102876717087831
1259677542824452097,negative,0.00038910433793283393
1259677543403261953,negative,0.010969370384328147
1259677545722757120,negative,1.0415740397698773e-05
1259677546079191045,neutral,0.45502575673228235
1259677546397851650,negative,0.004737599545817576
1259677549036294144,negative,0.027409972961924774
1259677551397568512,neutral,0.45478823486115194
1259677551875719168,neutral,0.43988208189787964
1259677552983056386,negative,0.3018520998362453
1259677553507303426,negative,0.020857505499661637
1259677554123866119,negative,0.02178107550727793
1259677554371330049,negative,0.014279603231942179
1259677556279848962,negative,0.1767333936894047
1259677558477672448,negative,0.16009308791022323
1259677558708285441,negative,0.0035854884522241548
1259677559060602880,negative,0.0015083799947238764
1259677559501008905,neutral,0.5312595555167599
1259677560331476993,negative,0.3107281742138744
1259677561451405319,neutral,0.45880283589470994
1259677561774321665,negative,0.003493783955890547
1259677561912807426,negative,0.027409972961924774
1259677564055977984,negative,0.001384589922401263
1259677564638904320,negative,0.0010498024812171723
1259677565561774082,neutral,0.5606163937719787
1259677565566038016,negative,0.0005334962399195416
1259677565754707968,neutral,0.36470352424162406
1259677566119677953,neutral,0.43988208189787964
1259677568267104256,negative,8.071665274291352e-05
1259677568346869760,negative,0.17632601764987182
1259677569319911432,negative,0.17632601764987182
1259677569785323520,negative,0.11070768490913485
1259677570536214528,negative,0.01606643729167734
1259677570750169090,negative,0.021116029847501137
1259677572528508931,negative,0.06035929451318464
1259677572604088322,negative,0.23149916868875114
1259677572981420033,negative,0.17632601764987182
1259677573992382464,negative,0.004673724721106376
1259677574789238795,negative,0.17632601764987182
1259677674882072579,neutral,0.5495922250151081
1259677675322585088,negative,0.0009721209047037576
1259677675574231042,negative,0.010564073112148072
1259677678052892673,negative,0.03014147870641393
1259677680733237255,negative,0.0009721209047037576
1259677681546903557,positive,0.9996593201187919
1259677681991516160,negative,0.00038910433793283393
1259677682230538243,negative,9.030018001418989e-07
1259677683782467586,negative,0.00024177276862188824
1259677684143206401,negative,0.1546226611095075
1259677686072512512,negative,0.036235211684405515
1259677686491996160,negative,0.027676173147084794
1259677687079198720,negative,0.2069991025679891
1259677687481761792,positive,0.8611653518411373
1259677690795352065,negative,0.00013217156410492626
1259677691168428032,negative,0.0027162029856809427
1259677691676147712,negative,0.0015425566757892638
1259677691923648512,negative,0.002884302276741412
1259677693441970176,positive,0.8611653518411373
1259677693643235329,negative,0.07364826525902862
1259677696885493760,negative,0.10371726237704215
1259677698470920197,negative,0.014251397471769497
1259677699880169480,negative,3.292927854194712e-07
1259677700194742272,negative,0.04881336813358824
1259677700714881033,negative,0.00038910433793283393
1259677702245830661,negative,0.016700150823115528
1259677702250016775,negative,1.3157261842313109e-05
1259677702442962948,negative,0.030348516258984156
1259677702476480514,negative,0.028548915143724055
1259677702619049988,negative,0.002187724668724828
1259677703537668097,negative,1.6728372428896538e-06
1259677705794195470,negative,0.0011472707561317342
1259677706561687553,negative,0.03933986679271507
1259677706733699072,negative,0.0003966677001855576
1259677708902174720,negative,0.0027162029856809427
1259677709808123910,neutral,0.47899764479002754
1259677710336606208,negative,0.011437457971077649
1259677711892721664,negative,0.027409972961924774
1259677712916062208,negative,0.007956855706518405
1259677713046044672,negative,0.011423197520430505
1259677713092263937,neutral,0.342139220971204
1259677715738886144,negative,0.15446114227167648
1259677717362024449,negative,0.01247618055942932
1259677718595211271,negative,0.00036429615280039247
1259677719018815489,negative,0.058297051715714414
1259677719056584705,negative,0.17245386176338598
1259677719564029955,negative,0.0007596603794943178
1259677719677202432,negative,0.0027162029856809427
1259677720553938944,neutral,0.3453810640614328
1259677722751700993,negative,3.9850952687118755e-05
1259677723489906688,negative,0.07665009582092724
1259677723557015553,negative,0.0007246762132511087
1259677723682693120,neutral,0.5312595555167599
1259677723821330433,negative,2.4303957187305902e-05
1259677723880022016,neutral,0.4812314428611056
1259677724278493186,positive,0.9401174731360852
1259677724379136001,negative,0.008494124076352635
1259677724790185986,negative,0.0012130278315510556
1259677725297717248,negative,0.00018047497799978285
1259677725956222977,negative,0.00038910433793283393
1259677727147413504,positive,0.9673978320605799
1259677728099500032,positive,0.8611653518411373
1259677728439259136,negative,0.005978400290975457
1259677728481013760,negative,0.00236520874539242
1259677728699228161,negative,0.03652007099457351
1259677729030656000,negative,0.0013390722751353285
1259677729689088003,negative,0.0015425566757892638
1259677730754494465,negative,0.004512518914667437
1259677731039707136,neutral,0.41612987193021583
1259677733740781570,positive,0.9070512529075725
1259677734583836672,negative,0.030788989175479547
1259677735154094080,negative,0.027409972961924774
1259677735552720902,negative,0.18723285947158988
1259677736160944130,negative,0.00010354445036837849
1259677738883055616,negative,0.01590588537660126
1259677738992054273,negative,0.00031625666673288727
1259677739025563655,negative,0.000588863203584698
1259677739151323138,negative,3.6617874713277306e-05
1259677739717545986,neutral,0.3635621625605596
1259677740158070784,negative,0.10587771954022442
1259677741303111681,negative,0.0006436120401192639
1259677742867664905,negative,0.013791784858352887
1259677743190618120,negative,0.027676173147084794
1259677743425478656,negative,0.03627128605379885
1259677744083775489,negative,2.206553064918547e-06
1259677744251748352,negative,0.015110711350641749
1259677744373346305,negative,0.13943101846127195
1259677744520183808,negative,0.0013800706303753847
1259677744578932737,negative,0.026012066062982408
1259677746030170113,negative,0.10785747516877296
1259677746919284737,negative,0.00020436320644451664
1259677746948722688,negative,0.0033659798076027853
1259677747741446148,neutral,0.41600917863779713
1259677748169265153,negative,0.13629435832913914
1259677748219478017,negative,3.0424519945204322e-05
1259677749171683333,negative,0.07480529686534758
1259677751071723520,negative,0.024102481985164098
1259677751990202369,negative,0.1762543399493856
1259677752338284546,positive,0.6619573636312289
1259677753131126785,positive,0.8348424209383889
1259677753605074945,negative,0.0021821719461602757
1259677753634426880,negative,0.12096903286964095
1259677753705664525,negative,0.13623349344832383
1259677755102228482,neutral,0.5017366744496802
1259677756545282048,negative,0.07787828010043371
1259677757153443844,negative,0.17397545476183723
1259677757207789569,negative,0.004737599545817576
1259677757849718785,negative,0.014896530331577782
1259677857971875848,positive,0.9906026052621373
1259677859385348096,negative,6.635691669299889e-05
1259677859792158722,negative,0.13623349344832383
1259677859968364544,negative,0.046159596958504585
1259677860526243844,negative,0.00018570611028978495
1259677861545295872,negative,0.14256651829650327
1259677861658722306,negative,0.08437682771427109
1259677862845702145,negative,0.0003191880275657004
1259677863298707456,negative,0.006487197025011391
1259677864108138496,negative,0.3107281742138744
1259677864242425856,negative,0.027409972961924774
1259677864883978240,negative,0.0027162029856809427
1259677865530003456,negative,5.1003576019996756e-05
1259677865643323392,negative,0.0947016216442405
1259677865878204416,negative,3.938202778235312e-06
1259677868667387904,negative,0.0006733108555854715
1259677869246119936,negative,0.0015102876717087831
1259677869321515008,neutral,0.4200437949775092
1259677869774643200,negative,0.0027162029856809427
1259677870340931587,neutral,0.3485752753154611
1259677871288745986,negative,0.0832312913144829
1259677871460749313,negative,0.01095800908819282
1259677873423736834,negative,0.0010844700613079435
1259677873625092097,negative,0.0002944060273048052
1259677873633472513,negative,0.06881665818248166
1259677873859952641,negative,0.05096542822037207
1259677874564608003,negative,0.014701988379557898
1259677874937827328,negative,0.1505702432439064
1259677876011651073,negative,0.0002994653177907367
1259677877727100929,positive,0.9773534295854113
1259677877882191873,negative,0.2384078489903245
1259677879010549767,negative,0.027409972961924774
1259677879396257792,negative,4.7895568235682736e-09
1259677879576793088,neutral,0.5501408098498715
1259677880268791808,negative,2.673498694571008e-06
1259677881359196166,neutral,0.5356850849574963
1259677881460043782,negative,8.506643946446971e-05
1259677882005233665,negative,0.00031902395185182955
1259677885188706310,negative,0.039917398382737244
1259677885788545026,negative,0.1294074502049451
1259677888594362368,negative,0.00015841686635884204
1259677889068437505,negative,0.10255170089792942
1259677890221875200,negative,0.02712988442326638
1259677890565812224,negative,0.003493783955890547
1259677890570080256,positive,0.8442014614349974
1259677892100984839,neutral,0.4249404075430618
1259677893527064583,negative,0.0050737300952766184
1259677894063697920,negative,0.002884302276741412
1259677894567133188,negative,0.09208364274523959
1259677895951343618,negative,0.22665165209949692
1259677896031055873,negative,0.13627939763891977
1259677896182022144,negative,0.0020692434802822863
1259677896651702273,negative,0.061184474602919835
1259677897138323471,negative,0.0007678471331074128
1259677897356464130,positive,0.9873319472850931
1259677897553596416,negative,0.008883004833475814
1259677898115624963,negative,0.05112551858407899
1259677898295910400,negative,0.0337799157487606
1259677899285807107,negative,0.06035929451318464
1259677899399061506,negative,0.03933986679271507
1259677900040736768,negative,0.07480529686534758
1259677901332643840,positive,0.8611653518411373
1259677902020521984,negative,0.00236520874539242
1259677902129463296,negative,1.6178411171538756e-07
1259677902515429376,negative,0.013425507304720946
1259677902641270786,negative,0.03311190616033289
1259677904847454215,negative,0.0010844700613079435
1259677905191350272,negative,0.15709760186304256
1259677905602310144,negative,0.0029776332488988927
1259677905723981825,negative,2.6178701446922474e-05
1259677911893843968,negative,0.0010844700613079435
1259677912489435140,negative,1.1395916890269406e-08
1259677913542164480,negative,0.2746410430741389
1259677913630244866,negative,1.2883956391109276e-05
1259677914456633351,neutral,0.43188065014576366
1259677914699902977,negative,0.0010844700613079435
1259677915165401090,negative,0.2932271556353011
1259677915614232577,negative,2.3120411409112493e-06
1259677918659260416,neutral,0.3952135477401592
1259677919720308736,negative,0.0375616249282353
1259677921247182848,negative,9.006595748785897e-10
1259677922346090496,negative,0.09489016441441564
1259677923394674696,negative,0.06967499314271368
1259677925269364736,neutral,0.5008237237812975
1259677927337275394,negative,0.06967499314271368
1259677929631617024,negative,0.004391084680770542
1259677929698734080,neutral,0.34021212627453806
1259677930399191043,positive,0.9293351149383254
1259677930667589635,negative,0.08708770539638369
1259677932026560514,neutral,0.5372318511317483
1259677932169170946,negative,0.04292199283545445
1259677932865433602,positive,0.8611653518411373
1259677936036319239,negative,0.0008149330722292424
1259678033553874945,negative,0.0004777905858858482
1259678034602233856,negative,0.20310954457189628
1259678034820554752,negative,0.10748599412053919
1259678035449712642,negative,0.02538701894087866
1259678037559443464,negative,0.1771220642578969
1259678040105324544,negative,0.3288076033624988
1259678040998776832,negative,0.11070768490913485
1259678041418194944,negative,0.0050737300952766184
1259678041921503232,negative,0.0007678471331074128
1259678042684657664,negative,0.2932271556353011
1259678044425531394,negative,0.19125570476548012
1259678046661066754,negative,0.0025692329905899385
1259678047202095106,negative,4.7677375765230615e-06
1259678047936143360,negative,0.03933986679271507
1259678049664028673,negative,0.0067451943332301366
1259678049764810756,negative,6.2887357128157e-06
1259678050003771392,negative,0.19080272724089742
1259678051761303553,positive,0.9757799540460348
1259678052067487745,neutral,0.4337274633609746
1259678052965122056,negative,1.19263648351323e-05
1259678053439021058,neutral,0.3768166410687624
1259678054030487552,negative,0.02712988442326638
1259678055653617670,negative,0.2808046989155518
1259678055812993025,negative,0.014119786349480684
1259678056056328193,negative,0.00018570611028978495
1259678057935319040,negative,0.3048812066995133
1259678062926540800,negative,0.0025692329905899385
1259678064759496704,negative,0.09616458505412527
1259678066370138112,negative,0.10785747516877296
1259678069872304134,negative,0.13623349344832383
1259678069888913408,negative,0.20067422594149367
1259678070342115332,negative,0.012492886117116042
1259678070518267905,positive,0.8477200645491333
1259678071449362432,negative,2.206553064918547e-06
1259678071453597701,negative,0.027409972961924774
1259678071722049536,negative,0.07439585783499222
1259678072384733187,negative,0.0010844700613079435
1259678072602853376,negative,4.540324456060457e-08
1259678073697468418,negative,0.14636566301327364
1259678074775441408,negative,0.03933986679271507
1259678074959990785,negative,0.004444017374527198
1259678076545400834,positive,0.8611653518411373
1259678077648543749,negative,0.0033659798076027853
1259678078571360257,negative,0.0009721209047037576
1259678079607324672,negative,1.9614280487584897e-09
1259678080542691329,negative,0.0035426461554839903
1259678082232979456,negative,9.47186322859872e-12
1259678082958594049,negative,0.03862420018433853
1259678083143081989,negative,0.10499331260704814
1259678084476829699,negative,2.1082388477713755e-05
1259678085273849858,negative,0.0035426461554839903
1259678085676437504,negative,0.004391084680770542
1259678085982666753,negative,0.009471165174853958
1259678086116724737,positive,0.9054584044921951
1259678087278546945,negative,0.0010844700613079435
1259678087475675138,negative,0.0027162029856809427
1259678089606500355,negative,0.13629435832913914
1259678089669414912,neutral,0.5495922250151081
1259678090168537088,neutral,0.48728019602140255
1259678091032563714,negative,0.004005573930353661
1259678092643069954,negative,0.000137477830181823
1259678093364670464,negative,0.00029155618416456326
1259678093603569665,negative,0.00032080140564151653
1259678095306625029,negative,6.7050656698631616e-06
1259678095893766151,negative,0.12207059583778523
1259678097818910720,negative,2.5414234730043288e-11
1259678098078875648,positive,0.9172967373935409
1259678099110875136,negative,0.0003060105558102171
1259678100910223362,negative,0.0010720938489780691
1259678101329588227,negative,0.1546226611095075
1259678101811806210,neutral,0.41086737343706603
1259678102373961728,negative,0.0010844700613079435
1259678104181768193,negative,2.6531154838150215e-07
1259678104718630914,neutral,0.45502575673228235
1259678105125429248,positive,0.8721753661352408
1259678106131902464,positive,0.6739521031144666
1259678106140499975,negative,0.13623349344832383
1259678106824118272,negative,0.0009197747360054515
1259678107100946442,negative,0.0008149330722292424
1259678107113570304,negative,0.03744605936382968
1259678109563080704,negative,9.364165471341435e-05
1259678109852450817,negative,3.2815050534384563e-07
1259678110393544706,negative,0.014251397471769497
1259678111018504200,negative,0.10499331260704814
1259678112515870725,negative,0.015632238442077413
1259678114512351238,negative,0.0072706628277319375
1259678114621218816,negative,0.13813632952232033
1259678114927513601,negative,0.0002811166563087002
1259678116160700417,negative,3.9009679185449116e-07
1259678117741953024,negative,0.10785747516877296
1259678117897125894,negative,0.00018570611028978495
1259678118467366912,negative,0.0010844700613079435
1259678119016923138,negative,0.005121458547897222
1259678119998492675,negative,0.02712988442326638
1259678120480854017,neutral,0.41213336036160547
1259678121713971202,negative,0.02712988442326638
1259678121734942720,neutral,0.46318326475361027
1259678123064528897,negative,0.0606236397114415
1259678123546816515,negative,0.002398184069238473
1259678124515745793,negative,0.002884302276741412
1259678230044434433,negative,0.08318845364819358
1259678230132465665,negative,0.0007678471331074128
1259678230442840065,negative,0.02361954331179461
1259678232632348673,negative,0.00015841686635884204
1259678233294974977,negative,3.545702362475047e-05
1259678233999618055,negative,0.006487197025011391
1259678236251996165,negative,0.00020241468656282446
1259678237325697031,negative,0.03527470223085707
1259678240609832962,negative,0.10690708251486535
1259678240626507777,negative,0.13627939763891977
1259678241305931778,negative,0.0954404972692782
1259678241490702337,negative,0.13801241188201818
1259678241905934337,negative,3.853526681529478e-06
1259678242434437122,positive,0.943882814286987
1259678245412204544,negative,0.0015425566757892638
1259678246024679425,neutral,0.4593218317852663
1259678246855213059,negative,9.204658884316837e-07
1259678250651058176,negative,0.04520033884308612
1259678251708043265,negative,0.021250481708514977
1259678252496572416,negative,0.0003685674520664772
1259678252899217408,negative,0.2384078489903245
1259678253167579138,negative,0.19080272724089742
1259678253998051334,negative,4.7895568235682736e-09
1259678254589493248,negative,1.780903254412388e-05
1259678255285747717,negative,0.13289965499639336
1259678255424122886,neutral,0.4200437949775092
1259678255549788161,negative,2.791150003483726e-05
1259678255977824256,negative,0.0005394837036622969
1259678256372031493,negative,3.9850952687118755e-05
1259678257018003456,negative,0.0017682476029267763
1259678257177387008,negative,0.006248738922124314
1259678257349300224,negative,0.001983351315573922
1259678258397880320,negative,0.30004885973729933
1259678258464989184,negative,0.0001281194266979589
1259678259681406978,negative,0.026278802991671405
1259678259718918144,negative,0.00877137750976325
1259678260260155399,negative,0.0027162029856809427
1259678263691051008,negative,0.0015102876717087831
1259678264345362432,negative,0.002884302276741412
1259678264404180995,neutral,0.4545729117725756
1259678265209491458,negative,0.05663937656749153
1259678265570062336,negative,0.0202494522184683
1259678266358730752,negative,0.020415004570955835
1259678267919028225,negative,0.001552724423175413
1259678269663821824,negative,0.025627073277986863
1259678270485925891,negative,0.02076082298999945
1259678271995883523,negative,0.0016727132089050822
1259678273400799233,negative,0.06954108210877083
1259678276139671553,negative,2.3461357873234102e-07
1259678276328570882,negative,0.02906287089039545
1259678276676616193,negative,0.06852954830931728
1259678276877983744,negative,0.0015425566757892638
1259678277117100034,negative,2.064283656133695e-06
1259678277318455296,negative,0.0003398722729011874
1259678277356134401,negative,4.461289562633572e-05
1259678278006329352,negative,0.01572676464640708
1259678278983573505,negative,0.007961301632732566
1259678280015323141,negative,7.167698332709421e-09
1259678280183173122,negative,0.0030613971101969887
1259678281164566531,negative,0.0013325614824173351
1259678281273683969,negative,0.0003685674520664772
1259678282250936321,positive,0.794536607981579
1259678282552946689,negative,0.12213753985292868
1259678283081416708,negative,1.6178411171538756e-07
1259678283555356672,negative,0.030788989175479547
1259678284096442370,negative,0.08725353122713125
1259678286071902208,negative,0.0010844700613079435
1259678286201991169,negative,0.004837484164394977
1259678286717861895,negative,0.025043718888303174
1259678286889828358,negative,0.007863891247542887
1259678287581888513,negative,0.00029274061926995773
1259678287728652289,negative,0.11038793201506544
1259678288668233730,negative,0.0626587634626508
1259678288974426117,negative,0.016803842317511686
1259678289054089225,negative,0.0028487461192398763
1259678290199089153,negative,0.002953113385815904
1259678290551455746,negative,0.006149612019202241
1259678291180560385,negative,0.3107281742138744
1259678291725860865,negative,0.06967499314271368
1259678292174651392,negative,0.004673724721106376
1259678293265125377,negative,2.1752340174622467e-05
1259678293537763329,negative,0.12096903286964095
1259678293768450049,neutral,0.43188065014576366
1259678295064342528,negative,0.2114790669212462
1259678295395893250,positive,0.9054584044921951
1259678295429279745,neutral,0.5136446707795853
1259678295953747975,negative,0.3054947928122823
1259678296805183493,negative,0.024045793340042185
1259678297228804096,negative,0.03686376776394923
1259678297497260040,negative,0.09677868744031175
1259678298105208832,negative,0.00031800125826760846
1259678298138910725,negative,0.10331154162595245
1259678299065901056,negative,0.12096903286964095
1259678301326643203,negative,0.027409972961924774
1259678301376954369,negative,0.2061341893888073
1259678301821513729,negative,0.1351646716363962
1259678301913845763,negative,0.0027075845674941726
1259678301985148929,positive,0.671528817669784
1259678407836737539,negative,0.00038910433793283393
1259678408000372736,negative,0.0010543963045410829
1259678408679862278,negative,0.17632601764987182
1259678411141844993,negative,0.02202502545527129
1259678412974809093,negative,0.005355694695650897
1259678413780062210,negative,0.04765221061603461
1259678414195351554,positive,0.9999438934136684
1259678414308470785,neutral,0.4737554465528978
1259678415336222720,negative,0.1735514314320381
1259678416204214274,negative,0.00024661005277882073
1259678416607088652,negative,0.0027162029856809427
1259678418892922882,negative,0.027676173147084794
1259678418901368841,negative,0.04567540464318843
1259678420675551235,neutral,0.5981156275002031
1259678425276702722,negative,0.001238161756868786
1259678428501966848,neutral,0.4999780182156503
1259678428871241728,negative,0.19111244919484993
1259678429156433925,neutral,0.4594565405193209
1259678429777219584,negative,1.980055902007631e-05
1259678431652073474,neutral,0.41690027968852345
1259678432146972672,neutral,0.5349951063072191
1259678432818089984,negative,0.0009721209047037576
1259678433774354434,negative,0.00024177276862188824
1259678434000801792,negative,0.00029155618416456326
1259678435263369218,negative,0.07988227178692589
1259678435489787904,negative,0.011437457971077649
1259678437847052288,neutral,0.36434678735382414
1259678438736175105,negative,0.0006950517543536936
1259678439323381761,negative,0.01193160967776833
1259678439675768833,negative,0.02712988442326638
1259678440480964609,negative,2.7127382984487717e-05
1259678440862736385,neutral,0.49101807633281525
1259678440879521792,neutral,0.47697210391394973
1259678442792062978,negative,0.0027162029856809427
1259678442972463110,positive,0.9287281522704827
1259678443316314112,negative,0.0012720937537939712
1259678444465553409,negative,0.20439405991176438
1259678444645998592,neutral,0.4911215641242828
1259678445006729217,negative,2.572416373124494e-06
1259678445384187904,negative,0.04288699261105949
1259678445942046720,negative,0.00036429615280039247
1259678447200112641,negative,0.002884302276741412
1259678448596942851,negative,0.0947016216442405
1259678451063230465,negative,0.0024436431876406267
1259678451235196929,negative,0.012154460486057306
1259678451595988994,negative,0.13866925443980482
1259678452464201730,negative,0.00038910433793283393
1259678453453991936,negative,0.06881665818248166
1259678453655310336,positive,0.9255069934657735
1259678453864988673,negative,0.19267784766141585
1259678456243195904,negative,2.5816815045842224e-06
1259678457367232513,negative,0.0001242836798083558
1259678457765810177,negative,0.013994802818286878
1259678459258961922,negative,0.2585190958761279
1259678459510632448,negative,0.0996378736185091
1259678459972014080,negative,0.03862420018433853
1259678460731183104,negative,0.005225136139719639
1259678461049831431,negative,0.09751424302013885
1259678461569961990,negative,0.015424820200214481
1259678461586800643,negative,0.06236153689979819
1259678466259259392,neutral,0.42695075000513394
1259678468494819328,negative,0.06881665818248166
1259678469052604417,negative,0.10499331260704814
1259678470763941889,negative,0.06332014784573453
1259678472181559298,negative,3.236386060020532e-11
1259678477470572549,neutral,0.3775522017607436
1259678479404204033,negative,0.06922308865824568
1259678479945207809,negative,0.02505606841972375
1259678479970336768,negative,0.0007198768160234051
1259678480821878784,negative,0.0001742903409300828
1259678481794895872,negative,0.04765221061603461
1259678484730908673,negative,1.0958565656032313e-07
1259678484760334336,negative,0.005212011265354704
1259678484928122880,negative,0.1947486165211348
1259678485540483074,negative,4.323641781296836e-09
1259678485985071105,negative,9.006595748785897e-10
1259678486442266624,negative,0.0008149330722292424
1259678486999908352,negative,0.027409972961924774
1259678487264333825,negative,0.10499331260704814
1259678488270909445,negative,0.0027162029856809427
1259678488698785792,negative,0.09824276563857469
1259678490871443456,negative,5.824580078338654e-05
1259678492825976838,negative,0.10255170089792942
1259678492926541829,negative,0.0027162029856809427
1259678600556470275,neutral,0.5547788760289623
1259678602167070721,negative,0.10530628260648502
1259678602775289856,negative,0.0010844700613079435
1259678604608237573,negative,0.0027162029856809427
1259678605128450048,negative,0.09824276563857469
1259678605296242690,neutral,0.43188065014576366
1259678605581225984,negative,0.022059381512538622
1259678605761810435,negative,9.006595748785897e-10
1259678607493955587,neutral,0.43530268452047344
1259678608089628673,negative,0.01193160967776833
1259678608584409088,negative,0.16725190965211212
1259678611742883840,negative,0.0002729587548727942
1259678613584125957,negative,0.014101686371192763
1259678615287091201,neutral,0.45224766155707313
1259678615551324160,negative,1.7098159385346416e-09
1259678617014906881,negative,0.002884302276741412
1259678618101387265,negative,0.1188376399658234
1259678618428596226,negative,0.0005691044788810635
1259678618998976513,negative,0.042070449551209775
1259678620001304577,negative,0.17598104026191672
1259678623239372809,negative,0.2982799741564386
1259678623340036096,negative,0.0644273648711176
1259678623424004098,negative,0.004737599545817576
1259678625647001601,negative,6.466588124977844e-06
1259678627077160966,negative,0.03942290998771122
1259678627777699840,negative,0.0013479611479437143
1259678628616552448,negative,0.18051753148940777
1259678629249855488,negative,0.0009715577207035442
1259678629509894146,negative,2.54203126505941e-10
1259678629853888513,negative,0.002398184069238473
1259678630675918848,negative,0.00024177276862188824
1259678631149756417,negative,0.31820487300311295
1259678631644868608,negative,0.0002944060273048052
1259678631766433798,neutral,0.4826770471609469
1259678632445960193,neutral,0.4014916454185573
1259678633255407618,negative,0.0037350326365137346
1259678634543132672,negative,0.19616181571174443
1259678635293892614,negative,6.863395694899261e-06
1259678635453304837,negative,4.7895568235682736e-09
1259678638225711104,negative,0.0035426461554839903
1259678638901002241,negative,0.027409972961924774
1259678639156875264,negative,0.02712988442326638
1259678641585356802,negative,0.3107281742138744
1259678642285809664,negative,0.0030997979047386495
1259678643099402240,negative,0.010378027097906379
1259678643380539394,negative,0.0006635794267081925
1259678644298973191,negative,0.11659222372664092
1259678644798197760,negative,0.0010612284658163883
1259678644819030016,negative,0.052004530605019014
1259678645401972736,negative,0.002884302276741412
1259678646048034823,negative,0.0022762067511085705
1259678647406825472,negative,0.012154460486057306
1259678647985766401,negative,0.01911824269743534
1259678650611482625,negative,0.10785747516877296
1259678650691137536,negative,0.00040128065245666347
1259678650925899777,negative,0.027409972961924774
1259678650993172481,negative,0.27950745166373064
1259678651257413633,positive,0.6810718241232034
1259678653346189317,negative,0.004397394520557205
1259678653350322176,negative,0.02405261522666886
1259678654218539013,negative,0.00010689407356080848
1259678655254540288,negative,0.0027162029856809427
1259678655711764480,negative,0.0015425566757892638
1259678656965664768,negative,0.08122882799614593
1259678657536315393,negative,0.27675766278087843
1259678659255963650,positive,0.8661490184654224
1259678659658412032,negative,0.0027162029856809427
1259678661671882752,negative,0.040158934703376614
1259678662040879104,negative,0.03722664864161378
1259678663148212226,negative,0.009223626745760872
1259678663500607488,negative,0.002512250026646327
1259678664716926978,negative,3.76239242811823e-13
1259678664876331010,negative,0.0001742903409300828
1259678665299816449,negative,0.0010844700613079435
1259678666231029765,negative,0.11611753331396119
1259678666231029766,negative,0.13627939763891977
1259678666394669056,negative,0.033024648404096864
1259678666445008906,neutral,0.4662169283079212
1259678667116089344,negative,0.3107281742138744
1259678668332433411,negative,0.0009862693234235296
1259678668693045248,negative,0.0947016216442405
1259678669125095425,negative,0.0025487857571445394
1259678669192249344,neutral,0.3921861628417613
1259678669972348928,negative,0.16129837086292836
1259678671884804096,negative,0.010266379356587097
1259678672002396160,negative,0.09668595140581698
1259678672979714048,negative,0.038712264607788316
1259678673705279489,negative,0.00236520874539242
1259678674691002370,negative,0.3107281742138744
1259678675265638404,negative,0.14741925351041127
1259678675575943169,negative,0.014831941137515875
1259678675768934400,negative,2.1348055013252536e-09
1259678675999604737,negative,0.0038804144572643683
1259678676247089153,neutral,0.36192673179236845
1259678676838313984,negative,2.1719314091610403e-05
1259678678780346369,negative,0.0015505086028641136
1259678679908659202,negative,6.8947861207139955e-06
1259678680357441537,negative,0.059750747486031236
1259678680445603840,negative,0.0010844700613079435
1259678778118287360,negative,0.0010047465239497867
1259678779355672577,negative,0.004000346054888717
1259678782086098944,negative,0.08803125341141678
1259678784145494016,positive,0.9915600815355461
1259678784451743748,negative,1.8076471556783151e-06
1259678784996999168,negative,0.012154460486057306
1259678786574049280,negative,0.002884302276741412
1259678786892808192,positive,0.7853462649937213
1259678787333230593,negative,0.000154594111452603
1259678787870035968,negative,0.00016554964425099104
1259678788444700672,positive,0.794536607981579
1259678788461506560,negative,0.10255170089792942
1259678790839492609,negative,0.20693812076163753
1259678791695306758,neutral,0.49114048206328076
1259678792781631489,negative,0.0131830210853275
1259678793142349824,positive,0.838101813186173
1259678793708552194,neutral,0.628031702334359
1259678794505478144,negative,0.0016645049334396997
1259678794505498625,negative,0.10321959441889433
1259678797051375616,negative,0.13623349344832383
1259678798531956742,neutral,0.41690027968852345
1259678800574656514,negative,0.04765221061603461
1259678800595517446,negative,0.0016224916800270646
1259678801702813697,positive,0.7019607234743114
1259678801828687874,positive,0.7199500236259712
1259678801937805313,negative,0.012154460486057306
1259678802151604226,negative,0.3107281742138744
1259678802919251970,negative,0.0027162029856809427
1259678804114579459,neutral,0.49789225920557484
1259678804374630400,negative,4.773312440685351e-07
1259678804718620673,negative,0.06585340924578652
1259678805238722566,negative,0.0927857301800777
1259678805729382408,positive,0.8261425457401944
1259678806253678593,negative,0.00036429615280039247
1259678808514408455,negative,0.002168063172415507
1259678808782901249,negative,0.0131830210853275
1259678809256796160,negative,0.14103369087249826
1259678811609870336,neutral,0.397285367777589
1259678811760852992,negative,0.0944557476335921
1259678812465479680,negative,0.000154594111452603
1259678813207908352,negative,0.09335965085502072
1259678813467717634,negative,0.10371726237704215
1259678814382313477,positive,0.9598574069820287
1259678814638166017,negative,0.0003996065090158806
1259678815162376200,negative,0.013425507304720946
1259678815661494272,negative,0.1767333936894047
1259678815967682560,negative,0.0027162029856809427
1259678817049870338,neutral,0.5424646536908453
1259678817628631040,positive,0.9746326457526067
1259678817876168705,negative,0.024074850491779893
1259678817989378050,negative,0.0006012922607124023
1259678818475937793,neutral,0.5495922250151081
1259678818807287808,negative,0.001305680806709216
1259678818811490304,negative,0.10499331260704814
1259678819033677825,neutral,0.6588750997991882
1259678819889405965,positive,0.6917684948210879
1259678819943723008,negative,0.02647790521386964
1259678820568711168,negative,0.0006099744074160341
1259678822355668994,negative,6.727813933478923e-06
1259678822724747270,negative,0.00032080140564151653
1259678825115521024,negative,2.206553064918547e-06
1259678827950886912,negative,0.00038910433793283393
1259678828907110401,negative,0.28150667186654327
1259678828953296896,negative,0.01587345588813274
1259678829347512321,negative,0.0032879729028763034
1259678831109189634,negative,0.00017415805412426832
1259678833369772034,negative,7.836209092154704e-05
1259678835408343040,neutral,0.4402571704036702
1259678835634733084,negative,0.006248738922124314
1259678837312454662,negative,0.0009862693234235296
1259678837585182722,negative,0.0030294635119010355
1259678838948315136,positive,0.9567843324177768
1259678839430668290,negative,0.0009862693234235296
1259678839602655238,negative,0.1188376399658234
1259678839934005251,negative,0.08477441999317074
1259678840059822091,negative,0.2061341893888073
1259678841271918601,negative,0.013425507304720946
1259678841326522368,negative,2.9691519646141557e-07
1259678841674612738,negative,0.00018570611028978495
1259678842031165442,negative,0.10512077963592548
1259678843339759619,negative,0.018189319361879588
1259678843809468418,negative,0.015357129233410281
1259678844686082049,negative,8.15853639272876e-06
1259678844891607042,negative,0.12482981515503869
1259678845302648837,neutral,0.6004302608965982
1259678845839511558,negative,0.005791311698846623
1259678846003163136,negative,0.004309818324974159
1259678847923970048,negative,0.00877137750976325
1259678848335196161,negative,0.08721093147405601
1259678849606004736,negative,0.0005021624974916659
1259678850612703232,negative,2.5302287291070954e-05
1259678852927938563,positive,0.78299390167056
1259678858024038401,negative,0.012154460486057306
1259678859022217216,negative,0.3191739927325464
1259678860020527111,negative,0.16711658507978217
1259678860582453248,negative,0.19080272724089742
1259678860804849664,negative,0.10499331260704814
1259678860813012994,negative,0.24262504735445503
1259678860850888704,negative,0.1947486165211348
1259678861073186816,negative,3.077537262947066e-05
1259678863577120768,negative,0.17606396492284043
1259678864285904898,negative,0.009626505993075433
1259678864793616385,negative,0.3178696364062529
1259678866823680002,negative,0.004005573930353661
1259678867083714560,neutral,0.49101807633281525
1259678867222036484,negative,0.03343784811851786
1259678867360538624,negative,0.0022535693223676508
1259670049402609664,negative,0.06753944610756037
1259674445414891522,neutral,0.3675454957369304
1259665074786050049,negative,0.0013900981641989268
1259665076971339783,negative,3.9009679185449116e-07
1259665079257219072,negative,0.016966262639556837
1259665081870225411,negative,0.00568172001575709
1259665082776158208,negative,0.00013336253678756716
1259665089633882122,negative,0.11506561529136326
1259665096118329344,negative,0.0051311293773914565
1259665098978799616,negative,0.0036567296130587523
1259665100467773442,negative,0.01242544270259229
1259665103198158848,negative,0.008899365313394116
1259665104536326145,negative,0.00013336253678756716
1259665108080439298,negative,0.00013336253678756716
1259665110819385345,negative,0.015028567321663657
1259665111641468934,negative,0.0008149330722292424
1259665113004605440,negative,0.00013336253678756716
1259665114753429504,negative,0.008280436281380123
1259665122160775169,neutral,0.4513605618894927
1259665123439869952,negative,1.0003700290458411e-05
1259665123674750976,negative,0.11506561529136326
1259665125042270209,negative,0.005767085922700772
1259665126648688640,negative,0.0008149330722292424
1259665128284467203,negative,0.11506561529136326
1259665130243215365,neutral,0.4431303454881999
1259665131727990785,negative,0.11506561529136326
1259665135221780489,negative,0.0013900981641989268
1259665140712189952,negative,6.495708464372997e-06
1259665140808585219,negative,0.11506561529136326
1259665141995655169,negative,0.02643378250301979
1259665143765651458,negative,0.11506561529136326
1259665144268894208,negative,0.06689411040007702
1259665144482848768,negative,0.11506561529136326
1259665145128554496,negative,0.001050307778805327
1259665148333170690,negative,0.0008149330722292424
1259665152720482305,negative,0.0829543510555653
1259665154301624320,negative,0.11506561529136326
1259665155144790016,negative,0.15371417549478594
1259665155954216960,negative,1.2806855310833024e-05
1259665162623205376,negative,0.11506561529136326
1259665165286596608,negative,0.00013336253678756716
1259665167182434304,negative,0.00013336253678756716
1259665168373559296,negative,2.7913803138975632e-06
1259665168746897416,neutral,0.5937278913864761
1259665172353945600,negative,0.03512513162597476
1259665174874583040,negative,0.024680041899185844
1259665176489529344,neutral,0.6043932559082663
1259665182235807744,negative,0.016966262639556837
1259665184840441857,negative,0.04969567075044613
1259665187906490368,negative,0.0020969885056542794
1259665189412143104,neutral,0.5431988554464016
1259665189647114241,negative,0.11506561529136326
1259665194063663111,negative,0.004399095901903715
1259665195577810946,negative,1.8723246093831474e-15
1259665197704372224,negative,0.05628323348160865
1259665209263886336,negative,0.11506561529136326
1259665209653784576,negative,0.016966262639556837
1259665211700785154,negative,0.00013336253678756716
1259665214183800837,negative,4.5719947507683406e-08
1259665214578077696,neutral,0.39809333436058036
1259665214947102720,negative,0.3115396671697526
1259665215513333761,negative,0.00013336253678756716
1259665217761525760,negative,0.0892509992727639
1259665218285821955,negative,0.05628323348160865
1259665219296604162,negative,0.0987361659879989
1259665220303290368,negative,0.10203027764833968
1259665222568206338,negative,9.651096501789954e-10
1259665223751012352,negative,0.1020042944685364
1259665225239998464,negative,0.00946883121015637
1259665227479687173,negative,0.00014460831509091428
1259665235218219009,negative,0.00013336253678756716
1259665236237443072,negative,9.572355773504163e-09
1259665237260853250,negative,5.646987739582243e-11
1259665241878781960,negative,0.11506561529136326
1259665245854826497,negative,0.02584217610878846
1259665246706372608,neutral,0.5431988554464016
1259665248782561281,negative,0.11506561529136326
1259665249717886977,negative,0.00013336253678756716
1259665252242857989,negative,0.13301144902566725
1259665253291429888,negative,0.11506561529136326
1259665254268596224,negative,1.608448518034381e-05
1259665258366590976,negative,0.11506561529136326
1259665258421026821,negative,0.16164905641036886
1259665260035932160,neutral,0.39809333436058036
1259665266516033536,negative,0.026226427654792973
1259665268785254400,negative,0.11506561529136326
1259665271532531712,negative,0.0027301648018272385
1259665271649861633,negative,0.25281481309294607
1259665273059266561,neutral,0.5431988554464016
1259665273222836225,negative,0.11506561529136326
1259665275278045199,negative,3.5826771017448584e-08
1259665276741849091,negative,1.4245734975005453e-08
1259665276947312641,negative,0.00013336253678756716
1259665277618446336,negative,0.00013336253678756716
1259665283037478914,negative,0.0696662751677764
1259665284014551040,negative,0.11506561529136326
1259665284719312899,negative,0.005856853372468153
1259665287533780992,negative,0.012019046083075266
1259665291367366656,negative,0.11506561529136326
1259665293766537216,negative,4.052738325129584e-05
1259665310103281666,negative,2.103038020929069e-06
1259665316285681677,negative,0.11506561529136326
1259665316407390209,negative,0.11506561529136326
1259665316558311429,neutral,0.39499332727517233
1259665317824954368,negative,0.00013336253678756716
1259665319112687616,negative,0.10309183573788816
1259665322287738884,negative,0.016966262639556837
1259665324951121921,negative,4.154609187248034e-09
1259665328616988672,negative,4.711130592014682e-05
1259665334258171904,negative,0.11506561529136326
1259665338163171329,negative,0.11506561529136326
1259665339631230976,negative,0.00024054085091227377
1259665340361031682,negative,0.01640489950299472
1259665341740978178,negative,0.004625382025175629
1259665342999166976,negative,0.0030102158222308304
1259665345616453640,negative,0.11506561529136326
1259665359990403072,negative,0.00013336253678756716
1259665360053248001,negative,0.0051311293773914565
1259665360690839554,negative,0.00013336253678756716
1259665363442294785,negative,0.1917648440123616
1259665364104945667,negative,0.0014928231750159055
1259665370065113088,negative,0.3115396671697526
1259665370178347011,positive,0.8676932684469527
1259665371650568193,negative,0.11506561529136326
1259665379078668289,negative,0.11506561529136326
1259665380169207811,negative,5.783203696958873e-09
1259665382123675650,negative,0.00013336253678756716
1259665387379208196,negative,0.11506561529136326
1259665387915849729,negative,2.55549949213637e-06
1259665389224710145,negative,0.0008675780117524088
1259665391124701184,negative,0.13421589445262785
1259665393251160064,negative,4.835994331324762e-07
1259665395448938497,negative,2.8789232036872276e-05
1259665397399371777,negative,0.00013336253678756716
1259665399924297728,negative,0.000734211227271679
1259665400494731264,negative,0.28876622074859937
1259665417670451208,negative,0.00429357812959074
1259665418408669185,negative,0.22931707439275933
1259665419826159617,negative,1.3616753293314079e-08
1259665422737190913,negative,0.11506561529136326
1259665423764647938,negative,0.11506561529136326
1259665424939188225,negative,0.1020042944685364
1259665426319060995,negative,0.01687324575598868
1259665428651139072,negative,0.17256940163080098
1259665428965732354,negative,0.11506561529136326
1259665429519200256,negative,0.11506561529136326
1259665434455965697,negative,2.7451532997998295e-05
1259665435177496577,negative,0.11506561529136326
1259665437866016768,negative,0.001264865458384486
1259665445176479746,negative,0.11506561529136326
1259665445306712066,negative,9.091141445830694e-07
1259665456077701122,negative,0.13301144902566725
1259665460200706050,negative,0.0013900981641989268
1259665464487223296,negative,0.11506561529136326
1259665466378903558,negative,2.4984821349019603e-08
1259665469725913088,negative,0.11506561529136326
1259665470627725312,negative,2.2323366411190158e-06
1259665473177862145,negative,4.1906244058505774e-06
1259665478198403073,negative,0.023974608348206885
1259665478357643265,negative,1.8791232985661161e-06
1259665481671356418,negative,1.6991387642143e-10
1259665482866663428,negative,0.0010656465408996189
1259665483546099712,negative,0.0009717002825096445
1259665484716351489,negative,0.01640489950299472
1259665485873979392,negative,0.11506561529136326
1259665486591205377,negative,0.11506561529136326
1259665488990388224,negative,1.5267101824585872e-08
1259665492966547457,negative,1.1381899373733151e-07
1259665496019959809,negative,0.3115396671697526
1259665496284164098,negative,0.11506561529136326
1259665500969279489,negative,0.3115396671697526
1259665501057249281,negative,0.02351165243353904
1259665511807422464,negative,3.2695115142905385e-06
1259665512046505984,negative,0.00027293036376522324
1259665514294624257,negative,0.009550549144353758
1259665517381660672,negative,0.00429357812959074
1259665518321115144,neutral,0.5431988554464016
1259665526902620161,negative,0.00012676246075115247
1259665527120760833,negative,0.001050307778805327
1259665527187714049,negative,0.009196197411321248
1259665527808520192,negative,0.11506561529136326
1259665530421678080,negative,0.039218011792204105
1259665531889729536,negative,0.00012642144677631737
1259665533219287045,negative,0.025060811175118342
1259665533584183296,negative,0.01925859321972891
1259665534955724800,neutral,0.5431988554464016
1259665535870132231,negative,0.0015319868164901814
1259665538885644289,negative,0.0008149330722292424
1259665539682766849,positive,0.9735455986285476
1259665539946905613,negative,0.001050307778805327
1259665540471238656,negative,0.019790173349379245
1259665540940996612,negative,0.18491441144707116
1259665541721198598,negative,0.00013336253678756716
1259665544829186057,negative,2.89333193182699e-06
1259665545898622979,negative,2.9558428769833105e-05
1259665546636931072,negative,1.0321018797583745e-07
1259665549853892611,negative,0.005272474311696478
1259665550453755906,neutral,0.5431988554464016
1259665553771372545,negative,0.11506561529136326
1259665555516272640,negative,0.0004566370578179404
1259665556636082176,negative,0.11506561529136326
1259665561031753729,negative,0.03452309252382527
1259665561941917696,negative,0.0073615314586570335
1259665563502215168,negative,2.090184241707669e-09
1259665570842267650,negative,0.13244642819554683
1259665572993761281,negative,0.11506561529136326
1259665573325266944,positive,0.922107728692663
1259665574461726720,negative,0.005373890884843642
1259665576437432325,negative,1.251186514270831e-07
1259665577624436741,negative,0.00429357812959074
1259665585308344320,negative,0.10309183573788816
1259665586021371905,negative,0.11506561529136326
1259665587673821185,negative,0.11506561529136326
1259665589334945794,negative,5.139928384220338e-10
1259665590039515138,negative,3.145092383266502e-05
1259665591373365252,neutral,0.4264813275741915
1259665597211783168,negative,0.005702597871933108
1259665599589789697,negative,0.019664453195230414
1259665599871037440,negative,0.11506561529136326
1259665605168414721,negative,0.04867792948353709
1259665605197803523,negative,1.3473792473011789e-06
1259665605969547266,negative,0.0030102158222308304
1259665609610063873,negative,0.11506561529136326
1259665614836322304,negative,0.11506561529136326
1259665614941143041,negative,0.0014928231750159055
1259665616144756739,negative,0.11506561529136326
1259665617004703745,negative,0.004625382025175629
1259665623707201537,negative,0.013355949303158803
1259665624437047302,negative,0.11506561529136326
1259665625145843719,negative,0.11506561529136326
1259665625594634245,negative,0.0005443324499561763
1259665633186283525,negative,0.11506561529136326
1259665634146861057,negative,0.11506561529136326
1259665634251739138,negative,0.012937252758857333
1259665635195355142,negative,0.00019242172048335377
1259665638223679490,negative,3.4770551287001374e-05
1259665638559223811,negative,9.091141445830694e-07
1259665640945782785,negative,0.11506561529136326
1259665642573254657,neutral,0.49789225920557484
1259665648147464192,negative,0.11506561529136326
1259665651054116865,negative,0.11506561529136326
1259665664815570945,neutral,0.49789225920557484
1259665665012744193,negative,0.0019043600892722234
1259665666002558977,negative,1.8191664761619072e-06
1259665668682760192,negative,3.9288136962748063e-07
1259665671836876800,negative,0.11506561529136326
1259665672373776385,negative,0.11506561529136326
1259665675045437440,positive,0.922107728692663
1259665677788512262,negative,0.00013336253678756716
1259665678220627969,negative,0.012274386571365065
1259665678296125441,negative,0.00013336253678756716
1259665678384144385,negative,2.2147882273912127e-13
1259665680812646403,negative,0.0011761390754755653
1259665681181745159,negative,0.0019310459417189107
1259665681764712455,negative,0.05477041481727888
1259665684784721920,negative,0.0951777451849423
1259665687007703040,negative,0.004625382025175629
1259665687422947337,negative,0.049394161888927424
1259665689712955392,negative,0.0880543054399197
1259665692795772929,negative,0.023974608348206885
1259665704380510213,neutral,0.36036383335712513
1259665705009627147,negative,0.11506561529136326
1259665714052345856,negative,0.00013336253678756716
1259665714090258433,negative,0.008688724124204825
1259665721145131011,negative,0.01095800908819282
1259665721870729216,negative,0.05477041481727888
1259665724852879362,negative,0.00013336253678756716
1259665724995522560,negative,0.11506561529136326
1259665726568308737,negative,0.05437894301384418
1259665727918870529,negative,0.11506561529136326
1259665727986044928,negative,0.11506561529136326
1259665728858468352,negative,0.07840830977649664
1259665729600839681,negative,0.0829543510555653
1259665731903504389,negative,3.3389312078030595e-05
1259665731911856129,negative,0.005856853372468153
1259665732327157761,negative,0.11506561529136326
1259665732406779910,neutral,0.39809333436058036
1259665733216350208,negative,0.00013336253678756716
1259665735309287432,negative,2.4805036066690353e-06
1259665736122974220,negative,0.0008490864035791201
1259665737410662400,negative,0.0051311293773914565
1259665740816437248,negative,0.00013336253678756716
1259665742208925701,negative,0.008280436281380123
1259665742477352961,negative,0.013115896607258024
1259665745014853633,negative,0.11506561529136326
1259665745480421377,negative,0.11506561529136326
1259665745937674241,negative,0.19154392687195124
1259665748307464192,negative,0.11506561529136326
1259665750240964610,negative,0.0007657566323593466
1259665751935537160,negative,0.00013336253678756716
1259665754192035840,negative,0.0027270281191892234
1259665754250674178,negative,0.0024977912540550882
1259665755844599811,negative,0.11506561529136326
1259665757874655232,negative,1.6608425452875346e-08
1259665763373404164,neutral,0.5431988554464016
1259665764346474496,positive,0.910891275185027
1259665767613808645,negative,0.13421589445262785
1259665773947019265,negative,0.11506561529136326
1259665777281597441,neutral,0.414084432751483
1259665778376409088,negative,0.0008149330722292424
1259665783715770372,negative,0.00429357812959074
1259665784869203969,negative,5.603511951827121e-06
1259665785615716354,negative,0.0066760094509188276
1259665785678635009,negative,0.00429357812959074
1259665791085088771,negative,0.00013336253678756716
1259665792410451968,positive,0.922107728692663
1259665799121379335,negative,0.02351165243353904
1259665802917265410,negative,0.006077898969963311
1259665804582440961,negative,5.730142479601783e-10
1259665807371468800,negative,0.001050307778805327
1259665807405088769,negative,0.008495808081616403
1259665807895912458,negative,5.11289120213904e-06
1259665812065062912,negative,0.004068170813529103
1259665815378497536,negative,0.00013336253678756716
1259665816083140608,negative,2.6235081635983626e-08
1259665818826223618,negative,0.020755960898287892
1259665819216293889,negative,0.11506561529136326
1259665819535114243,negative,0.11506561529136326
1259665821154127874,negative,0.001050307778805327
1259665821736988673,negative,0.11506561529136326
1259665825486835712,negative,0.14480435607288075
1259665825700745218,neutral,0.39809333436058036
1259665825902080006,negative,0.00011319613579408896
1259665828636774403,negative,0.001979153953622517
1259665834311659522,negative,0.0015932388904205078
1259665834844336130,negative,0.00013336253678756716
1259665844826759168,negative,0.0020861777183477518
1259665845548179457,negative,3.25276997680916e-06
1259665846307299328,negative,0.0910437851281891
1259665848106651649,negative,0.30068723570113615
1259665855190794242,negative,7.053273978411714e-05
1259665858567245829,negative,1.0571066770817042e-08
1259665859087343617,positive,0.922107728692663
1259665868864225280,negative,0.036784986855931776
1259665874946064384,negative,0.2480763935332676
1259665875235463169,negative,7.670328658865929e-07
1259665878611890179,negative,0.02441023155448166
1259665878985179137,negative,0.00013336253678756716
1259665881891815425,negative,0.1917648440123616
1259665882856464386,negative,0.3114281801450969
1259665884358066177,negative,2.7303663088266483e-09
1259665890162941952,negative,4.3850349693759267e-07
1259665890792148992,negative,0.11506561529136326
1259665891421237250,negative,0.11506561529136326
1259665891744243712,negative,0.00012314521978917955
1259665897146515459,negative,0.039218011792204105
1259665901688946697,negative,3.9009679185449116e-07
1259665902246572034,negative,0.00013336253678756716
1259665904100691968,negative,0.11506561529136326
1259665905669287936,negative,0.11506561529136326
1259665906562740225,negative,0.02095663226268446
1259665908752166913,neutral,0.39809333436058036
1259665910228348929,negative,0.03354342356257119
1259665910786187264,negative,0.11506561529136326
1259665912938082310,negative,0.0004566370578179404
1259665914116661250,negative,0.11506561529136326
1259665922614349825,negative,0.11506561529136326
1259665926779277313,negative,0.02351165243353904
1259665930776465410,negative,0.11506561529136326
1259665931011227648,negative,0.00013336253678756716
1259665932177244163,negative,0.11506561529136326
1259665935025176576,negative,0.016966262639556837
1259665935562084359,negative,0.00013336253678756716
1259665936338030592,positive,0.922107728692663
1259665939630559232,negative,0.0051311293773914565
1259665943552126976,negative,0.004625382025175629
1259665946811260933,negative,3.3620890091871915e-09
1259665947062874114,neutral,0.5431988554464016
1259665948736475138,negative,1.608448518034381e-05
1259665948849643522,negative,0.008280436281380123
1259665949206163462,negative,0.11506561529136326
1259665950288359425,negative,0.3234180129316992
1259665951349489664,neutral,0.34007969710589014
1259665953845018624,negative,0.0008515380659589274
1259665958010081280,negative,0.06891917323264593
1259665961428410370,negative,0.11506561529136326
1259665962128879616,negative,0.04517325663314205
1259665965668798464,negative,0.0032539705008629003
1259665966335746049,negative,0.09680212421488965
1259665967837335553,negative,0.023974608348206885
1259665967875047425,negative,0.004625382025175629
1259665968420306948,negative,0.008709938890033261
1259665972266401793,negative,0.0009226494683459457
1259665972421709827,negative,0.00011964671998267049
1259665974070054912,negative,1.7869398896605537e-05
1259665978318823430,negative,0.006077898969963311
1259665980374089729,negative,0.06898316668152288
1259665983582670848,negative,0.00013336253678756716
1259665985205870592,negative,0.008280436281380123
1259665985885347840,negative,0.10662327208055936
1259665987449880577,neutral,0.46319062708124425
1259665988192272385,negative,0.11506561529136326
1259665993409970182,negative,0.00013336253678756716
1259665993695145986,negative,0.11506561529136326
1259665996585078785,neutral,0.3587966557895211
1259665999437213698,negative,0.11506561529136326
1259666005661552646,negative,0.002211420770406685
1259666006320074755,negative,0.11506561529136326
1259666008270344192,negative,0.00013336253678756716
1259666010635931649,negative,0.11506561529136326
1259666012334698496,negative,0.00019272942951394017
1259666014205345794,negative,1.2696695143890316e-05
1259666014658273284,negative,1.2477937681103896e-13
1259666017007153152,negative,0.11506561529136326
1259666018584219648,negative,0.04357316493143057
1259666020949770242,negative,2.6822038423251063e-05
1259666021528621056,negative,0.11506561529136326
1259666022296096771,negative,0.016966262639556837
1259666023302623238,negative,0.11506561529136326
1259666024883982337,negative,0.0030102158222308304
1259666025873891328,negative,1.6190618876192814e-10
1259666026754695174,neutral,0.39809333436058036
1259666028595945472,negative,1.342421416002139e-06
1259666029208375297,negative,1.8063355563297963e-06
1259666029845843971,negative,0.006077898969963311
1259666032991571969,negative,0.01664832060483171
1259666033532710912,negative,0.11506561529136326
1259666037894717441,positive,0.8887104836180367
1259666038024740865,negative,0.0030102158222308304
1259666038091743232,negative,0.11506561529136326
1259666039195009024,negative,0.001050307778805327
1259666043469017089,negative,0.11506561529136326
1259666045654257665,negative,0.00013336253678756716
1259666046342045697,negative,0.0051311293773914565
1259666046568415232,negative,0.004625382025175629
1259666048791515136,negative,0.00013336253678756716
1259666049378779137,negative,0.00013336253678756716
1259666049953411072,negative,0.11506561529136326
1259666051387793415,negative,0.11506561529136326
1259666051513581568,negative,0.00021805121663363858
1259666052272848898,negative,0.00013336253678756716
1259666055510843392,negative,0.0037219801867886446
1259666058291621888,negative,0.11506561529136326
1259666059650629641,negative,0.00012329548360533342
1259666059830923265,negative,3.48676862266631e-07
1259666060053266432,negative,0.006077898969963311
1259666060229435394,negative,0.11506561529136326
1259666061097603072,negative,0.11506561529136326
1259666067653300226,negative,0.017330693314551286
1259666068395700224,negative,0.016966262639556837
1259666068823572480,negative,0.0008149330722292424
1259666070476075008,negative,8.000557584244236e-08
1259666075165380608,negative,2.00382172093123e-07
1259666078101393413,negative,0.11506561529136326
1259666078428549124,positive,0.7607731021986511
1259666078449520640,negative,0.0074419614443905595
1259666081163161607,negative,0.00013336253678756716
1259666082253680640,negative,0.00013336253678756716
1259666085101658112,negative,0.0021303670058436504
1259666085525155840,negative,0.11506561529136326
1259666086515159040,negative,0.00028305750691733165
1259666091632099336,negative,0.16164905641036886
1259666092345241600,negative,0.11506561529136326
1259666093423165440,negative,0.11506561529136326
1259666098250756096,negative,0.0025676565908436316
1259666098968047617,negative,0.00013336253678756716
1259666101186805761,negative,0.00013336253678756716
1259666104869249024,negative,0.00013336253678756716
1259666109894217728,negative,6.449978195094424e-05
1259666110267432961,neutral,0.6039663057323131
1259666113744470016,negative,0.00013336253678756716
1259666117959864326,neutral,0.39809333436058036
1259666118240763905,negative,7.370427885618935e-08
1259666121327808513,negative,0.00017386820402642716
1259666121529196544,negative,0.11506561529136326
1259666122841960452,negative,0.2979993382813542
1259666124737859584,negative,0.00027293036376522324
1259666124813283329,negative,2.3238023604541975e-06
1259666124918140929,negative,0.00013336253678756716
1259666128927948800,negative,0.018343348469925705
1259666131805179907,negative,0.18044941951087642
1259666132388192256,negative,0.00429357812959074
1259666135001284609,negative,0.0003616027319158548
1259666139245957122,negative,0.010824500453901594
1259666142521630721,negative,0.11506561529136326
1259666144308465671,negative,0.00429357812959074
1259666145466073090,negative,0.11506561529136326
1259666149043814401,negative,0.11506561529136326
1259666155112935430,negative,0.11506561529136326
1259666157268844548,negative,0.006077898969963311
1259666158355185672,negative,0.11506561529136326
1259666171122470913,positive,0.7224360996513634
1259666171315589122,negative,0.11506561529136326
1259666175413321729,negative,3.9009679185449116e-07
1259666176986275840,negative,0.0036428616464313844
1259666178215219209,negative,0.00013336253678756716
1259666181264494592,negative,0.001050307778805327
1259666183495782402,negative,0.00013336253678756716
1259666183919411213,negative,0.0037761653127149166
1259666184406028293,negative,0.00013336253678756716
1259666186775793666,negative,0.02351165243353904
1259666189460082692,negative,2.432231426876867e-05
1259666194686193670,negative,0.003283606110667399
1259666197752115200,negative,0.11506561529136326
1259666198729457666,negative,0.004321699071926543
1259666199421517827,negative,0.004625382025175629
1259666203171307520,negative,3.9288136962748063e-07
1259666204786122753,negative,0.04357316493143057
1259666206597890048,negative,0.11506561529136326
1259666208057626625,neutral,0.5136446707795853
1259666208237826050,negative,0.00013336253678756716
1259666209487937540,negative,0.0018764647085153026
1259666210209312768,negative,0.0009950073650716038
1259666211274661895,neutral,0.39809333436058036
1259666211421351936,negative,0.00013336253678756716
1259666212533030913,negative,0.11506561529136326
1259666215057985536,negative,2.9558428769833105e-05
1259666266622656514,negative,0.11506561529136326
1259666270858985478,negative,0.0014464947384917953
1259666271475511301,negative,0.011175369368598734
1259666277481750532,negative,0.0018764647085153026
1259666277745913856,negative,0.11506561529136326
1259666278853287936,negative,0.11506561529136326
1259666279058878466,negative,0.11506561529136326
1259666279293648896,negative,0.0005845216969285106
1259666279922835456,negative,0.11506561529136326
1259666283324256256,negative,0.02643378250301979
1259666283811033106,negative,0.0013900981641989268
1259666283945168897,negative,0.011175369368598734
1259666287149617154,negative,0.10309183573788816
1259666287166459911,neutral,0.4233692965420847
1259666287346712576,negative,0.0008284357874181963
1259666290639323136,negative,3.9288136962748063e-07
1259666290668564480,negative,0.274515119130039
1259666290802921482,negative,0.11506561529136326
1259666291989680128,negative,0.11506561529136326
1259666292941955073,negative,1.225857375667658e-06
1259666293306900480,negative,0.0009534436378241986
1259666293889826816,negative,2.6822038423251063e-05
1259666294124605440,negative,8.722257244581714e-06
1259666304027459588,negative,0.00013336253678756716
1259666305399095297,negative,0.00013336253678756716
1259666309106851841,negative,6.708916855858294e-08
1259666309186490369,negative,0.11506561529136326
1259666309480157185,negative,6.495708464372997e-06
1259666318078496770,negative,0.0013900981641989268
1259666320183959552,negative,0.010715249474116161
1259666320834138113,negative,0.00020184383339428032
1259666323145138183,negative,0.00027293036376522324
1259666324898250754,negative,0.008280436281380123
1259666326009888780,negative,0.00027293036376522324
1259666327083646982,negative,0.11506561529136326
1259666330577276928,negative,0.11506561529136326
1259666332607565825,negative,0.00429357812959074
1259666336789278721,negative,1.1502493665106239e-08
1259666337997230081,negative,1.3921375082346685e-13
1259666338760572930,negative,0.11506561529136326
1259666341222649859,negative,0.11506561529136326
1259666344053739521,negative,0.11506561529136326
1259666352601804802,negative,3.9510477201975377e-05
1259666352748613632,negative,0.009550549144353758
1259666354094911491,negative,1.608448518034381e-05
1259666354346561539,negative,0.04566342205972137
1259666355504070656,negative,0.02351165243353904
1259666355525242880,neutral,0.35785643069366135
1259666356674465792,negative,0.0018764647085153026
1259666359195238400,negative,2.0009721563361054e-05
1259666359929180161,negative,0.11506561529136326
1259666364282929153,negative,0.00013336253678756716
1259666364861681667,negative,2.2935534007735815e-12
1259666365436194816,negative,0.0005532665085699372
1259666367768223744,negative,2.3480220227756626e-06
1259666368535900165,negative,0.005957080911591001
1259666369861300225,negative,0.01687324575598868
1259666370029146113,negative,0.001050307778805327
1259666372310728706,neutral,0.5431988554464016
1259666372755415040,negative,0.15399946506499265
1259666372839137281,negative,0.11506561529136326
1259666375049691136,negative,0.00046244731600920356
1259666381311803392,positive,0.9974912770192316
1259666382284820481,negative,0.3115396671697526
1259666384272982022,negative,0.11506561529136326
1259666390421659648,negative,0.11506561529136326
1259666394569940993,negative,0.0027213395930464376
1259666396323209216,negative,0.09001936340425426
1259666397183049728,negative,0.11506561529136326
1259666404690796545,neutral,0.5431988554464016
1259666405047373825,negative,0.0030080776294330465
1259666407824019456,negative,0.00023362179538286267
1259666408591499265,negative,0.00013336253678756716
1259666410730553344,neutral,0.35311010023436534
1259666413347835904,negative,0.00013336253678756716
1259666414404808704,negative,0.001050307778805327
1259666414476169225,negative,0.04867792948353709
1259666416283910144,neutral,0.46127768308170247
1259666416783015937,negative,2.0870370507217682e-06
1259666417944846336,negative,0.00013336253678756716
1259666418523660288,neutral,0.5431988554464016
1259666424919883776,negative,0.11506561529136326
1259666425188237312,negative,0.0013900981641989268
1259666428623491072,negative,0.0880543054399197
1259666428686479360,negative,0.11506561529136326
1259666428812242949,negative,0.00013336253678756716
1259666430343221254,negative,0.004625382025175629
1259666431517634560,negative,0.03354342356257119
1259666432192847873,negative,0.11506561529136326
1259666442611494923,negative,0.25281481309294607
1259666451117596672,negative,0.0027213395930464376
1259666453243899904,negative,0.16486243927534022
1259666456062681092,negative,0.11506561529136326
1259666462937174023,negative,0.0008340576396151557
1259666469761187847,negative,0.11506561529136326
1259666472953155585,negative,1.7355748271636485e-06
1259666474320494593,negative,2.1217309872775063e-05
1259666475088052230,negative,0.00034805677175873024
1259666483833167873,negative,0.00429357812959074
1259666489910669312,negative,0.0019539308301282656
1259666491789754368,negative,1.0581414255164826e-05
1259666494746746886,negative,0.004889589303623972
1259666495610724353,negative,0.036784986855931776
1259666499175841792,negative,0.15157799685794346
1259666501000482816,negative,5.437138513710814e-05
1259666505781870592,negative,8.748120223180507e-05
1259666507187060736,negative,0.0015329499187507803
1259666508625727488,negative,0.10203027764833968
1259666511146467330,negative,0.006077898969963311
1259666512971018241,negative,0.11506561529136326
1259666517119172610,negative,0.11506561529136326
1259666518322941953,negative,2.6822038423251063e-05
1259666518704640001,negative,0.18706309985360192
1259666520457777158,negative,0.11506561529136326
1259666521447706626,negative,0.0037761653127149166
1259666523439972353,negative,0.003972911177132186
1259666524631113729,negative,3.265154232632734e-06
1259666528968081409,negative,0.016966262639556837
1259666531291729923,negative,5.11289120213904e-06
1259666532063481858,negative,0.0010478388927227169
1259666532822638593,negative,0.11506561529136326
1259666535305658371,negative,0.00013336253678756716
1259666537880915969,negative,0.0015711615930582919
1259666540561002497,negative,0.05999051608258556
1259666540867305473,negative,0.11506561529136326
1259666541945249794,negative,6.174669063295819e-05
1259666542435938314,negative,2.7661804989004553e-12
1259666542586970114,negative,0.11506561529136326
1259666545497628675,negative,0.001050307778805327
1259666547582386179,negative,0.11506561529136326
1259666548077322241,negative,0.006077898969963311
1259666549381779461,negative,3.84892778896568e-06
1259666550937710593,negative,0.11506561529136326
1259666551537643522,negative,0.011555013461504806
1259666551604678658,negative,0.011175369368598734
1259666552766500875,negative,0.0880543054399197
1259666554922434562,negative,0.004281506424493776
1259666555408973825,negative,0.11506561529136326
1259666555807432706,negative,0.3274308864727722
1259666558277652481,negative,0.11506561529136326
1259666559322243080,negative,0.005272474311696478
1259666563264925699,negative,0.11506561529136326
1259666565626310658,negative,0.0006428257744232684
1259666568214196224,negative,4.928519751133529e-14
1259666568918626306,negative,0.11506561529136326
1259666569564733440,negative,0.0018764647085153026
1259666570428715010,negative,0.11506561529136326
1259666574635565057,negative,0.04867792948353709
1259666575671595009,negative,0.08712543926683165
1259666577051484160,negative,0.03280305521127279
1259666577311641602,negative,0.11506561529136326
1259666579249299457,negative,0.1467117825485293
1259666580524294144,negative,0.02351165243353904
1259666582592278529,negative,0.0025676565908436316
1259666583636504577,negative,0.11506561529136326
1259666585683443714,negative,2.1298123883228747e-10
1259666585993838594,negative,0.17050960859612652
1259666588275482624,negative,0.04867792948353709
1259666590980878336,negative,0.11506561529136326
1259666592373379073,negative,0.026226427654792973
1259666595091185665,negative,0.10309183573788816
1259666595359739909,negative,0.0008149330722292424
1259666599587479558,negative,0.001050307778805327
1259666603521634305,positive,0.686072773204219
1259666603593084929,negative,0.00013336253678756716
1259666604360638464,negative,0.11506561529136326
1259666606382252033,negative,7.846785187931333e-05
1259666607737110529,negative,0.009500374071148315
1259666608479449088,negative,0.11506561529136326
1259666614259253252,negative,1.608448518034381e-05
1259666614372503552,negative,5.666490986980567e-13
1259666617392398338,negative,0.11506561529136326
1259666618050924544,negative,0.00013336253678756716
1259666621745917952,negative,0.11506561529136326
1259666622085844992,negative,9.091141445830694e-07
1259666622475669504,negative,0.11506561529136326
1259666623956430848,negative,0.003972911177132186
1259666626724716545,negative,0.019497096460373873
1259666627928481792,negative,2.8214113313070655e-07
1259666630151409664,negative,0.00044525020368369226
1259666630629568512,negative,0.11506561529136326
1259666630717648898,negative,0.00013336253678756716
1259666634714886151,negative,0.011175369368598734
1259666640402354178,negative,0.00013336253678756716
1259666640813375490,negative,0.11506561529136326
1259666640943435776,negative,0.11506561529136326
1259666651911540737,negative,0.11506561529136326
1259666652603572224,negative,0.00013336253678756716
1259666652951728129,negative,0.00013336253678756716
1259666656093179904,negative,1.2198072132061158e-08
1259666656319672320,neutral,0.49789225920557484
1259666657099857925,negative,0.0880543054399197
1259666663689068544,negative,0.00027293036376522324
1259666665547104263,negative,0.11506561529136326
1259666667040395264,negative,0.023974608348206885
1259666668755746817,negative,1.0399681908676526e-07
1259666669003247619,negative,0.001050307778805327
1259666672379625472,negative,0.11506561529136326
1259666675395260416,negative,0.017210619984933465
1259666682731257856,negative,6.084382854863094e-06
1259666684392230913,negative,0.11506561529136326
1259666686162206722,negative,0.04520728555536878
1259666688200540164,negative,0.00013336253678756716
1259666691967127553,negative,0.0006428257744232684
1259666694164930560,negative,2.9558428769833105e-05
1259666694630518784,negative,0.03614154461771997
1259666703744720896,negative,0.00429357812959074
1259666705825095680,negative,0.00013336253678756716
1259666707670589441,negative,0.001374810934134187
1259666708102623232,neutral,0.5431988554464016
1259666708190703616,negative,0.0829543510555653
1259666708941414401,negative,0.11506561529136326
1259666710912733185,negative,3.130307979149274e-09
1259666711353196544,negative,0.00013336253678756716
1259666713081196544,negative,1.581283943132083e-05
1259666715102924801,negative,0.11506561529136326
1259666715245522944,negative,0.11506561529136326
1259666715383906306,positive,0.7224360996513634
1259666715534921728,negative,0.11506561529136326
1259666715711082497,negative,0.1917648440123616
1259666716285702144,negative,0.11506561529136326
1259666719183908868,negative,0.0018764647085153026
1259666719347478528,positive,0.8763694176228767
1259666723093065731,negative,1.581283943132083e-05
1259666723353042949,negative,0.00013336253678756716
1259666729183203332,negative,0.00013336253678756716
1259666731636797441,negative,0.00013336253678756716
1259666731817144320,negative,0.11506561529136326
1259666732475658241,negative,0.004625382025175629
1259666736359432192,negative,0.11506561529136326
1259666739035594755,positive,0.7251147132762761
1259666747059081216,negative,0.056719006723753324
1259666747466153984,negative,0.00013336253678756716
1259666749051621381,negative,0.11506561529136326
1259666749794013190,negative,0.1200698899211209
1259666750595117056,negative,0.16164905641036886
1259666752293740547,negative,8.026679454712356e-05
1259666755904995328,negative,0.09150683439094207
1259666757285023746,negative,0.05303873826056715
1259666757675081728,negative,0.1856060622191514
1259666758987890693,negative,0.09513270656307111
1259666761252630529,neutral,0.39809333436058036
1259666764243271680,negative,0.07504677009737819
1259666767045177344,negative,0.013355949303158803
1259666767107862528,negative,0.11506561529136326
1259666772514369536,negative,0.0030102158222308304
1259666772556472328,negative,0.11506561529136326
1259666778193616897,negative,0.0880543054399197
1259666782744449027,negative,0.16164905641036886
1259666785386840067,negative,0.00013336253678756716
1259666787412705285,negative,0.11506561529136326
1259666793934860288,negative,0.0018764647085153026
1259666795524288512,negative,0.11506561529136326
1259666796245856259,negative,0.00013336253678756716
1259666799177732096,negative,0.11506561529136326
1259666800683483137,negative,0.00013336253678756716
1259666803615322115,negative,3.8692002785408475e-05
1259666806899343360,positive,0.8736657455560315
1259666814428155904,positive,0.9206099134415294
1259666817422934020,negative,0.11506561529136326
1259666818437971969,negative,0.0018764647085153026
1259666818744176641,negative,0.0880543054399197
1259666822305132544,negative,0.00013336253678756716
1259666824200884224,negative,1.2129447558503483e-05
1259666826021097473,positive,0.6726517531979527
1259666826470010881,negative,2.113692026221294e-09
1259666832761511942,negative,0.00558278598678773
1259666834082717698,neutral,0.5431988554464016
1259666836422975488,negative,0.02351165243353904
1259666836964233217,negative,0.024533410419533525
1259666837266022400,negative,0.0011161693683750537
1259666837299552256,neutral,0.34585395420704224
1259666842001555456,negative,1.194750847006412e-07
1259666847911346176,negative,0.2480763935332676
1259666848045584389,negative,0.0003994006031354061
1259666848938897410,negative,0.0028547900063315918
1259666852315303951,negative,0.028604936828107167
1259666859059744769,negative,0.2600509932538716
1259666860976623617,negative,4.144126109071488e-05
1259666861312167937,negative,5.84376268178816e-11
1259666862373208064,negative,0.11506561529136326
1259666865460305921,negative,0.00429357812959074
1259666869927268352,negative,0.11506561529136326
1259666870891958278,negative,0.00024256068817542827
1259666871776927746,negative,0.3115396671697526
1259666873655930880,negative,7.282347099354537e-09
1259666875274932224,negative,5.565917939201019e-13
1259666878043226113,negative,0.05477041481727888
1259666878173188099,negative,0.0017159794799017597
1259666878852739075,negative,0.0009449428269283498
1259666879439929345,neutral,0.6043932559082663
1259666880522002432,negative,0.11506561529136326
1259666880996028419,negative,0.00017026650152022587
1259666881709047813,neutral,0.5431988554464016
1259666885383200771,negative,0.0011864992979582333
1259666886649884673,negative,0.00013336253678756716
1259666889695014912,negative,0.0074419614443905595
1259666890064084992,negative,0.1917648440123616
1259666894610628608,negative,0.0003087086921075929
1259666894921052170,negative,0.0027213395930464376
1259666895793512454,neutral,0.5372318511317483
1259666897638916097,negative,0.14751388724218095
1259666898930688000,negative,0.11506561529136326
1259666900960768001,negative,0.0005779163813247914
1259666902873444354,neutral,0.4303104833790034
1259666907365470208,negative,0.11506561529136326
1259666907491426306,negative,0.0386202472628323
1259666908384841728,negative,0.00013336253678756716
1259666911274708993,negative,0.00013336253678756716
1259666912646234112,negative,0.11506561529136326
1259666913824833536,negative,1.178430987892024e-08
1259666914705629185,negative,0.11506561529136326
1259666914844053507,neutral,0.49789225920557484
1259666915556904960,negative,0.11506561529136326
1259666915867398148,negative,0.00013336253678756716
1259666916282695684,negative,0.0008149330722292424
1259666918023323650,negative,0.11506561529136326
1259666918539132930,negative,0.00013336253678756716
1259666918937591808,negative,0.0005443270811328236
1259666919592005633,negative,4.945221083443416e-12
1259666919818395666,negative,0.11506561529136326
1259666921001234433,negative,0.11506561529136326
1259666921819160577,negative,0.00013336253678756716
1259666925908615179,negative,7.269783783778564e-07
1259666927057805314,negative,0.0004566370578179404
1259666930476204033,negative,0.004625382025175629
1259666934087528451,negative,0.00027293036376522324
1259666936331452420,negative,6.607674827842755e-07
1259666941364637701,negative,0.11506561529136326
1259666943029673989,negative,9.037117467684704e-08
1259666950780858374,negative,0.00013336253678756716
1259666956883570690,negative,0.08240629765002656
1259666959488204803,negative,0.00558278598678773
1259666959756640256,negative,2.5931291905843246e-09
1259666962092830721,negative,0.0006428257744232684
1259666965922226179,negative,4.0803849945374073e-07
1259666971962064896,negative,0.04647069608049352
1259666981306929154,negative,0.00013336253678756716
1259666982548504577,neutral,0.5431988554464016
1259667001976520704,negative,4.041865710855134e-09
1259667003901718530,negative,2.5945586927584703e-09
1259667004786708480,negative,0.11506561529136326
1259667007210913792,negative,0.0006428257744232684
1259667007500357636,negative,0.11783572074143038
1259667009673089026,neutral,0.5431988554464016
1259667013900939264,negative,0.006077898969963311
1259667014504919041,negative,0.034631622217447276
1259667016157405185,negative,0.0009373021801594066
1259667018795671557,negative,0.0018764647085153026
1259667020825726982,negative,0.00013336253678756716
1259667020905209857,negative,0.11506561529136326
1259667109988229122,neutral,0.33941070920057254
1259667116908740609,negative,0.11506561529136326
1259667117445730307,negative,0.3115396671697526
1259667119807107079,negative,2.4805036066690353e-06
1259667119840432128,negative,5.0989077624917065e-11
1259667121782521862,negative,1.1193451291432651e-05
1259667122537426944,negative,0.11506561529136326
1259667125737680896,negative,0.11506561529136326
1259667125863624705,negative,0.11783572074143038
1259667130070507522,neutral,0.39809333436058036
1259667131874136070,negative,0.00027293036376522324
1259667132486279170,negative,4.261910254262799e-05
1259667132507459590,negative,4.052738325129584e-05
1259667133719621637,positive,0.9964547163092375
1259667134566633473,negative,0.00027293036376522324
1259667135833440258,negative,0.13309190784801786
1259667137838407684,negative,0.01640489950299472
1259667140128333824,neutral,0.4677076808971137
1259667141705506818,negative,0.001050307778805327
1259667149473357825,neutral,0.3885794061887472
1259667152031944704,negative,0.11506561529136326
1259667152858230787,negative,0.11506561529136326
1259667156100190208,negative,0.11506561529136326
1259667160282148864,negative,3.579371448780807e-11
1259667160412164096,negative,0.11506561529136326
1259667164648390661,neutral,0.39809333436058036
1259667165734731778,negative,0.11783572074143038
1259667166376398848,negative,0.11506561529136326
1259667171359277056,negative,0.0008149330722292424
1259667171484958726,negative,0.11506561529136326
1259667179215163393,negative,0.0006428257744232684
1259667182776127494,negative,0.030100435303940274
1259667183933800450,negative,0.010935106284336952
1259667190044856323,neutral,0.5431988554464016
1259667192565637120,negative,0.0004753722563219118
1259667192859123712,negative,0.00013336253678756716
1259667193522008066,negative,0.0021686988454894746
1259667195463979009,negative,0.0019539308301282656
1259667197758185472,negative,0.11783572074143038
1259667199377256449,negative,0.11783572074143038
1259667199532371968,neutral,0.5431988554464016
1259667203667918850,negative,3.454857995671032e-08
1259667204754362368,negative,2.1327970465088692e-05
1259667207610675202,negative,0.11783572074143038
1259667208583680001,negative,0.25281481309294607
1259667210471182337,negative,0.11506561529136326
1259667216838123521,positive,0.8676932684469527
1259667217102274563,negative,0.00018513291701959518
1259667217148510216,negative,0.29150453131543796
1259667222257192960,negative,0.0015665448253690914
1259667223351906305,negative,0.09194174592534607
1259667226686369797,negative,4.277092535845488e-09
1259667228007567361,negative,0.11506561529136326
1259667229517451270,negative,0.02351165243353904
1259667231774048266,negative,0.018185400581581433
1259667237339832321,neutral,0.5431988554464016
1259667237474119682,negative,0.11506561529136326
1259667239810236416,negative,5.687008191219019e-07
1259667240410058752,negative,0.0018764647085153026
1259667240955371520,neutral,0.49789225920557484
1259667241777483784,negative,0.0018764647085153026
1259667246412161025,negative,0.11506561529136326
1259667247322333192,negative,0.16164905641036886
1259667250816180226,negative,0.00016144169567249727
1259667250929455104,negative,0.11506561529136326
1259667254918160387,negative,1.5367235613891865e-05
1259667257724190722,negative,0.002087274116494086
1259667257808113664,neutral,0.46127768308170247
1259667259573899269,negative,0.0005303748308035811
1259667259733143557,negative,0.11506561529136326
1259667263034138632,negative,0.11506561529136326
1259667265617899525,negative,0.11506561529136326
1259667268834930696,negative,0.11783572074143038
1259667277953282054,negative,0.011935022969963783
1259667282617405440,negative,0.016865681587932096
1259667283426906113,negative,0.0006428257744232684
1259667286501326848,negative,0.11506561529136326
1259667287105298433,negative,0.11506561529136326
1259667287705096192,negative,0.11506561529136326
1259667294273273858,negative,4.205162992291841e-05
1259667295355494401,negative,3.412724656854213e-07
1259667296022417411,neutral,0.6383080330285674
1259667296064278529,negative,1.5505790086663884e-05
1259667296248893440,negative,2.0062302750573765e-06
1259667297595265025,negative,0.0018764647085153026
1259667298069237761,negative,2.9558428769833105e-05
1259667298710937602,negative,0.00012676246075115247
1259667300107587588,negative,0.00429357812959074
1259667362661498880,negative,0.011175369368598734
1259667364519518208,negative,2.0730889753371595e-07
1259667365027086337,negative,0.10309183573788816
1259667365228351492,negative,0.0004566370578179404
1259667365488361472,negative,0.11783572074143038
1259667368147652608,negative,0.11506561529136326
1259667368206381063,negative,9.091141445830694e-07
1259667368600616961,neutral,0.4141283311596045
1259667369145896960,negative,0.016556211352421142
1259667370144075784,negative,0.00036041008569569596
1259667371234676741,negative,9.091141445830694e-07
1259667371528257543,negative,0.0018764647085153026
1259667371742068736,negative,0.055729230961851534
1259667372664905729,negative,0.001050307778805327
1259667373004656640,negative,0.016966262639556837
1259667375042985986,negative,1.8791232985661161e-06
1259667375214989312,negative,0.11506561529136326
1259667379702956034,negative,0.002056873774390544
1259667383511375873,negative,0.11506561529136326
1259667387743440896,negative,0.11506561529136326
1259667390159347714,negative,0.11506561529136326
1259667392289898496,negative,0.11506561529136326
1259667392474615818,negative,1.2696695143890316e-05
1259667392843702273,negative,0.03354342356257119
1259667396249387009,negative,0.11506561529136326
1259667396865867776,negative,0.11506561529136326
1259667396924760065,negative,0.0006428257744232684
1259667396962521089,negative,0.039218011792204105
1259667399026135040,negative,4.828025791520374e-07
1259667399944568833,negative,0.011175369368598734
1259667400376664064,negative,1.3616753293314079e-08
1259667400447922178,negative,0.03686376776394923
1259667400506703873,negative,0.11783572074143038
1259667401735618560,negative,0.11506561529136326
1259667404034015233,neutral,0.5431988554464016
1259667404805767168,negative,0.19578493643043493
1259667408886824962,negative,0.11506561529136326
1259667414121316353,negative,0.0018764647085153026
1259667416780607488,negative,0.11506561529136326
1259667417145409536,negative,9.651579279018593e-07
1259667423810158592,negative,0.11506561529136326
1259667426825973767,negative,0.11506561529136326
1259667431850758148,neutral,0.5431988554464016
1259667433780129793,negative,0.11783572074143038
1259667434702807040,negative,0.0042532946140743134
1259667435315134470,negative,0.004603135636959583
1259667435407499267,negative,0.00013336253678756716
1259667435923349510,negative,0.016966262639556837
1259667439664717826,negative,0.010577976514177271
1259667444551036940,negative,0.003460504662227051
1259667447109607427,negative,0.11506561529136326
1259667447218667520,negative,0.039198519092703804
1259667448556650497,negative,0.021031165113355416
1259667448749490176,negative,0.0018764647085153026
1259667451798786050,negative,0.00011319613579408896
1259667452700643330,negative,1.818126691801464e-05
1259667453552078849,negative,9.091141445830694e-07
1259667457238843394,negative,1.2783633893291248e-10
1259667458388037633,negative,0.0880543054399197
1259667459776413696,negative,1.6887522177775093e-05
1259667460166488065,negative,0.034504901859169886
1259667466759950337,neutral,0.5431988554464016
1259667467514896386,negative,0.0008149330722292424
1259667469750296576,negative,0.00448788104928666
1259667470547378176,negative,0.30595319585573627
1259667473349201925,negative,0.007020053481013761
1259667473919619073,negative,0.10581451258417121
1259667475307925505,negative,0.00013336253678756716
1259667475857321991,neutral,0.5431988554464016
1259667476759171072,negative,0.03307820269790554
1259667477262405632,negative,0.11506561529136326
1259667478180966403,negative,0.023974608348206885
1259667478470430721,negative,0.2480763935332676
1259667482283032579,negative,2.0988848251359783e-07
1259667482715000833,negative,0.00558278598678773
1259667484346658817,negative,3.265154232632734e-06
1259667485202186242,negative,0.00013336253678756716
1259667486401798144,negative,2.5424662619429126e-05
1259667487140065280,negative,0.11506561529136326
1259667488880590848,negative,0.02340625344820897
1259667493943033856,negative,0.11506561529136326
1259667501509758978,negative,0.11506561529136326
1259667503028068353,negative,3.165983133005069e-07
1259667504730906632,negative,0.06891917323264593
1259667504881905664,negative,0.0003435241674825817
1259667504923922433,negative,0.2660240188796411
1259667504978366466,negative,0.11783572074143038
1259667507306205189,negative,0.11506561529136326
1259667508560355329,negative,0.11783572074143038
1259667511613681664,negative,8.112024128286105e-06
1259667515422040064,negative,2.55549949213637e-06
1259667516953178112,negative,0.003161381150561059
1259667518060466176,negative,0.11506561529136326
1259667522288332802,positive,0.7607731021986511
1259667522548350976,negative,4.938773188039313e-06
1259667522703560705,negative,0.0051311293773914565
1259667524435808256,negative,0.11506561529136326
1259667525291454473,negative,1.880777551679847e-12
1259667527237537796,negative,3.762403416254469e-08
1259667527812165633,negative,0.005856853372468153
1259667528089055234,negative,0.11783572074143038
1259667531167563776,negative,0.11506561529136326
1259667531775827970,negative,0.03354342356257119
1259667532580937728,negative,0.11506561529136326
1259667533432487942,negative,0.11783572074143038
1259667535307431943,negative,0.00013336253678756716
1259667536293101569,negative,0.11783572074143038
1259667592295469060,negative,0.0017006840553718827
1259667594195410945,negative,0.11506561529136326
1259667595944513536,negative,0.16164905641036886
1259667596439420929,negative,3.9288136962748063e-07
1259667604517515264,negative,0.11506561529136326
1259667604672782336,negative,0.00013336253678756716
1259667605687881728,negative,0.11506561529136326
1259667612075786243,negative,0.11783572074143038
1259667614827253760,negative,0.01224354487124294
1259667617117241352,negative,0.010451272650789378
1259667618115366913,negative,0.11506561529136326
1259667618115584003,negative,0.11506561529136326
1259667619088666624,negative,1.8079310754967438e-10
1259667623278673921,negative,3.3966962363162546e-07
1259667624843268102,negative,0.057568374810960374
1259667625417805825,negative,0.0008149330722292424
1259667627259113472,negative,0.0002063150843952659
1259667633269604353,negative,0.0030102158222308304
1259667635391942656,negative,0.00016529077372317435
1259667637262528512,negative,0.00013336253678756716
1259667637900058626,negative,7.073282269907054e-08
1259667639309385731,negative,0.11783572074143038
1259667641188454402,negative,0.11783572074143038
1259667641851142153,negative,5.405179944785122e-05
1259667644032192512,negative,0.024532628281370858
1259667645525352451,negative,0.11506561529136326
1259667645693153285,negative,0.0019112009110893832
1259667645785399296,negative,0.00013336253678756716
1259667645919608833,negative,0.00013336253678756716
1259667646720679943,negative,0.00429357812959074
1259667647681179650,negative,0.3115396671697526
1259667648209707010,negative,0.11506561529136326
1259667649858068480,negative,0.11506561529136326
1259667650571046912,negative,0.00559654605440846
1259667653213347847,negative,0.11506561529136326
1259667656124309504,negative,0.00013336253678756716
1259667656220856322,negative,0.00558278598678773
1259667659530133504,negative,3.1720593613365067e-09
1259667662587793413,negative,0.11783572074143038
1259667662625521664,negative,0.11506561529136326
1259667662814220289,negative,0.00429357812959074
1259667670070374407,negative,1.3473792473011789e-06
1259667670846156802,negative,0.02351165243353904
1259667671274029057,negative,4.377679653694012e-08
1259667673950158855,negative,0.11506561529136326
1259667674717708289,negative,0.039728015045742235
1259667675145474053,negative,0.11506561529136326
1259667679037673473,negative,5.705070403600795e-05
1259667679461421059,neutral,0.5431988554464016
1259667682351341570,negative,0.14480435607288075
1259667684289060864,neutral,0.34831234932630545
1259667687527067649,negative,0.005272474311696478
1259667687556493313,negative,1.6638738242675235e-05
1259667688785424384,negative,0.03354342356257119
1259667691583016961,negative,0.2202217608706388
1259667692459524097,negative,0.012926245521258544
1259667693575249925,negative,0.20541113477311596
1259667694976151552,negative,0.039198519092703804
1259667699027804160,negative,0.11783572074143038
1259667699921190915,negative,1.880777551679847e-12
1259667700965683200,negative,0.00010343456053779066
1259667704648282112,negative,0.13289965499639336
1259667704744566784,negative,0.027896339093199884
1259667711489191938,negative,0.0025771511039385134
1259667712760037379,negative,9.023504147367889e-07
1259667712848134146,negative,0.00013336253678756716
1259667717088374784,negative,0.001050307778805327
1259667717466083329,negative,0.00817713169342648
1259667720267759616,negative,0.0001345554783331919
1259667720406171650,negative,0.1691871991821551
1259667723627442186,negative,0.00013336253678756716
1259667725602951168,negative,0.11506561529136326
1259667727700164608,negative,0.0030102158222308304
1259667729881206784,negative,0.03135983610844261
1259667731118469126,neutral,0.5431988554464016
1259667731525353473,negative,0.11506561529136326
1259667736202031105,negative,0.0019539308301282656
1259667737456136192,negative,0.00429357812959074
1259667738202644481,negative,0.11506561529136326
1259667744947126272,negative,0.01687324575598868
1259667745504923648,negative,0.0829543510555653
1259667747446968320,negative,0.11783572074143038
1259667747593768960,negative,2.4541909794683527e-05
1259667752232648704,negative,0.11506561529136326
1259667753968955392,negative,7.177968944707824e-05
1259667754313035778,negative,0.0185702381782592
1259667754451419137,negative,0.25281481309294607
1259667759383957505,negative,0.03472769636667065
1259667760029851650,negative,0.003972911177132186
1259669044816470017,negative,0.11506561529136326
1259669045047185410,neutral,0.49789225920557484
1259669045923758080,negative,0.11506561529136326
1259669048679227392,negative,0.14480435607288075
1259669049966948352,negative,0.11506561529136326
1259669051028180992,negative,0.11506561529136326
1259669052114403329,negative,0.11506561529136326
1259669052470902784,negative,0.07810981939609947
1259669054299803648,negative,3.9288136962748063e-07
1259669054727561217,negative,0.11506561529136326
1259669057676152833,negative,0.14933878450218976
1259669058611490817,negative,0.11506561529136326
1259669059622313985,negative,0.00013336253678756716
1259669059941158913,negative,0.00558278598678773
1259669060335423489,negative,0.16164905641036886
1259669066089934849,negative,0.014411617819499314
1259669066828206082,negative,0.00013336253678756716
1259669068308787200,negative,0.003161381150561059
1259669069613195266,negative,0.11783572074143038
1259669069646761989,negative,0.11506561529136326
1259669070670151681,neutral,0.5431988554464016
1259669070775046144,neutral,0.5431988554464016
1259669071525810184,negative,0.00017375572703612346
1259669071609683968,negative,1.2341116735729679e-06
1259669079541067777,negative,0.00016993831405367533
1259669081126506496,negative,0.11506561529136326
1259669081663377413,negative,0.11783572074143038
1259669085035601927,negative,1.608448518034381e-05
1259669090257559556,negative,0.0018764647085153026
1259669090261753856,negative,0.0025144868358454833
1259669090752487425,positive,0.8676932684469527
1259669091159289856,negative,0.3115396671697526
1259669092002344969,negative,6.495708464372997e-06
1259669092321107969,negative,0.0030102158222308304
1259669094091100165,negative,0.033081839817325306
1259669098889428992,negative,0.11506561529136326
1259669103683526657,negative,1.0081251766402136e-08
1259669106674012160,negative,0.11506561529136326
1259669109056438272,negative,2.1033461280675217e-05
1259669109513437184,negative,0.003236156644742815
1259669110801260546,negative,0.005856853372468153
1259669111627550724,negative,0.0005443324499561763
1259669113397555201,negative,0.21852536589949292
1259669115167485952,negative,0.039522505903984824
1259669115884756993,negative,0.11506561529136326
1259669116316798981,negative,0.11506561529136326
1259669117168234497,positive,0.9735455986285476
1259669118283907072,negative,0.0010583938348704997
1259669118342565889,negative,0.0027213395930464376
1259669118451662849,neutral,0.5431988554464016
1259669118837567491,negative,0.11506561529136326
1259669121740034049,negative,3.2275340152982114e-05
1259669128501215233,negative,0.00016079518741680103
1259669131722477575,neutral,0.5431988554464016
1259669138953261056,negative,0.0002516692352967741
1259669141713190918,negative,0.11506561529136326
1259669142376001539,negative,0.01118357573672222
1259669142992543746,negative,0.0016681444084644457
1259669143047090176,negative,0.02351165243353904
1259669143122374658,negative,0.0008149330722292424
1259669144049500160,negative,9.146417103102256e-05
1259669144338825216,neutral,0.39809333436058036
1259669147463663618,negative,0.023974608348206885
1259669148990353408,negative,0.11506561529136326
1259669149103652866,neutral,0.5431988554464016
1259669149262979073,negative,0.11783572074143038
1259669149586010113,negative,0.11506561529136326
1259669149720199171,positive,0.8676932684469527
1259669158515683329,negative,0.001215816070301892
1259669158855409666,negative,0.001050307778805327
1259669160453423105,negative,0.11506561529136326
1259669162814775296,negative,0.11506561529136326
1259669163213111296,negative,0.11506561529136326
1259669163544645634,negative,0.0033813292879515413
1259669166040195072,negative,0.28876622074859937
1259669166749110272,negative,0.0008515380659589274
1259669168133111808,negative,5.802525160070477e-10
1259669168842067971,negative,0.0009112233397531418
1259669169194373121,neutral,0.39809333436058036
1259669173082390528,negative,0.11506561529136326
1259669174399520772,negative,0.00013336253678756716
1259669177285165058,negative,0.005856853372468153
1259669177704435712,negative,1.608448518034381e-05
1259669182049853441,negative,0.02351165243353904
1259669187271766016,negative,0.1200698899211209
1259669188462993411,negative,0.00013336253678756716
1259669189146456068,negative,0.11506561529136326
1259669190203580418,negative,4.139625370945252e-06
1259669190736257024,negative,0.0030102158222308304
1259669195375161344,negative,0.0003835728640177538
1259669199905005571,negative,0.11506561529136326
1259669204623638529,negative,0.11506561529136326
1259669204673933313,negative,0.11506561529136326
1259669209950359558,negative,1.608448518034381e-05
1259669215809765376,neutral,0.3989152921021426
1259669217017622533,negative,0.11506561529136326
1259669217915232256,negative,0.03883039777828562
1259669219052064768,negative,0.323001173472134
1259669219836338177,negative,0.1917648440123616
1259669226136252419,negative,0.002007543331543552
1259669227650404352,negative,9.146417103102256e-05
1259669232696078336,negative,0.00013336253678756716
1259669233673306112,negative,0.003972911177132186
1259669234214416389,negative,0.11506561529136326
1259669234851942400,negative,0.11783572074143038
1259669236668080128,neutral,0.5431988554464016
1259669239562149890,neutral,0.4371678023564083
1259669240438718472,negative,0.0039052813034600466
1259669242464657408,negative,0.03828001847227665
1259669251901861889,negative,0.11506561529136326
1259669252476469248,negative,0.21852536589949292
1259669254716170242,neutral,0.5431988554464016
1259669257119547399,negative,0.0018744840573767015
1259669257626898433,negative,3.3671110162098336e-08
1259669258470068224,negative,0.11506561529136326
1259669259212468226,negative,0.11506561529136326
1259669259841687557,negative,0.11506561529136326
1259669260613365764,negative,0.046612474575711334
1259669261137653761,negative,0.06891236836768824
1259669261951385601,positive,0.8676932684469527
1259669264015020032,negative,6.792429099088078e-06
1259669266539974659,neutral,0.6365031831288929
1259669271237582849,negative,0.0011864992979582333
1259669271405383680,negative,0.11506561529136326
1259669272869158912,negative,0.00011091417233231517
1259669273452183552,negative,0.11506561529136326
1259669279055712259,negative,0.11506561529136326
1259669279903043584,negative,0.017807316695222116
1259669282453172224,negative,0.00013336253678756716
1259669283304550400,negative,6.495708464372997e-06
1259669283342356480,negative,0.11783572074143038
1259669286001524738,negative,0.013593409852170495
1259669288165634049,negative,5.310671537591623e-06
1259669288539086853,negative,0.00013336253678756716
1259669294520176643,negative,0.04867792948353709
1259669295774093314,negative,0.11506561529136326
1259669297774972929,negative,9.119854580967169e-08
1259669299142316033,negative,0.11506561529136326
1259669300207632385,negative,0.15665555228183567
1259669301260439553,neutral,0.5431988554464016
1259669302594150404,negative,0.23958477634811207
1259669303252615169,negative,0.01903683118394591
1259669303705710604,negative,3.7977698295169366e-10
1259669314510168064,neutral,0.34622701045625087
1259669317555281931,negative,0.0004045425041051119
1259669319899852800,negative,0.11506561529136326
1259669320038309889,negative,0.11506561529136326
1259669321124626432,negative,0.11506561529136326
1259669322433204235,negative,3.9009679185449116e-07
1259669324584964099,negative,0.001050307778805327
1259669325071425546,negative,0.11506561529136326
1259669328368218123,negative,0.00010683330088693352
1259669332176580609,negative,0.009550549144353758
1259669333128642563,negative,1.3770797512681035e-06
1259669333359329282,negative,0.007020053481013761
1259669338052874242,negative,9.360641676341781e-09
1259669339621515272,negative,0.11506561529136326
1259669340732960769,negative,0.11506561529136326
1259669341286674435,negative,0.00425406844605627
1259669342297436161,negative,0.11783572074143038
1259669343329189889,negative,0.002818418260284697
1259669344289796102,negative,5.061262718057195e-07
1259669344411365377,negative,0.09428059620990194
1259669345866674178,negative,0.007585811846682582
1259669348232372227,negative,1.3616753293314079e-08
1259669349721235456,negative,1.608448518034381e-05
1259669355857620995,negative,0.04547998931668545
1259669358864785408,negative,0.001050307778805327
1259669359183769603,negative,0.11783572074143038
1259669359871623169,positive,0.9046645376302359
1259669361087918080,negative,0.11783572074143038
1259669362220335104,negative,0.00013336253678756716
1259669376044879872,negative,0.0684706873028108
1259669379014410240,negative,0.11506561529136326
1259669379551117312,negative,0.01118357573672222
1259669379647758336,negative,7.670328658865929e-07
1259669380767588352,negative,0.005272474311696478
1259669383355523073,negative,0.0018764647085153026
1259669383464595459,negative,0.0007111828345690921
1259669384676560896,negative,0.00013336253678756716
1259669388363354112,negative,0.11506561529136326
1259669392671092736,negative,7.670328658865929e-07
1259669393086255104,negative,6.54032896527925e-07
1259669393266507776,negative,0.11506561529136326
1259669394285887489,negative,0.00013336253678756716
1259669394378063873,negative,0.11506561529136326
1259669400266907655,negative,0.00013336253678756716
1259669402745810951,negative,0.220906737899507
1259669404796760064,negative,0.0011232145449581311
1259669408714231808,negative,0.00429357812959074
1259669413030232064,negative,0.00018042224594735896
1259669422442242054,negative,0.11506561529136326
1259669422530330625,negative,0.02771046601551483
1259669423591501824,negative,0.0020969885056542794
1259669423746682890,negative,0.11506561529136326
1259669428163264514,negative,9.091141445830694e-07
1259669433573879810,negative,0.0004045425041051119
1259669434848940045,negative,2.4805036066690353e-06
1259669440955908097,negative,0.005272474311696478
1259669443518566400,negative,9.019383970982324e-05
1259669445024382981,negative,1.147431046997009e-06
1259669445414473728,negative,0.00013336253678756716
1259669446504873990,negative,0.1910850105260919
1259669450715955206,negative,0.0880543054399197
1259669450741223424,negative,0.11506561529136326
1259669450833498119,negative,6.503267960500596e-05
1259669451584286720,negative,0.007523812694831046
1259669453991788545,negative,2.931966190691273e-06
1259669454495113217,negative,1.2751597998875124e-07
1259669456864804864,negative,0.11506561529136326
1259669457141628929,negative,0.00013336253678756716
1259669457196195847,negative,0.11506561529136326
1259669457393324034,negative,1.159182791486303e-05
1259669461071691778,neutral,0.5308322566382111
1259669461801500673,negative,9.146417103102256e-05
1259669462367834114,negative,0.03686376776394923
1259669469414244352,negative,0.11506561529136326
1259669470668357634,negative,1.0151565290293059e-05
1259669471205212161,negative,0.013593409852170495
1259669477299556354,negative,7.670328658865929e-07
1259669480604684293,neutral,0.49789225920557484
1259669482693410818,neutral,0.5431988554464016
1259669484052381702,negative,0.01095800908819282
1259669484400508928,negative,0.012019046083075266
1259669486828994560,negative,0.00013336253678756716
1259669488997408770,negative,0.00013336253678756716
1259669492151414785,negative,0.11506561529136326
1259669493095305228,negative,0.00013336253678756716
1259669493384650753,negative,1.7869398896605537e-05
1259669494747795462,negative,9.146417103102256e-05
1259669495259357184,negative,0.11506561529136326
1259669497025310723,negative,0.11506561529136326
1259669499235774469,negative,0.11506561529136326
1259669501144174593,negative,5.11289120213904e-06
1259669501492318209,negative,0.02260042176490303
1259669502075207680,negative,0.0069455885696498515
1259669502196953088,negative,1.3616753293314079e-08
1259669504889626634,negative,0.11783572074143038
1259669504889683968,negative,0.11783572074143038
1259669505699168256,negative,4.6535527868978855e-05
1259669509797023749,positive,0.9191515818361106
1259669509843169281,negative,0.003972911177132186
1259669511638257666,negative,0.10309183573788816
1259669514918256641,negative,0.013593409852170495
1259669515216060423,negative,0.00013336253678756716
1259669516281352196,negative,1.056717605523961e-13
1259669516558237700,neutral,0.5431988554464016
1259669517023707139,negative,0.11506561529136326
1259669521171972096,negative,0.0006428257744232684
1259669521612365824,negative,0.013593409852170495
1259669522006630407,negative,0.052173271510589585
1259669523407519746,negative,0.22217579323809375
1259669524393140225,negative,0.000116924567352498
1259669526943338497,negative,0.00013336253678756716
1259669527392116738,negative,0.00817713169342648
1259669528654430208,negative,0.0290226120468656
1259669533104758789,negative,0.0018764647085153026
1259669533293494273,neutral,0.5431988554464016
1259669535277359108,negative,0.00558278598678773
1259669538498625537,negative,3.9288136962748063e-07
1259669538557382657,negative,0.0008637834186907704
1259669543179476997,negative,0.08350779158503178
1259669545305989121,neutral,0.39499332727517233
1259669546077741056,negative,0.00013336253678756716
1259669546207711237,neutral,0.4233692965420847
1259669551886798848,negative,2.9352656254341914e-09
1259669552612487170,negative,0.01438661562691018
1259669553069645824,negative,0.03135983610844261
1259669555804164097,negative,0.05956475006711881
1259669556274040834,negative,0.11506561529136326
1259669556517363713,negative,0.0004045425041051119
1259669557972799494,negative,2.322728807433565e-06
1259669562456498184,negative,0.00027293036376522324
1259669562859143168,negative,0.11506561529136326
1259669562984992769,negative,0.14751388724218095
1259669564566253569,negative,0.00013336253678756716
1259669567292358657,negative,0.11506561529136326
1259669570731880452,negative,0.11506561529136326
1259669573948837894,negative,0.11506561529136326
1259669586397536256,negative,0.11506561529136326
1259669587651682304,negative,0.004385883120046184
1259669589912322049,negative,0.11506561529136326
1259669591648636930,negative,0.11506561529136326
1259669591808229376,negative,0.003878615359027
1259669592605110273,negative,0.11506561529136326
1259669593871781889,negative,0.02079487383131771
1259669596354809857,negative,0.00013336253678756716
1259669596812042241,negative,9.38955759916611e-09
1259669603204161542,negative,0.11506561529136326
1259669604936409089,negative,9.378017130812818e-06
1259669605875945475,neutral,0.5431988554464016
1259669607381643267,negative,0.11506561529136326
1259669609885638657,negative,6.092265917208122e-16
1259669611219496961,negative,0.11506561529136326
1259669613396320268,negative,0.11506561529136326
1259669615384371205,negative,1.0003700290458411e-05
1259669619935260674,negative,0.04630238141417196
1259669624112795649,negative,0.020790009145981413
1259669624318296065,negative,2.529035347086368e-05
1259669624318308352,negative,0.00012676246075115247
1259669625119346688,negative,0.13301144902566725
1259669628680318976,negative,0.11506561529136326
1259669631045906435,neutral,0.5431988554464016
1259669631821844482,negative,0.001050307778805327
1259669631893192705,negative,0.0039052813034600466
1259669633251995653,negative,0.11506561529136326
1259669635059908609,neutral,0.5431988554464016
1259669636204945408,negative,0.00013336253678756716
1259669641317756930,negative,0.11506561529136326
1259669647500226566,negative,0.30406161126922454
1259669647860928516,negative,0.23509082942812207
1259669651136495618,negative,0.11506561529136326
1259669652264718336,negative,0.11506561529136326
1259669652558483461,negative,0.16164905641036886
1259669655238504449,negative,0.21648102112089343
1259669657637859330,negative,1.606286662820573e-08
1259669658841595905,negative,6.528684613711733e-09
1259669660280201217,negative,0.11506561529136326
1259669660737384449,negative,0.029402923962425397
1259669660888375296,negative,0.00013336253678756716
1259669661261672451,negative,0.0003896630194208877
1259669663237185537,neutral,0.43953870392555616
1259669664004792323,negative,0.003109175345901031
1259669666684907520,negative,0.003972911177132186
1259669672586289158,negative,0.007020053481013761
1259669682765864967,negative,2.0770979943545132e-05
1259669683093024768,negative,0.11506561529136326
1259669686846971906,negative,8.609001873869321e-14
1259669690491834368,negative,7.165930530386237e-07
1259669694421794817,negative,1.4172847611558097e-05
1259669695025774593,negative,1.9350367336840937e-05
1259669699803205634,negative,1.339122852166312e-08
1259669701157883904,negative,1.9474466299669655e-08
1259669701443178501,negative,7.670328658865929e-07
1259669702927884288,negative,0.00013336253678756716
1259669704152662020,negative,4.3295580556568906e-07
1259669704198836225,negative,0.00013336253678756716
1259669704731287552,negative,0.11506561529136326
1259669705490673666,negative,0.11506561529136326
1259669708091113472,negative,0.06397865337896254
1259669708833464321,negative,0.00013336253678756716
1259669709940756485,negative,0.11506561529136326
1259669710339178496,negative,0.00027293036376522324
1259669710527922176,negative,0.07504677009737819
1259669711866015749,negative,0.004489330635483789
1259669712327319553,negative,7.670328658865929e-07
1259669715754115073,negative,2.9558428769833105e-05
1259669717993865216,negative,0.002707899171901944
1259669718451007491,negative,0.0001740859961095483
1259669722716680192,negative,0.11506561529136326
1259669725661011969,negative,0.01227031639040117
1259669729406586881,negative,0.11506561529136326
1259669737325428749,negative,0.13326736481027904
1259669740408184834,negative,0.00013336253678756716
1259669741276467201,neutral,0.5308322566382111
1259669744510099456,negative,0.11506561529136326
1259669747970510848,neutral,0.4803790787485506
1259669750688493568,neutral,0.5136446707795853
1259669753167216641,negative,7.034367233158763e-06
1259669753653874689,negative,1.9028163364996557e-11
1259669753884368896,negative,0.00013336253678756716
1259669755578859521,negative,0.11506561529136326
1259669759114858498,negative,0.09085776345764776
1259669763761909761,negative,0.24568157129307205
1259669769176920065,negative,0.014411617819499314
1259669769399283718,negative,0.11506561529136326
1259669770045206530,negative,0.0058518840770055945
1259669774537236480,negative,0.00817713169342648
1259669776311431168,negative,0.220906737899507
1259669777645068291,negative,0.001050307778805327
1259669777704013825,negative,1.0612613736062254e-06
1259669778547068930,negative,0.11783572074143038
1259669784771399681,negative,0.00013336253678756716
1259669785027231751,negative,0.00030518224718135306
1259669791255781379,negative,0.11506561529136326
1259669791528402944,negative,0.11783572074143038
1259669804971163648,negative,0.11506561529136326
1259669807659712513,negative,3.079486575268531e-08
1259669808720855040,negative,0.11783572074143038
1259669810734084099,negative,0.11506561529136326
1259669811333943304,negative,0.02351165243353904
1259669812202086401,negative,0.001050307778805327
1259669812218822656,negative,0.11506561529136326
1259669812629966849,neutral,0.34382890799160776
1259669814643212288,negative,0.00013336253678756716
1259669816505511943,positive,0.8849339254849253
1259669816648052736,negative,0.11506561529136326
1259669817705074695,negative,0.01409368015254744
1259669819676397569,negative,0.15614431627967368
1259669825435164677,negative,0.11506561529136326
1259669825636499456,negative,0.0005392539970472314
1259669826269622272,negative,0.11506561529136326
1259669829050667009,neutral,0.5431988554464016
1259669829348442112,negative,9.807668798414532e-08
1259669829566545921,negative,0.011175369368598734
1259669829621035008,negative,2.55549949213637e-06
1259669829948256258,negative,0.11783572074143038
1259669831210676224,neutral,0.5431988554464016
1259669837829345282,negative,0.0009373021801594066
1259669838106185728,negative,0.11506561529136326
1259669838357823489,negative,0.11506561529136326
1259669839729299456,negative,0.0010407437249906424
1259669840903757827,negative,0.11783572074143038
1259669842065580034,negative,0.0008149330722292424
1259669842661081100,negative,0.00013336253678756716
1259669843814617090,neutral,0.5431988554464016
1259669844133380099,negative,0.0032111940077803576
1259669844410204166,negative,0.00013336253678756716
1259669846951890944,negative,0.00013336253678756716
1259669849137184774,negative,0.0829543510555653
1259669850596823043,negative,0.0008637834186907704
1259669852777840641,negative,0.02325567459586855
1259669854031839233,negative,0.0030102158222308304
1259669855663542274,negative,0.00013336253678756716
1259669858045890560,negative,2.1791443969536753e-15
1259669858687598598,negative,0.0003120556118142435
1259669860109467654,negative,8.859368601791095e-05
1259669865398493190,negative,0.11783572074143038
1259669869953462272,negative,0.11783572074143038
1259669875825561600,negative,0.005272474311696478
1259669878962819078,negative,0.28079888360961197
1259669881575923715,negative,3.9321304158725074e-05
1259669881659719683,negative,0.11506561529136326
1259669886424412162,negative,0.00013336253678756716
1259669886994911234,negative,1.549698156391088e-09
1259669891977752576,negative,1.0792075379489449e-06
1259669893009588235,negative,0.001050307778805327
1259669893168889857,negative,2.1992141766228235e-08
1259669894389477378,negative,0.1467117825485293
1259669894595063811,negative,9.146417103102256e-05
1259669894829760513,negative,0.11506561529136326
1259669895165489154,negative,0.11506561529136326
1259669895551365121,negative,1.7889055691755238e-08
1259669904166457345,negative,0.2480763935332676
1259669904245964802,negative,0.10557037960909083
1259669907014406148,negative,1.7869398896605537e-05
1259669909392498688,negative,0.11506561529136326
1259669910260797441,negative,0.11506561529136326
1259669912471166976,negative,0.11506561529136326
1259669914706743296,negative,0.11506561529136326
1259669914845155328,negative,0.00013336253678756716
1259669916711555074,negative,0.2279157159381416
1259669917277847556,negative,1.525457212222374e-08
1259669920494780419,negative,0.0001423060755287804
1259669922659078147,negative,8.195721250101382e-05
1259669923745464320,negative,2.545624982556512e-08
1259669923820953608,negative,0.09888255515933349
1259669925611929600,negative,0.11506561529136326
1259669927771979782,negative,0.0015824616952719534
1259669928103337989,negative,2.508864172038325e-07
1259669928245727232,negative,0.11506561529136326
1259669932960145408,neutral,0.37462347384772793
1259669933048295425,negative,0.01118357573672222
1259669934738726918,negative,0.30935585848446906
1259669940086415361,negative,1.575318585284911e-05
1259669944251318273,negative,0.11506561529136326
1259669947732635651,negative,0.11506561529136326
1259669947841753088,negative,0.00013336253678756716
1259669954409816064,negative,0.11506561529136326
1259669960340668416,negative,0.00013336253678756716
1259669961229901824,negative,6.625602454686712e-08
1259669962299527168,negative,1.1269995552831694e-06
1259669963704537093,negative,0.0016467091854436618
1259669972147515393,negative,0.11506561529136326
1259669972458057728,negative,0.01118357573672222
1259669972487417858,negative,0.11506561529136326
1259669973443674113,negative,0.11783572074143038
1259669974613987331,negative,0.29002418042279093
1259669974970503169,negative,0.11783572074143038
1259669978623569923,negative,0.001050307778805327
1259669978896379910,negative,7.073336015337796e-05
1259669981224153091,negative,0.11506561529136326
1259669982536970241,negative,0.0030102158222308304
1259669984436989953,negative,0.039218011792204105
1259669984709615622,negative,0.0011029710933181133
1259669986005716994,negative,0.00013336253678756716
1259669986764873728,neutral,0.5431988554464016
1259669987876315137,negative,1.5127573768354138e-07
1259669991965818880,negative,0.11506561529136326
1259669994193014786,negative,0.0004566370578179404
1259670000505286656,negative,0.11506561529136326
1259670002585800705,negative,0.11506561529136326
1259670004934553600,negative,0.003972911177132186
1259670005924474880,negative,0.013593409852170495
1259670010441666562,negative,0.11506561529136326
1259670010517237765,negative,0.11506561529136326
1259670012480143360,negative,0.01118357573672222
1259670012803022849,negative,2.322728807433565e-06
1259670015239950336,negative,0.16164905641036886
1259670016183529472,negative,0.11506561529136326
1259670019807436801,negative,1.608448518034381e-05
1259670019845369863,negative,5.654292649749804e-09
1259670021271420930,negative,0.0010593599772086627
1259670021577605120,negative,0.0001032245645904464
1259670031136415744,negative,0.0004961815908283909
1259670033988554763,negative,0.011175369368598734
1259670034777079811,negative,0.003798090255834262
1259670035464937473,neutral,0.4095812233257512
1259670039638298624,negative,0.00013336253678756716
1259670040749752320,negative,0.11506561529136326
1259670042066681861,negative,4.5490269732885434e-05
1259670043031412736,negative,0.012087532282025878
1259670045262778375,negative,0.1118070983085704
1259670045359292423,negative,6.966332822581646e-08
1259670047917608961,negative,0.021998453504430575
1259670053034684416,negative,0.11506561529136326
1259670055077457920,negative,0.11506561529136326
1259670055245266944,negative,0.11164743198622047
1259670055559802881,negative,0.00013336253678756716
1259670057954750466,negative,4.376438200642318e-08
1259670059502493696,negative,0.11506561529136326
1259670069287817222,negative,1.6638738242675235e-05
1259670069661052937,negative,0.008138163559706351
1259670070080479235,negative,0.005272474311696478
1259670070596440065,negative,3.9009679185449116e-07
1259670072802541574,negative,1.9420047001213188e-07
1259670078129307650,negative,0.00013336253678756716
1259670078456504322,negative,0.10159253153482908
1259670085788151808,negative,0.01118357573672222
1259670089974120451,positive,0.9191515818361106
1259670092989808642,negative,0.00013336253678756716
1259670095548370947,negative,0.0005855992526207555
1259670098433974272,negative,0.00013336253678756716
1259670101797810180,negative,0.013241634910428787
1259670103035121665,negative,0.22217579323809375
1259670104503132161,negative,8.553196628599271e-06
1259670104804974593,negative,0.0008570514772038187
1259670105090330629,negative,0.11506561529136326
1259670106931634176,negative,0.01687324575598868
1259670107678269440,negative,0.0356505768826203
1259670110782054400,negative,0.004596500473297552
1259670110811422721,negative,0.00026977189072053675
1259670111293706240,negative,0.00027293036376522324
1259670112489086977,negative,0.11506561529136326
1259670112530952194,negative,0.11506561529136326
1259670118159847427,negative,0.0008103422253071049
1259670118252056578,negative,0.11506561529136326
1259670118319165442,neutral,0.5308322566382111
1259670123100753922,negative,0.2480763935332676
1259670124652449792,negative,5.757347203331502e-14
1259670128582631425,negative,0.11506561529136326
1259670129148862479,negative,1.2470799712183654e-09
1259670129782251522,negative,0.0010009325088536744
1259670131988484096,negative,0.02351165243353904
1259670133557075970,negative,0.01010503214753921
1259670136610607104,negative,3.561015672737011e-08
1259670140666380288,negative,0.00023416141899297368
1259670141371121671,negative,0.11783572074143038
1259670144793673728,negative,0.00013336253678756716
1259670150317473799,negative,9.35449162676537e-06
1259670152867729412,negative,3.090970954481073e-05
1259670155543576577,negative,0.0008637834186907704
1259670157812805638,negative,0.3115396671697526
1259670160857858049,negative,0.11506561529136326
1259670165970726919,negative,3.9288136962748063e-07
1259670166972981248,negative,0.11506561529136326
1259670170383106048,negative,0.11506561529136326
1259670172530597891,negative,0.10309183573788816
1259670172748648452,negative,8.553196628599271e-06
1259670173457547270,negative,0.11506561529136326
1259670179069427712,negative,0.001050307778805327
1259670180533350405,negative,0.11506561529136326
1259670182215192576,negative,1.1268082641244804e-07
1259670190184206336,negative,0.11506561529136326
1259670191715176450,negative,0.11506561529136326
1259670192109617152,neutral,0.5431988554464016
1259670199860633601,neutral,0.45567985470029193
1259670200502411265,negative,0.17827952780244863
1259670201483685889,negative,1.843740974113759e-05
1259670201957855232,negative,2.1933362071681555e-06
1259670208496701441,negative,0.14751388724218095
1259670209734094850,negative,1.581283943132083e-05
1259670210346463233,negative,0.05285494261939849
1259670213072748545,negative,0.02366148261607491
1259670224938455040,negative,0.00027293036376522324
1259670226767163392,neutral,0.5431988554464016
1259670232563671043,negative,0.18074054623305638
1259670237940715521,negative,0.11506561529136326
1259670245460983808,negative,0.11506561529136326
1259670246400552961,negative,0.11506561529136326
1259670249919651840,negative,1.581283943132083e-05
1259670251672932354,negative,6.495708464372997e-06
1259670251719008257,negative,3.189359274513791e-10
1259670253971406848,negative,0.00013336253678756716
1259670256525758465,negative,0.00013336253678756716
1259670260845809664,negative,1.0809530241423032e-07
1259670264566202372,negative,0.11506561529136326
1259670270081556480,negative,0.1401534842459162
1259670272451502091,negative,4.206407668313561e-06
1259670273076453376,negative,0.002790446071940041
1259670273898487808,negative,9.1986580199042e-06
1259670277023125504,negative,0.11506561529136326
1259670278067695617,negative,9.146417103102256e-05
1259670281779544064,negative,0.21852536589949292
1259670282324901900,negative,1.7869398896605537e-05
1259670283218309120,negative,0.005692393478877242
1259670284665262080,negative,2.7748082959134726e-05
1259670286250672134,negative,0.11506561529136326
1259670287907459072,negative,0.0018764647085153026
1259670291795644416,negative,0.005098706344835521
1259670292588302338,negative,0.00013336253678756716
1259670293536260096,negative,7.513085656931994e-13
1259670293666136064,negative,0.005772361784719416
1259670293716578309,negative,0.11783572074143038
1259670299227938816,negative,8.888002066905259e-05
1259670304173031425,negative,4.620626229543809e-06
1259670304353378304,negative,0.00013336253678756716
1259670305066438657,negative,0.00013336253678756716
1259670305951211520,negative,0.0011471956133028104
1259670306869907456,negative,0.005733323795186357
1259670312209330176,negative,0.00027293036376522324
1259670313165565952,negative,0.11506561529136326
1259670324498575362,negative,0.00035614703872428535
1259670325689753600,negative,0.00013336253678756716
1259670326889385984,negative,0.11506561529136326
1259670328617455616,negative,0.11506561529136326
1259670331565932544,negative,0.12133315210852062
1259670331599589382,negative,0.05437894301384418
1259670337136058369,negative,0.00013336253678756716
1259670340248252417,negative,6.168001311102094e-07
1259670344421564417,negative,4.166020147372386e-16
1259670345629470722,negative,0.00013336253678756716
1259670346724245504,negative,0.16164905641036886
1259670347974094848,negative,9.091141445830694e-07
1259670353540009990,negative,0.11783572074143038
1259670354357817344,negative,0.11783572074143038
1259670356345962496,negative,7.803929539642752e-07
1259670356761219073,negative,0.00013336253678756716
1259670360045346816,negative,0.11783572074143038
1259670363870560256,positive,0.8607687542665463
1259670368035450881,negative,0.00013336253678756716
1259670370325606400,negative,1.5699377800270898e-10
1259670370505953280,negative,0.0032539705008629003
1259670371164356608,positive,0.8763694176228767
1259670371172618245,negative,8.003051691403168e-11
1259670372745711617,negative,0.0032539705008629003
1259670374540816384,negative,0.00013336253678756716
1259670376008822784,negative,0.11506561529136326
1259670376851951617,negative,4.815313879148873e-10
1259670381159473152,negative,0.00021585527666172924
1259670382786854913,negative,0.004324158699512939
1259670383827062784,negative,0.0018764647085153026
1259670384112173057,neutral,0.33734879318700156
1259670385718689792,neutral,0.549148368280944
1259670390692970496,negative,0.11506561529136326
1259670391548792832,negative,1.1324426662312632e-06
1259670391947214852,negative,0.0028181419596781812
1259670393465389056,negative,0.013593409852170495
1259670393859837953,negative,0.11506561529136326
1259670394283442177,negative,8.5973309204417e-06
1259670396426768384,negative,0.11506561529136326
1259670398087593984,negative,0.0005851262227332892
1259670404303593472,negative,0.0017696349142155275
1259670405511593985,negative,0.11506561529136326
1259670406530727941,negative,6.051426336513897e-12
1259670410146217984,negative,0.11506561529136326
1259670414630047748,neutral,0.5431988554464016
1259670417066921984,negative,0.0829543510555653
1259670418895654912,negative,4.7371331299576857e-07
1259670420246138880,positive,0.9765640996569913
1259670423836356608,negative,0.11506561529136326
1259670424033603585,negative,1.608448518034381e-05
1259670425531035654,negative,0.11506561529136326
1259670425627496450,neutral,0.5349951063072191
1259670427628077058,negative,0.11506561529136326
1259670430962548736,negative,0.13301144902566725
1259670433273712647,negative,0.0033078494229766
1259670434276167685,negative,0.003972911177132186
1259670436792676352,negative,0.00013336253678756716
1259670440303161344,negative,0.11506561529136326
1259670442283057152,negative,0.00013336253678756716
1259670443553951744,negative,0.04489598488335573
1259670444841537537,negative,0.0024191187549530637
1259670445961478145,negative,0.019453822245545142
1259670446036918280,negative,0.11506561529136326
1259670448826187778,negative,1.032877558833158e-14
1259670451699298304,negative,7.315964777551234e-13
1259670453997785089,negative,1.767725819429803e-07
1259670455599931392,negative,0.002224233606041218
1259670462549774336,negative,0.11506561529136326
1259670474575011840,negative,0.00034805677175873024
1259670476433043461,negative,0.00013336253678756716
1259670482829312003,negative,0.00027293036376522324
1259670483013963776,negative,3.21367899876014e-05
1259670483173355520,negative,0.0013900981641989268
1259670484108619778,negative,1.8685574015496165e-05
1259670487266988042,negative,0.0008637834186907704
1259670487757541376,negative,0.02619988690795224
1259670492094640129,negative,0.0005594319816983129
1259670493776527369,negative,0.0009373021801594066
1259670494338519044,negative,0.03354342356257119
1259670496544804867,negative,0.11506561529136326
1259670498729963523,negative,0.11506561529136326
1259670499669544961,negative,0.28079888360961197
1259670499870851072,negative,0.0011761390754755653
1259670508532006912,negative,0.11506561529136326
1259670508758581254,negative,1.688155912449157e-06
1259670512491540480,negative,0.0007020388320104956
1259670514416488448,negative,0.11506561529136326
1259670514504777729,negative,0.11506561529136326
1259670514823344129,negative,0.00033777861048688327
1259670515544985603,negative,6.726737362359271e-06
1259670517705048065,negative,2.788092726432724e-08
1259670518040604672,negative,0.11506561529136326
1259670518493597698,neutral,0.39499332727517233
1259670525883760640,negative,0.11506561529136326
1259670530728374272,negative,0.013355949303158803
1259670535270731777,negative,0.11506561529136326
1259670535744692229,negative,6.548420501478137e-12
1259670537137197057,negative,1.9716866671377963e-06
1259670539280494593,negative,0.004625382025175629
1259670539305656326,negative,0.00027293036376522324
1259670540203196416,negative,9.091141445830694e-07
1259670543084765186,negative,0.00013336253678756716
1259670548612775936,negative,0.11506561529136326
1259670550202499073,negative,0.11783572074143038
1259670550554783746,negative,0.0030102158222308304
1259670554233253888,negative,3.984760210834916e-15
1259670554363166721,negative,0.0004566370578179404
1259670556053561350,positive,0.8763694176228767
1259670557328650240,negative,0.00013336253678756716
1259670557429321729,negative,0.11783572074143038
1259670561787166721,negative,0.11506561529136326
1259670565461397504,negative,0.0009226494683459457
1259670569500409857,negative,0.11506561529136326
1259670573225054215,negative,7.022342670543918e-06
1259670577595346945,negative,9.130877808633978e-12
1259670581198426113,negative,0.00429357812959074
1259670582955655172,negative,1.0802648120678569e-07
1259670583081648128,negative,1.7205008775436224e-09
1259670585468243968,negative,0.11506561529136326
1259670586743128064,negative,0.11506561529136326
1259670586751623172,neutral,0.4903777150465804
1259670589213728770,negative,0.001050307778805327
1259670590824349708,negative,0.003600752704516321
1259670591348658179,negative,0.18706309985360192
1259670591776448514,neutral,0.5431988554464016
1259670599556829184,negative,0.11506561529136326
1259670599695294466,negative,0.011175369368598734
1259670600785723394,neutral,0.4602802644234047
1259670601243000835,negative,0.022668698918915015
1259670602895495168,negative,0.11506561529136326
1259670603109449728,negative,0.04867792948353709
1259670603453390849,negative,0.011175369368598734
1259670603470123009,positive,0.9999980917616557
1259670603835084800,neutral,0.5431988554464016
1259670603860250627,negative,0.00013336253678756716
1259670605533675522,negative,0.004508081261214795
1259670605781229568,negative,0.0004566370578179404
1259670608432029699,negative,1.581283943132083e-05
1259670610181054466,negative,0.00010152205256435609
1259670616212475911,negative,0.09082432343813274
1259670616237432832,negative,0.021998453504430575
1259670617021956097,negative,0.11506561529136326
1259670617726554112,negative,0.11783572074143038
1259670619785961476,negative,0.11506561529136326
1259670619869888513,negative,8.722257244581714e-06
1259670622201712641,negative,0.11506561529136326
1259670625486024704,positive,0.6888959733323547
1259670626979241988,negative,0.11783572074143038
1259670631878209537,negative,0.001050307778805327
1259670631999836160,negative,0.0004566370578179404
1259670637364330501,negative,0.21852536589949292
1259670638798790656,negative,3.3254702572383938e-06
1259670638895214595,negative,0.11506561529136326
1259670639264366592,negative,0.00013336253678756716
1259670645031436289,positive,0.9735455986285476
1259670646927343623,negative,7.10717762772736e-10
1259670651691991041,negative,0.00013336253678756716
1259670652090494976,negative,0.11506561529136326
1259670652102967298,negative,0.11506561529136326
1259670655068442624,negative,8.733363265016696e-06
1259670656272269314,negative,0.11506561529136326
1259670662580506624,negative,0.13301144902566725
1259670663637458945,negative,9.274729958543652e-05
1259670666980229126,negative,6.449978195094424e-05
1259670668469305344,negative,0.01811661792259378
1259670668725170176,negative,0.10203027764833968
1259670669454987267,negative,0.3115396671697526
1259670672210526211,negative,0.00012676246075115247
1259670672223219713,negative,4.058045224390559e-05
1259670676631359488,negative,0.0880543054399197
1259670684839677955,negative,0.11506561529136326
1259670688677404672,negative,0.05477041481727888
1259670695203803137,neutral,0.5431988554464016
1259670698798264320,negative,2.7717738649279584e-10
1259670699310043137,negative,0.11506561529136326
1259670705899220999,negative,0.11783572074143038
1259670706683392000,negative,0.03292316268500548
1259670710789824514,negative,0.11506561529136326
1259670711255347201,negative,0.11506561529136326
1259670712383504385,negative,0.11506561529136326
1259670716057890816,negative,0.0007056914745972021
1259670717844656130,negative,0.00016529077372317435
1259670718364749825,negative,0.11506561529136326
1259670719358631937,negative,1.1493129825760753e-08
1259670719774044160,negative,0.00013336253678756716
1259670721615114241,positive,0.9792525179205915
1259670725516025857,neutral,0.5431988554464016
1259670725692141574,negative,0.11506561529136326
1259670726979866629,neutral,0.5431988554464016
1259670727801933824,negative,0.11506561529136326
1259670728133222400,negative,0.00013336253678756716
1259670731614494720,negative,0.11506561529136326
1259670734084939778,negative,0.007020053481013761
1259670735682928640,negative,0.0014159170689607987
1259670736249196548,negative,0.2517706050121777
1259670738673549313,negative,0.0010583938348704997
1259670739260768256,negative,2.045938256595658e-05
1259670739629805576,negative,0.11783572074143038
1259670745417998337,negative,0.11506561529136326
1259670746026184705,neutral,0.39809333436058036
1259670746189762565,negative,0.0006428257744232684
1259670749184491520,negative,0.11506561529136326
1259670754288959488,negative,0.008231531139470416
1259670758386806785,negative,0.11506561529136326
1259670760550830080,negative,0.11506561529136326
1259670760811044865,negative,0.0018220078309471807
1259670761037541376,negative,0.0003599502517276275
1259670763050844166,negative,0.11506561529136326
1259670763235356672,negative,0.0018764647085153026
1259670764330065921,negative,0.06612171752057566
1259670764858626053,negative,1.3818075018198972e-08
1259670766867501056,negative,0.11506561529136326
1259670769258373122,negative,0.00013336253678756716
1259670772114694151,negative,0.00013336253678756716
1259670772601294855,negative,0.11506561529136326
1259670773154885633,neutral,0.39809333436058036
1259670774790717441,negative,0.001050307778805327
1259670776384491521,negative,4.148771817936748e-10
1259670776833290241,negative,0.003972911177132186
1259670778443968512,negative,0.013088481770094425
1259670786467643394,neutral,0.3864031866001049
1259670788711440384,negative,0.00817713169342648
1259670788967477248,negative,9.94455057210022e-18
1259670790913523717,negative,0.11506561529136326
1259670793908367366,negative,0.0004045425041051119
1259670795762139139,negative,0.11506561529136326
1259670796714291202,negative,0.11506561529136326
1259670796735254528,negative,0.17863682435378955
1259670798379495425,negative,0.016966262639556837
1259670800107556864,negative,0.0019539308301282656
1259670801395011585,negative,0.11506561529136326
1259670803395653632,neutral,0.49789225920557484
1259670804733837313,negative,0.0019310459417189107
1259670804872286209,negative,0.005733323795186357
1259670805740486656,neutral,0.4833367965774027
1259670805857865729,negative,3.4821892314090317e-06
1259670808722501632,negative,0.11506561529136326
1259670808978481152,negative,0.005916268005681725
1259670809804771329,negative,5.749763812718551e-05
1259670816049987594,negative,1.2593446514383703e-06
1259670817396469762,negative,0.0015665448253690914
1259670817769689090,negative,0.11506561529136326
1259670819665588224,negative,0.00013336253678756716
1259670819841536000,negative,0.003972911177132186
1259670820546400256,negative,0.11506561529136326
1259670825516531713,negative,0.0003063401325957525
1259670827009822721,negative,2.328176089779891e-06
1259670827278184448,negative,0.0880543054399197
1259670827517304839,negative,3.936615427901916e-05
1259670831556419585,negative,0.00013336253678756716
1259670832936357890,negative,0.001050307778805327
1259670836123967491,negative,0.0043215418794877915
1259670836828450821,negative,0.11506561529136326
1259670838305054721,negative,0.02351165243353904
1259670838883819520,negative,0.0032539705008629003
1259670839542394880,negative,0.11506561529136326
1259670839936630784,negative,3.9009679185449116e-07
1259670840725000194,negative,0.004625382025175629
1259670841840861184,negative,0.0002828751519420759
1259670845502287872,negative,0.03354342356257119
1259670848413335553,negative,0.11506561529136326
1259670854356602885,negative,1.3631387666258292e-09
1259670859838619648,negative,2.2740447900816734e-07
1259670860853587969,neutral,0.5431988554464016
1259670861386264576,negative,0.0014779696580701131
1259670870215229440,negative,0.00013336253678756716
1259670870231937024,negative,0.00013336253678756716
1259670870336905216,negative,0.11506561529136326
1259670877127553024,negative,0.00013336253678756716
1259670880797548551,negative,0.11506561529136326
1259670885260197888,positive,0.9765640996569913
1259670889458593792,negative,0.008280436281380123
1259670889743781888,negative,0.11506561529136326
1259670889815212032,negative,7.168234124808479e-13
1259670889836228608,negative,0.1467117825485293
1259670893837668356,negative,0.260869013031013
1259670895083360256,negative,0.00013336253678756716
1259670895590809600,negative,0.0023212651114412077
1259670897713168392,negative,0.11506561529136326
1259670898468159488,negative,0.13326736481027904
1259670906638610432,negative,0.013593409852170495
1259670906932203521,negative,0.11506561529136326
1259670907083243521,negative,0.11506561529136326
1259670908253491201,negative,8.733363265016696e-06
1259670908798750721,negative,9.998176628677755e-06
1259670908983291905,negative,0.0264700387070842
1259670909368987648,negative,0.00013336253678756716
1259670913617928193,negative,0.11506561529136326
1259670914662309890,negative,0.00013336253678756716
1259670918693076993,negative,2.458470065191434e-12
1259670930332229635,negative,0.16164905641036886
1259670934744596482,negative,7.804189764625259e-07
1259670935705210880,negative,8.973188782007156e-12
1259670936263053312,negative,0.11783572074143038
1259670937462542337,negative,0.00022773963377647235
1259670939127742464,negative,0.0006428257744232684
1259670941287751680,negative,0.11506561529136326
1259670941866627074,negative,8.112024128286105e-06
1259670942399242243,negative,0.0001032245645904464
1259670943149879296,negative,0.14480435607288075
1259670946719416321,negative,1.1340270115996903e-05
1259670948384583682,negative,0.14751388724218095
1259670949911281671,negative,1.1566621486285664e-06
1259670952117334016,negative,0.001050307778805327
1259670953409179649,negative,2.322728807433565e-06
1259670954701197318,negative,0.01687324575598868
1259670955074428928,negative,0.11783572074143038
1259670961068167168,negative,0.11783572074143038
1259670962854862851,negative,0.00013336253678756716
1259670963530203147,negative,2.5424662619429126e-05
1259670969628712961,negative,0.00019242172048335377
1259670971579011072,negative,0.0019417503766942918
1259670975605551106,negative,6.495708464372997e-06
1259670976087969792,negative,0.14751388724218095
1259670979598573569,negative,0.0018024005882734593
1259670982337466369,negative,0.0036534094263907762
1259670984161988614,negative,0.0004566370578179404
1259670985688723457,neutral,0.4770198828089638
1259670987181903872,negative,9.091141445830694e-07
1259670988100427776,negative,0.00013336253678756716
1259670988243062786,negative,0.042011052656270524
1259670988545044480,negative,0.0013924441609755435
1259670994379313158,neutral,0.43953870392555616
1259670996077985793,negative,3.130307979149274e-09
1259670997843705862,negative,0.0001600508098766745
1259671001450848256,negative,0.004780071412388866
1259671006999769088,negative,0.0005443270811328236
1259671007826194434,negative,0.005909204452764832
1259671009654865920,negative,0.11783572074143038
1259671013689831424,negative,0.022733271149053852
1259671015996653569,negative,1.4464334465395202e-06
1259671016479096835,negative,0.0006428257744232684
1259671019905671168,negative,0.11506561529136326
1259671024846680066,neutral,0.5136446707795853
1259671027518443521,negative,0.11506561529136326
1259671028231540736,negative,0.001050307778805327
1259671032463536130,negative,1.3616753293314079e-08
1259671033361072128,negative,0.11506561529136326
1259671034455822342,negative,0.11506561529136326
1259671036297129988,negative,0.11783572074143038
1259671037144424453,negative,8.752070384781995e-08
1259671038457241601,negative,0.11506561529136326
1259671039690358785,negative,0.09267589264027598
1259671041959505921,negative,1.754995730384191e-11
1259671043779805184,negative,0.00013336253678756716
1259671046443106304,negative,0.11506561529136326
1259671046610997250,negative,0.0880543054399197
1259671053569273856,negative,0.14751388724218095
1259671056803139584,negative,0.07112178197860455
1259671057058889731,negative,0.00013336253678756716
1259671060900835328,negative,7.269783783778564e-07
1259671062251556865,negative,0.01824123425584584
1259671064289988608,negative,2.1217309872775063e-05
1259671067922227202,negative,0.00027293036376522324
1259671070115639296,negative,0.03686376776394923
1259671071051198465,negative,0.14751388724218095
1259671074180128768,negative,0.0019359755720752688
1259671075324964864,negative,0.11506561529136326
1259671075861999618,neutral,0.3760742362917062
1259671092639281155,negative,0.001050307778805327
1259671094304350208,negative,0.11783572074143038
1259671094677700608,negative,0.07835570523960943
1259671098918141957,negative,0.02351165243353904
1259671101841584128,negative,2.0220012543713977e-06
1259671103347310592,negative,0.017108377658227734
1259671104647393280,negative,0.00034805677175873024
1259671105654177796,negative,0.008678778579293325
1259671108225241092,negative,0.0012801225409621113
1259671109676474368,negative,0.0493755292081971
1259671111186501632,negative,0.11506561529136326
1259671112872574978,negative,7.28659821670266e-10
1259671113082245121,negative,0.0008294615822068522
1259671115766681600,negative,0.001050307778805327
1259671115816996865,negative,0.0024891276023663034
1259671117075230720,negative,0.0019310459417189107
1259671121085038593,negative,0.11783572074143038
1259671124851462153,negative,0.0018764647085153026
1259671126147575812,negative,0.11506561529136326
1259671126374047744,negative,0.11506561529136326
1259671131470155777,negative,0.013593409852170495
1259671137681920001,negative,0.00013336253678756716
1259671138671755264,negative,0.003972911177132186
1259671139372142593,negative,1.5127573768354138e-07
1259671141049872384,negative,3.412724656854213e-07
1259671153888710656,negative,0.00013336253678756716
1259671158435299328,negative,0.002818418260284697
1259671158808510464,negative,0.013355949303158803
1259671163191676928,negative,0.11506561529136326
1259671165192286208,negative,0.15348135783030611
1259671165221720065,negative,0.11506561529136326
1259671167281045505,negative,1.13000259242325e-08
1259671169151762432,negative,0.0010583938348704997
1259671174113636353,negative,3.1720593613365067e-09
1259671174449168384,negative,5.15258035327973e-10
1259671176349200385,negative,0.11506561529136326
1259671184020574209,negative,1.1402908579555278e-06
1259671186440667141,negative,0.11506561529136326
1259671186662981633,negative,6.373552098890213e-13
1259671188537819138,negative,0.11506561529136326
1259671190752370695,negative,0.11506561529136326
1259671195827359744,negative,0.11506561529136326
1259671195982663684,negative,0.057568374810960374
1259671196292886528,negative,0.11506561529136326
1259671196355964928,negative,0.04091729629266495
1259671199312822273,negative,0.14480435607288075
1259671199988113408,negative,0.11506561529136326
1259671200428511232,negative,0.1200698899211209
1259671201305239553,negative,3.5199113482088047e-06
1259671203486171141,negative,0.11506561529136326
1259671203666702336,negative,0.0005779163813247914
1259671205050814466,negative,0.00013336253678756716
1259671205721800704,negative,0.00033889568349771765
1259671206116106241,negative,0.11506561529136326
1259671210096570369,negative,0.0004866125976250082
1259671211132571651,negative,5.99618168110528e-09
1259671213024124930,negative,0.003972911177132186
1259671213087100934,negative,0.11506561529136326
1259671214190219266,negative,0.00013336253678756716
1259671219256745984,negative,1.608448518034381e-05
1259671219990867969,negative,0.00013336253678756716
1259671225867124742,negative,2.0421546074235844e-08
1259671226932441090,negative,0.07412374804795388
1259671227897131009,negative,0.001050307778805327
1259671228706689024,negative,0.00027293036376522324
1259671228996030474,negative,0.11506561529136326
1259671230346661888,negative,0.00033777861048688327
1259671231164547081,negative,0.001984725552037944
1259671232523444230,positive,0.7607731021986511
1259671232867266560,negative,0.11506561529136326
1259671233978867713,negative,0.00027293036376522324
1259671234154987520,negative,0.11506561529136326
1259671235027505162,negative,0.013593409852170495
1259671236847730688,negative,0.11783572074143038
1259671239381192706,negative,0.10536922993985764
1259671240933027841,negative,0.00031612822065181804
1259671241541074944,negative,0.11506561529136326
1259671241734205441,negative,0.10309183573788816
1259671247417417728,negative,0.11506561529136326
1259671250710016000,positive,0.7512308174025634
1259671262697226241,negative,0.3115396671697526
1259671263334862849,negative,2.1998535191153048e-05
1259671263552983047,negative,0.00030518224718135306
1259671266627399683,negative,6.201999079897912e-10
1259671267994632192,negative,0.11506561529136326
1259671273564786688,neutral,0.39809333436058036
1259671276924395523,negative,0.11506561529136326
1259671284415442944,negative,8.733363265016696e-06
1259671284516093953,negative,0.11506561529136326
1259671284843073536,negative,0.11506561529136326
1259671291038248963,neutral,0.5431988554464016
1259671293177323520,negative,0.00429357812959074
1259671295618359302,negative,0.00013336253678756716
1259671296834711557,negative,0.027359738234312675
1259672676467171328,negative,1.15225739513225e-05
1259672677444435969,negative,0.11506561529136326
1259672679226978307,negative,1.7663389261871141e-06
1259672679642251268,negative,0.00013336253678756716
1259672679902298114,negative,0.11783572074143038
1259672679998726144,negative,0.0007925095020267155
1259672681433227267,negative,0.003260717544068266
1259672684084019201,negative,6.164053869787188e-08
1259672685501702144,negative,0.03686376776394923
1259672685828866049,negative,0.00195029327612955
1259672690899800064,negative,0.013355949303158803
1259672692698963968,negative,1.608448518034381e-05
1259672692816596993,negative,6.081349402891504e-08
1259672696968941568,negative,0.00015277787533975155
1259672708092170242,negative,1.15225739513225e-05
1259672710096891905,positive,0.7224360996513634
1259672714534682626,negative,0.0014506045962355706
1259672715675480072,negative,8.733363265016696e-06
1259672715885191177,negative,0.13301144902566725
1259672716006887429,negative,0.023974608348206885
1259672718552768513,negative,0.003972911177132186
1259672719869636615,negative,0.11506561529136326
1259672720637399040,negative,0.11506561529136326
1259672721971195905,negative,0.11506561529136326
1259672723418013697,negative,0.11506561529136326
1259672726295449609,negative,0.11506561529136326
1259672726534590464,negative,0.03274438219124592
1259672726576476161,negative,0.003972911177132186
1259672727335718914,negative,0.0006428257744232684
1259672729864863744,negative,0.11506561529136326
1259672735803940870,negative,0.27123790037505635
1259672738140209152,negative,0.00030518224718135306
1259672738584813568,negative,0.11506561529136326
1259672741231222784,negative,0.11506561529136326
1259672741298520069,negative,0.00027293036376522324
1259672741952643072,negative,0.00013336253678756716
1259672746444959746,negative,0.25281481309294607
1259672746675625984,neutral,0.6457423802859142
1259672748483371018,negative,0.02366148261607491
1259672748965707783,negative,3.9288136962748063e-07
1259672749045436418,negative,0.00019272942951394017
1259672750639190023,negative,0.11783572074143038
1259672750718844929,negative,0.11506561529136326
1259672751012564992,negative,1.608448518034381e-05
1259672751192838145,negative,0.11783572074143038
1259672755013902337,negative,0.11506561529136326
1259672755324293121,negative,2.568542036714229e-09
1259672757282930691,negative,0.0008149330722292424
1259672757610123264,negative,0.00013336253678756716
1259672761582182406,negative,0.16486243927534022
1259672761938718721,negative,0.11783572074143038
1259672762320388097,negative,0.11506561529136326
1259672762383302657,negative,1.15225739513225e-05
1259672763863896065,negative,0.21852536589949292
1259672766221082624,negative,0.11783572074143038
1259672766858625024,negative,0.011765651646627752
1259672768100122626,negative,0.0025779196991344852
1259672771401056256,negative,0.11506561529136326
1259672775620526081,negative,0.0018764647085153026
1259672775620530177,negative,0.11506561529136326
1259672775683387403,negative,5.684180831986779e-11
1259672776589242374,neutral,0.36979526280206465
1259672776811708418,negative,1.4522440626309076e-05
1259672776870367232,negative,0.00013336253678756716
1259672781945479168,negative,0.11506561529136326
1259672783979773952,negative,0.002052988388162785
1259672784944410624,negative,0.00013336253678756716
1259672786349498369,negative,1.4522440626309076e-05
1259672788169867264,positive,0.8387760337007547
1259672790925561856,negative,0.0019310459417189107
1259672791084924928,negative,0.11506561529136326
1259672791927963648,negative,0.00033889081569969323
1259672797468676096,negative,0.11506561529136326
1259672798387228672,negative,0.0028828546537097402
1259672801679720448,negative,1.2624722454411123e-05
1259672801969135621,negative,0.0005851262227332892
1259672803013537794,negative,0.001672437804024126
1259672805622386688,neutral,0.4233692965420847
1259672811137830914,negative,0.00013336253678756716
1259672812907909121,negative,4.1295744648703053e-10
1259672813709012997,negative,0.001374810934134187
1259672815298646016,negative,0.00013336253678756716
1259672815936118784,negative,0.00030518224718135306
1259672818733768706,negative,0.00023476509517846185
1259672819312590851,negative,0.05628323348160865
1259672820591796230,negative,0.00015542866625846652
1259672821371994113,negative,0.00013336253678756716
1259672822164717569,negative,0.00013336253678756716
1259672824630906880,negative,0.00013336253678756716
1259672827168542720,negative,0.009862579171586446
1259672832705003522,negative,0.0009922139004230992
1259672834974113792,negative,0.11506561529136326
1259672835150286851,negative,1.4522440626309076e-05
1259672837536677888,negative,0.11506561529136326
1259672843471601665,negative,0.056719006723753324
1259672846210662400,negative,0.21852536589949292
1259672847225683968,negative,0.014473880671552456
1259672850014842882,negative,0.11506561529136326
1259672854725120001,negative,0.00962883901926948
1259672856042094593,negative,0.0005851262227332892
1259672857308774405,negative,0.11506561529136326
1259672857648476171,negative,0.0019539308301282656
1259672858004946946,negative,0.11506561529136326
1259672858650910720,negative,0.04867792948353709
1259672863482818566,negative,0.0004083915393680894
1259672864653008902,negative,0.0006147287876020018
1259672867073073158,negative,0.00013336253678756716
1259672868364877827,negative,0.11506561529136326
1259672868675338240,negative,0.00013336253678756716
1259672868872470529,neutral,0.5431988554464016
1259672869346381824,negative,0.11506561529136326
1259672877521145863,negative,2.1011378292273795e-11
1259672878682984448,negative,0.11506561529136326
1259672880058716162,negative,0.220906737899507
1259672881061076994,negative,0.11506561529136326
1259672881774178304,negative,0.003972911177132186
1259672888195629058,negative,0.11506561529136326
1259672889420402688,negative,0.004625382025175629
1259672889835560960,negative,0.11506561529136326
1259672892985442309,negative,2.470544485413698e-06
1259672895917350917,negative,0.00013336253678756716
1259672900556197888,negative,0.00013336253678756716
1259672901550141440,negative,1.15225739513225e-05
1259672902263242755,negative,0.11506561529136326
1259672902900813824,negative,1.4522440626309076e-05
1259672905979478017,negative,0.11506561529136326
1259672907682324487,negative,0.11506561529136326
1259672908995100680,negative,0.11506561529136326
1259672912459694081,negative,0.11506561529136326
1259672912753233922,negative,0.11506561529136326
1259672912992382976,negative,0.039198519092703804
1259672913059479556,negative,3.769962877962819e-07
1259672913189445633,negative,0.11506561529136326
1259672915714412545,negative,1.5737246211120986e-06
1259672916981137408,negative,1.4522440626309076e-05
1259672917916430338,negative,1.198711142898212e-05
1259672918507880448,negative,1.5127573768354138e-07
1259672920575684608,negative,0.11506561529136326
1259672923176144902,negative,0.10309183573788816
1259672924769980427,negative,1.365591934170354e-05
1259672925797404672,negative,0.0003111254372548253
1259672926455988226,negative,0.0028828546537097402
1259672928196722694,negative,0.12079698831223729
1259672929148833799,negative,1.1076621684139438e-08
1259672930411253760,negative,0.003972911177132186
1259672933305327617,negative,0.0019539308301282656
1259672933594796032,negative,0.00019272942951394017
1259672933888405517,negative,0.00013336253678756716
1259672937092853765,negative,0.11506561529136326
1259672937310965760,negative,0.005856853372468153
1259672939143860224,negative,0.004539531623680716
1259672941131898882,neutral,0.5431988554464016
1259672944906768385,negative,0.015611565213434443
1259672945212841984,negative,0.11506561529136326
1259672945754021894,negative,9.398057590187734e-05
1259672946357895171,negative,0.010261210759325417
1259672948522303489,negative,8.112024128286105e-06
1259672949864517633,negative,3.753166384765631e-10
1259672952322351104,negative,6.891275192567579e-10
1259672957871423490,negative,1.4522440626309076e-05
1259672959557472258,negative,0.00013336253678756716
1259672959754678276,negative,0.011713582126734862
1259672959813324800,negative,0.0018764647085153026
1259672962032156673,negative,0.00013336253678756716
1259672962657062913,negative,0.0035039177041701454
1259672965379231747,negative,0.0004083915393680894
1259672967828701184,negative,0.00013336253678756716
1259672971171381249,negative,0.11506561529136326
1259672974283677697,negative,0.003972911177132186
1259672975076360193,negative,0.0008149330722292424
1259672976364113920,negative,1.2806855310833024e-05
1259672976443805698,negative,0.08728153544897338
1259672977580359682,negative,0.0033078494229766
1259672979014909952,neutral,0.5581758380582977
1259672979937640449,negative,0.00013336253678756716
1259672981170765824,negative,1.608448518034381e-05
1259672983548952577,negative,0.056719006723753324
1259672989781708802,negative,3.9009679185449116e-07
1259672991182524422,negative,0.11506561529136326
1259672991815946241,negative,0.00013336253678756716
1259672996488364034,negative,1.084499105341794e-05
1259672997436293122,negative,1.8852423025372268e-08
1259672999478910984,negative,0.11506561529136326
1259673000246489088,negative,9.676282643973727e-07
1259673001462767619,negative,0.004461371033342867
1259673002368815104,negative,0.00027293036376522324
1259673006470828039,negative,0.0003952370733657401
1259673007103987712,negative,0.11506561529136326
1259673013345234945,negative,0.11506561529136326
1259673014913949696,negative,0.0004083915393680894
1259673020194533379,negative,0.0435443934726106
1259673021343830017,negative,0.11506561529136326
1259673026674786304,negative,0.220906737899507
1259673028084092935,negative,8.900955564098491e-05
1259673028268564482,negative,0.00429357812959074
1259673028973248515,positive,0.9944868525015796
1259673029396672513,negative,0.11506561529136326
1259673030890074112,negative,1.15225739513225e-05
1259673031141584897,negative,0.11506561529136326
1259673032425189386,negative,3.371118662174859e-05
1259673037902761984,negative,3.578838471325446e-07
1259673042428583937,negative,1.6709918004472369e-06
1259673042613080066,negative,0.0004083915393680894
1259673042646597633,negative,1.15225739513225e-05
1259673042738974720,negative,0.00013336253678756716
1259673043145719808,negative,2.904958636741362e-10
1259673044261523459,negative,0.3115396671697526
1259673044412510210,negative,0.14751388724218095
1259673046287335426,negative,0.11506561529136326
1259673047864352776,negative,2.4276898970614073e-13
1259673049814745089,negative,0.0032539705008629003
1259673050099994629,negative,0.00013336253678756716
1259673050582339584,negative,0.11506561529136326
1259673051962245120,neutral,0.43251471183888573
1259673052608069637,negative,0.00025354312128604946
1259673059163766784,neutral,0.3885794061887472
1259673059302141953,negative,7.269783783778564e-07
1259673059767664647,negative,0.11506561529136326
1259673060199878656,negative,1.15225739513225e-05
1259673064553537537,negative,0.0020969885056542794
1259673068017983488,negative,6.571256641592089e-05
1259673069561487360,negative,0.11506561529136326
1259673069783785472,negative,0.11506561529136326
1259673072921083904,negative,0.11506561529136326
1259673073210535942,negative,0.11783572074143038
1259673077560102912,negative,0.0036810988948331367
1259673078231154690,negative,1.3616753293314079e-08
1259673078835150848,neutral,0.4469155495299723
1259673078864334848,negative,0.0151101974139469
1259673079950819328,negative,0.00011371777273948898
1259673080596701186,negative,0.11506561529136326
1259673081288757248,negative,0.0020449376890001904
1259673083612364801,negative,0.11506561529136326
1259673087420882951,negative,0.0032539705008629003
1259673089127919616,negative,0.0004083915393680894
1259673090277150720,negative,0.0011761390754755653
1259673090663108613,negative,0.0004083915393680894
1259673093091610626,negative,0.11506561529136326
1259673096660885504,negative,0.0069455885696498515
1259673098128887808,negative,0.11506561529136326
1259673099345162240,negative,0.057568374810960374
1259673101807255552,neutral,0.649996133432489
1259673102843346944,negative,3.633276534953655e-05
1259673103833104390,negative,0.09942460652234056
1259673104688783360,negative,0.11506561529136326
1259673104873390081,negative,0.00013336253678756716
1259673105015943168,negative,3.2695115142905385e-06
1259673106060369935,negative,2.8751156984367984e-09
1259673106697748480,negative,0.00016200602638131135
1259673109122162688,negative,0.0008149330722292424
1259673109751349249,negative,0.2506603168854123
1259673112003608576,negative,3.1762918579191896e-08
1259673114977488897,negative,3.232461508340902e-08
1259673119024955398,negative,0.0010583938348704997
1259673119805124610,negative,0.0004083915393680894
1259673120270663690,negative,5.285367627047778e-19
1259673120367050752,negative,0.0016639313374937931
1259673123319771136,negative,0.11506561529136326
1259673124653670402,negative,0.00013336253678756716
1259673128680198144,negative,9.058863632532931e-05
1259673130492141570,negative,0.11506561529136326
1259673131599478794,negative,0.00013226958919857973
1259673134854221830,negative,0.11506561529136326
1259673135386853382,negative,0.0018764647085153026
1259673136053784576,negative,0.0008149330722292424
1259673138687811586,negative,3.232461508340902e-08
1259673139145052161,negative,0.11506561529136326
1259673142349488131,neutral,0.36342776975058266
1259673142605295616,negative,2.7087077401119812e-08
1259673146283773952,neutral,0.5308322566382111
1259673146526969856,negative,0.011175369368598734
1259673146548006914,negative,0.0019539308301282656
1259673150931034112,negative,0.11506561529136326
1259673153980248065,negative,0.08141271256790647
1259673155603517441,negative,0.11506561529136326
1259673158313021440,negative,1.4522440626309076e-05
1259673158887620609,negative,0.11783572074143038
1259673160254812160,negative,2.0200157694294207e-05
1259673160502427649,negative,1.4522440626309076e-05
1259673161928335360,negative,0.00013336253678756716
1259673164021456897,negative,0.11506561529136326
1259673164226932738,negative,0.03035998001046313
1259673164973367301,negative,0.11506561529136326
1259673165929873409,negative,0.0004083915393680894
1259673166223376386,negative,1.2114652109794611e-05
1259673167011942406,negative,0.11506561529136326
1259673167771172864,negative,0.0030102158222308304
1259673170707169281,negative,0.0018979712076824997
1259673173181845504,negative,6.564350890695171e-13
1259673176767959040,negative,1.3066994079719388e-07
1259673180869976065,negative,0.0036810988948331367
1259673181805314048,negative,0.11506561529136326
1259673183533268993,negative,0.0002767672431394493
1259673187018833921,negative,0.11506561529136326
1259673190374223872,negative,0.0006960557078755651
1259673191213150210,negative,0.0004083915393680894
1259673192760827905,negative,2.166111263411619e-09
1259673195470258182,negative,0.02351165243353904
1259673199668797445,negative,0.0008490864035791201
1259673200008593408,negative,0.11506561529136326
1259673201942151169,negative,0.0004083915393680894
1259673204781486082,negative,0.11506561529136326
1259673206325153792,negative,0.11506561529136326
1259673206375567361,neutral,0.42233342327581064
1259673210284539910,negative,1.4522440626309076e-05
1259673211802968066,negative,7.374276796181279e-07
1259673217020633088,negative,0.04245416672927212
1259673217117061120,negative,0.03082609640990317
1259673222817202179,negative,0.11506561529136326
1259673228034953216,negative,0.0030102158222308304
1259673228919762944,neutral,0.49789225920557484
1259673230589206528,negative,0.04977640980212392
1259673234108186624,negative,0.11506561529136326
1259673238591791104,negative,0.00013336253678756716
1259673238738800640,negative,0.11506561529136326
1259673240861061120,negative,0.0004083915393680894
1259673245621661699,negative,0.11506561529136326
1259673251191697408,negative,0.0004083915393680894
1259673252735172613,neutral,0.39809333436058036
1259673254119251970,negative,0.016966262639556837
1259673257185349637,negative,0.11260008356160936
1259673257688666114,negative,0.0004083915393680894
1259673259458678785,negative,0.11506561529136326
1259673265997520896,negative,0.00021671283800114104
1259673267612332033,negative,0.003972911177132186
1259673271664021506,negative,0.001561728516296313
1259673272226066433,negative,0.11506561529136326
1259673274935439362,negative,9.194672592136913e-06
1259673276936343557,negative,0.11506561529136326
1259673278970572802,negative,0.00013336253678756716
1259673281193484289,negative,1.9669544992363585e-08
1259673284804784134,negative,0.006707621680206208
1259673286352556033,negative,0.0032750016939422184
1259673292333395968,positive,0.7224360996513634
1259673292350291973,neutral,0.4431303454881999
1259673295504453633,negative,0.31846387869528453
1259673296293040134,negative,0.00429357812959074
1259673296368533506,neutral,0.5308322566382111
1259673296779513858,negative,0.11506561529136326
1259673297844727808,negative,0.11506561529136326
1259673298717364231,negative,0.039218011792204105
1259673301212966913,negative,0.00013336253678756716
1259673301749846023,negative,8.12420251423726e-10
1259673302873837568,positive,0.9529320909228102
1259673308938805248,negative,0.11783572074143038
1259673310155210754,negative,0.027832434481533917
1259673310708760577,negative,0.005388495826506305
1259673310994083841,negative,0.11506561529136326
1259673312851980289,negative,0.11506561529136326
1259673316375367685,negative,0.004140045719592053
1259673320955482112,negative,0.0018764647085153026
1259673324382294017,negative,0.0008149330722292424
1259673326085079042,negative,0.02771046601551483
1259673327418908672,negative,0.0880543054399197
1259673330568687617,negative,0.00039781112545294277
1259673331294507018,negative,0.0880543054399197
1259673332817039360,negative,0.19924545451767137
1259673332858916864,negative,0.0004083915393680894
1259673335736217608,negative,0.0014259037310190318
1259673338135425029,negative,0.0011395402160934963
1259673340572303365,negative,0.12160529878357565
1259673340790235136,negative,1.835718037758801e-06
1259673344191811584,negative,0.0004387951116728454
1259673347203510279,negative,1.7869398896605537e-05
1259673350290337792,negative,0.00817713169342648
1259673350647021571,negative,0.005037341720831804
1259673356732751872,negative,0.001050307778805327
1259673360163725313,negative,0.00013336253678756716
1259673360285331459,negative,0.11506561529136326
1259673360751091714,negative,0.0008864347947313412
1259673361367646209,negative,5.7571528412742283e-08
1259673363154378753,negative,0.00011964671998267049
1259673363250847745,negative,0.2719183686992666
1259673364450476032,negative,0.11506561529136326
1259673364815319040,negative,0.11506561529136326
1259673365998194688,negative,1.4522440626309076e-05
1259673370792165377,negative,0.009890066145765665
1259673373849923585,negative,0.00042275552875241373
1259673374562955265,negative,0.0005818289164273474
1259673376815284225,negative,0.0002458321093343455
1259673376991449089,negative,0.003972911177132186
1259673379424124929,negative,0.00013336253678756716
1259673383173840896,negative,0.11506561529136326
1259673389473640463,negative,0.0015707768199012637
1259673390912360451,negative,0.00013336253678756716
1259673392845905920,negative,0.00027293036376522324
1259673393743499264,negative,0.11506561529136326
1259673395572076544,negative,0.11506561529136326
1259673397891653641,negative,6.101902139850638e-11
1259673402664574976,negative,0.14751388724218095
1259673403725942789,negative,0.00013336253678756716
1259673405122646023,neutral,0.5431988554464016
1259673407354023936,negative,0.11506561529136326
1259673411867066369,negative,0.00013336253678756716
1259673413846786048,negative,0.11506561529136326
1259673418066206721,negative,1.15225739513225e-05
1259673419060088832,negative,0.14751388724218095
1259673422881345537,negative,0.00013336253678756716
1259673423212666880,negative,0.11506561529136326
1259673423568973825,negative,0.023974608348206885
1259673423703355393,negative,0.11506561529136326
1259673424483561472,negative,2.7988135619110447e-06
1259673428682047488,negative,0.11506561529136326
1259673435338354691,negative,5.633377473369472e-07
1259673438182158338,negative,0.16164905641036886
1259673442510659585,negative,0.25281481309294607
1259673443106279426,negative,0.1467117825485293
1259673443311792128,negative,0.11506561529136326
1259673445627047940,negative,0.11506561529136326
1259673448005038081,negative,0.11506561529136326
1259673450890825728,negative,4.0883503552640525e-10
1259673451155030016,neutral,0.5431988554464016
1259673451784273920,negative,5.879656282831716e-06
1259673452124016645,negative,0.00013336253678756716
1259673455353626631,negative,0.001050307778805327
1259673456439963648,negative,0.11506561529136326
1259673457803046915,negative,0.11506561529136326
1259673458755145729,negative,0.0002061624990155729
1259673459640147973,negative,0.11506561529136326
1259673468276269063,negative,0.007794403240748116
1259673469484019713,negative,0.11506561529136326
1259673470818017280,negative,0.24762030165729212
1259673473795993601,negative,0.11506561529136326
1259673475364483078,negative,1.15225739513225e-05
1259673478434865154,negative,0.11506561529136326
1259673479743442944,negative,0.0005736456980861217
1259673480452354049,negative,7.746303806180433e-10
1259673482524229633,negative,0.25281481309294607
1259673482553671680,negative,4.6888091278337e-06
1259673483224719361,negative,0.11506561529136326
1259673485053493249,negative,3.1571782350234184e-05
1259673487288877056,negative,0.11506561529136326
1259673488861921280,negative,0.10264465188296673
1259673488991944706,negative,0.11506561529136326
1259673490170556416,negative,1.0320383235341512e-10
1259673490359308294,negative,3.0534486494889413e-07
1259673491596607489,negative,1.9330186467356494e-06
1259673492066152448,negative,1.15225739513225e-05
1259673494469607425,negative,0.11506561529136326
1259673498487853062,negative,0.11506561529136326
1259673501000069120,negative,0.00023395337937525283
1259673501730050048,negative,0.0010583938348704997
1259673501759352834,negative,0.14751388724218095
1259673503529345025,negative,2.4805036066690353e-06
1259673505026752513,negative,0.11506561529136326
1259673505865531393,negative,0.11506561529136326
1259673509288185857,negative,1.7889055691755238e-08
1259673510873575424,negative,0.00013336253678756716
1259673513037910018,negative,0.00013336253678756716
1259673518221991936,negative,0.003972911177132186
1259673520956727296,negative,0.11506561529136326
1259673522844192770,negative,0.00013336253678756716
1259673524224090113,negative,0.0028828546537097402
1259673528674246656,negative,0.00013336253678756716
1259673529093677057,negative,0.11506561529136326
1259673529685065728,negative,0.016966262639556837
1259673531316613121,negative,0.0018764647085153026
1259673532302266368,negative,1.15225739513225e-05
1259673533350895618,negative,0.1200698899211209
1259673536781746179,negative,0.056719006723753324
1259673537109020672,negative,0.00429357812959074
1259673537641680898,negative,9.030923326740305e-11
1259673538929266689,negative,0.0018764647085153026
1259673538933469188,positive,0.9735455986285476
1259673543106691073,negative,0.001050307778805327
1259673544599855105,negative,0.02351165243353904
1259673545434468354,negative,0.11506561529136326
1259673546885922823,negative,0.11506561529136326
1259673548450410497,negative,0.0018764647085153026
1259673548722929664,negative,0.11506561529136326
1259673549796761606,negative,0.002250774518571637
1259673550136410114,negative,0.0004083915393680894
1259673550451081216,positive,0.7512308174025634
1259673555844960256,negative,0.00013336253678756716
1259673556457099264,negative,0.11506561529136326
1259673558785155073,neutral,0.5431988554464016
1259673562631241730,negative,7.670328658865929e-07
1259673562782347265,negative,9.091141445830694e-07
1259673564812378113,negative,0.00013336253678756716
1259673565294714880,negative,0.11506561529136326
1259673565550587905,negative,0.0028549907421827575
1259673565634445313,negative,0.00013336253678756716
1259673566255120389,negative,0.11506561529136326
1259673567312125957,negative,0.00013336253678756716
1259673568633401349,neutral,0.39809333436058036
1259673572190105601,negative,0.11506561529136326
1259673572634759168,negative,0.00013336253678756716
1259673578137583616,negative,1.0624565921155559e-15
1259673578917769219,negative,0.07412374804795388
1259673579580424193,negative,0.0028828546537097402
1259673584395595777,negative,0.035735701687952585
1259673584517222401,negative,0.11506561529136326
1259673586207424514,neutral,0.5431988554464016
1259673589177094146,neutral,0.5431988554464016
1259673595875340290,negative,2.549765239927746e-15
1259673595934052352,negative,1.15225739513225e-05
1259673598249271296,negative,0.11783572074143038
1259673599503450115,negative,0.001050307778805327
1259673600392605696,negative,0.11506561529136326
1259673603584466945,negative,0.11506561529136326
1259673603756494848,negative,0.11506561529136326
1259673605933281280,negative,0.00013336253678756716
1259673610442231808,negative,0.0010583938348704997
1259673610563829762,negative,0.002049855912629134
1259673610618355717,negative,0.0004083915393680894
1259673613705363456,negative,0.0004083915393680894
1259673615261409281,negative,0.0018764647085153026
1259673617501171713,negative,0.0015707768199012637
1259673618277117953,negative,0.002860236437049215
1259673618306535424,negative,0.00030276187735396413
1259673619900350466,negative,0.0004083915393680894
1259673621242548224,negative,5.022116552332877e-16
1259673630058954752,negative,0.016966262639556837
1259673630176395265,negative,0.11506561529136326
1259673630222450694,negative,0.00027293036376522324
1259673632512577536,negative,7.269783783778564e-07
1259673636782342148,negative,1.2617568198707194e-07
1259673638237876236,negative,0.0021303670058436504
1259673638640508930,negative,0.13301144902566725
1259673638867021825,negative,0.00013336253678756716
1259673639403782144,negative,0.11506561529136326
1259673639483514881,negative,0.00497290425226994
1259673639508758533,negative,7.118457429243373e-05
1259673639781306373,negative,0.00027293036376522324
1259673642776113156,negative,0.016966262639556837
1259673643472375815,negative,0.011175369368598734
1259673647872184324,negative,2.9558428769833105e-05
1259673648912310275,negative,0.01118357573672222
1259673653693816832,negative,0.013355949303158803
1259673655505752064,negative,0.00013336253678756716
1259673657036738561,negative,8.649801579305386e-06
1259673658827694080,negative,0.00013336253678756716
1259673664926203907,negative,0.0027640759009588027
1259673668596011008,negative,0.11506561529136326
1259673671788122124,negative,0.011266743515690875
1259673680969265153,negative,0.11506561529136326
1259673682844082177,negative,0.04465921192341441
1259673682961727488,negative,0.02351165243353904
1259673686078038020,negative,0.11783572074143038
1259673690696028160,negative,0.3115396671697526
1259673692973469697,negative,0.11506561529136326
1259673695133540353,negative,3.2845764645693756e-06
1259673696052142080,negative,0.0073615314586570335
1259673698174414848,negative,1.3406902272958382e-05
1259673699952717824,negative,0.11506561529136326
1259673705275416577,negative,0.002582079499210615
1259673709876568066,negative,0.07835570523960943
1259673717082329088,negative,0.0039052813034600466
1259673718349008907,negative,9.091141445830694e-07
1259673720353886209,negative,0.28876622074859937
1259673727102566400,negative,0.29997159712444044
1259673731242344449,negative,0.001050307778805327
1259673732416749574,negative,0.0030102158222308304
1259673733733576704,negative,0.11506561529136326
1259673734031396864,negative,0.1910502987869891
1259673735688335367,neutral,0.5349951063072191
1259673736128729089,negative,0.02351165243353904
1259673739467395072,negative,0.1290466782667706
1259673745788149760,negative,2.4462369189368725e-10
1259673747268698112,negative,1.15225739513225e-05
1259673752524206080,negative,0.0013900981641989268
1259673753354723329,negative,1.7869398896605537e-05
1259673754336137216,positive,0.7607731021986511
1259673754738851841,negative,6.618374994883145e-06
1259673758002032640,negative,4.782441168202738e-08
1259673759620923392,negative,0.013593409852170495
1259673759667171330,negative,1.15225739513225e-05
1259673761730740225,negative,0.11506561529136326
1259673762867433477,negative,0.00030518224718135306
1259673765811757057,negative,0.13888206516823132
1259673766046642176,negative,0.11506561529136326
1259673768236023818,negative,0.0008149330722292424
1259673772526833664,negative,1.4431916851743702e-06
1259673773327998977,negative,1.15225739513225e-05
1259673774733099010,negative,0.16164905641036886
1259673782366732293,negative,0.00037718196630781277
1259673782836498432,negative,0.00013336253678756716
1259673783952179200,negative,8.070836250673272e-08
1259673784337891333,negative,0.11506561529136326
1259673785042640896,negative,0.036784986855931776
1259673786019872769,negative,0.00013336253678756716
1259673793871646723,negative,0.0024191187549530637
1259673795536789504,negative,0.0004083915393680894
1259673796728020992,negative,0.00038196485701543387
1259673800972603392,negative,0.00013336253678756716
1259673803849859079,negative,0.11506561529136326
1259673806211350532,negative,5.644581861814799e-06
1259673816889987078,negative,0.00042275552875241373
1259673817460416515,negative,5.5283696946153125e-06
1259673817527525377,negative,0.0004083915393680894
1259673817930248203,negative,0.04657788254160646
1259673818701979650,negative,0.11506561529136326
1259673819305959425,negative,0.31394261272683177
1259673820736208896,negative,8.792408893089487e-06
1259673822090989569,negative,0.0004083915393680894
1259673826067197953,negative,2.237154747960371e-05
1259673830680719360,negative,0.11506561529136326
1259673836322054150,negative,0.11506561529136326
1259673837173604357,negative,0.25281481309294607
1259673842798206976,negative,8.112024128286105e-06
1259673846162079745,negative,0.0004083915393680894
1259673848942931968,negative,0.003972911177132186
1259673849202950147,negative,0.023974608348206885
1259673849953685505,negative,0.0006428257744232684
1259673853829230592,positive,0.8763694176228767
1259673854974124033,negative,0.0001776124859357989
1259673855913865222,negative,2.3215947044796582e-05
1259673857344094208,negative,0.0010486462052062126
1259673859747270658,negative,0.11506561529136326
1259673862314307585,negative,0.00027293036376522324
1259673863652343810,negative,5.009981387388236e-10
1259673863761399810,negative,0.0013125925266580143
1259673864059183104,negative,0.20427070279218768
1259673864159846408,negative,1.5127573768354138e-07
1259673865099206656,negative,0.11506561529136326
1259673865485201409,negative,0.00027293036376522324
1259673870933647360,negative,0.06433454950143148
1259673886410457088,neutral,0.515195001009215
1259673887450660864,negative,0.11506561529136326
1259673890718134272,negative,0.11783572074143038
1259673894073495553,negative,0.11506561529136326
1259673898314010625,negative,0.11506561529136326
1259673900520071168,negative,0.11506561529136326
1259673901040271360,negative,0.00013336253678756716
1259673901833031680,negative,0.25281481309294607
1259673903070425093,negative,0.016966262639556837
1259673906199302144,positive,0.887983387249041
1259673909869199360,negative,0.11506561529136326
1259673910481686534,negative,0.00013336253678756716
1259673911597445121,negative,0.0009283443091815554
1259673914067881986,negative,0.00013336253678756716
1259673914654863360,negative,0.11506561529136326
1259673917687463936,negative,0.001050307778805327
1259673918933262337,negative,4.872671728084364e-06
1259673924029288448,negative,0.012089075084281947
1259673931230871553,negative,0.0074419614443905595
1259673947143942144,negative,0.0004083915393680894
1259673947349581824,negative,2.057186097150816e-09
1259673950046621696,negative,0.00013336253678756716
1259673951376158720,negative,9.733087043222375e-11
1259673955209752576,negative,0.21852536589949292
1259673955641647104,neutral,0.515195001009215
1259673956715544576,negative,0.001050307778805327
1259673957181149186,negative,0.11506561529136326
1259673958191857664,negative,5.987905574978417e-05
1259673961069260803,negative,0.0004083915393680894
1259673962105188352,negative,0.00022943452383589723
1259673962340061186,negative,0.10309183573788816
1259673963573231616,negative,2.3670756913913625e-11
1259673964785422336,negative,0.023974608348206885
1259673966588956673,negative,0.00013336253678756716
1259673966681165824,negative,7.269783783778564e-07
1259673966974775297,negative,0.008280436281380123
1259673971986923523,negative,0.0030102158222308304
1259673974352592899,negative,0.00013336253678756716
1259673979003924481,negative,0.01118357573672222
1259673979641618434,negative,2.8954812053719906e-10
1259673980891521026,negative,0.11783572074143038
1259673980899819520,positive,0.8999620613404582
1259673988319625223,negative,0.11506561529136326
1259673990332928006,negative,0.0027213395930464376
1259673993851867136,negative,1.322966994881787e-05
1259673996091678722,negative,0.11783572074143038
1259673996112678913,negative,0.0028828546537097402
1259673996653715463,negative,0.00013336253678756716
1259673998578847745,negative,0.02771046601551483
1259674002626412544,negative,6.495708464372997e-06
1259674004308267008,negative,0.024532628281370858
1259674004832628738,negative,0.0028828546537097402
1259674008582156295,negative,1.608448518034381e-05
1259674008657825792,negative,0.00013336253678756716
1259674010603999234,negative,0.11506561529136326
1259674011568672770,negative,0.06811803229304533
1259674014735372288,negative,0.31904962994125735
1259674018380156929,negative,8.740478205338928e-05
1259674018459914241,negative,0.00013336253678756716
1259674021626601472,negative,9.197951244407612e-10
1259674021710434311,negative,4.905947676033407e-05
1259674025393033219,negative,1.15225739513225e-05
1259674028228456449,negative,0.11506561529136326
1259674030820462594,negative,0.11506561529136326
1259674036734439425,negative,0.11506561529136326
1259674038005370880,negative,0.002262200864190684
1259674039477559297,negative,0.00019184608072075933
1259674039766986754,negative,0.02351165243353904
1259674041641730049,negative,7.464553853954022e-07
1259674043612987392,negative,0.11506561529136326
1259674044003233794,negative,0.0001138731542073616
1259674044623962112,positive,0.9939340407898457
1259674047719374849,negative,0.11506561529136326
1259674049145270273,negative,0.11506561529136326
1259674049178992645,negative,0.00042275552875241373
1259674049418059778,negative,0.001110316302540339
1259674049963266049,negative,0.25281481309294607
1259674053998186502,negative,0.08297699137555276
1259674054186983425,negative,0.013355949303158803
1259674054342184961,negative,0.008280436281380123
1259674056019894272,negative,0.0009092351810986581
1259674057877962755,negative,0.0008515380659589274
1259674061342466050,negative,0.11506561529136326
1259674062734966784,negative,1.4522440626309076e-05
1259674068254707719,negative,1.5508534766266104e-10
1259674071509467136,negative,9.824160795631291e-05
1259674075473084417,neutral,0.5431988554464016
1259674076500692992,negative,0.11506561529136326
1259674076735569925,negative,0.004513469012954812
1259674083895250944,negative,0.011557070722254216
1259674089129750531,negative,0.11506561529136326
1259674089595297793,negative,1.2251364476888493e-07
1259674090375467008,negative,0.008280436281380123
1259674090706808834,negative,0.016966262639556837
1259674092451618818,negative,0.11506561529136326
1259674093265264643,negative,0.06583458062383783
1259674095286919170,negative,9.86966898591893e-06
1259674100152373250,negative,0.0019310459417189107
1259674102832467968,negative,0.00013336253678756716
1259674103574921217,negative,0.00015679998039407774
1259674103885242368,negative,0.11506561529136326
1259674108989706246,negative,1.833018179165502e-08
1259674109132386304,negative,0.00013336253678756716
1259674110164074502,negative,0.00013336253678756716
1259674111518924801,negative,2.9558428769833105e-05
1259674116585652225,negative,0.11506561529136326
1259674118808653825,negative,2.9354788600670354e-05
1259674121010585605,negative,0.01409368015254744
1259674121916633089,negative,0.00013336253678756716
1259674125569851393,negative,0.00012676246075115247
1259674131748065280,negative,0.3115396671697526
1259674133312540672,negative,0.2978096072516724
1259674133991788544,negative,0.14480435607288075
1259674136609263616,positive,0.7512308174025634
1259674137250824193,negative,0.0011072125498392492
1259674143529844744,negative,0.11506561529136326
1259674147858374657,negative,8.030910158978256e-12
1259674149506748422,negative,0.00013336253678756716
1259674151574548481,negative,0.11506561529136326
1259674158776168455,negative,0.2594165449160715
1259674162693537792,negative,7.274214538533166e-12
1259674164182597633,negative,0.11506561529136326
1259674169010270208,negative,2.120224827914482e-08
1259674169253531657,negative,0.00013336253678756716
1259674169291177987,negative,0.00013336253678756716
1259674171220668416,negative,0.001050307778805327
1259674171958865924,negative,0.11506561529136326
1259674173674323969,negative,0.18973635551895118
1259674177977700352,neutral,0.5431988554464016
1259674178338336768,negative,0.0004083915393680894
1259674178724167682,negative,0.0004083915393680894
1259674179181391872,negative,0.11506561529136326
1259674180519411712,negative,3.328337088019688e-05
1259674191890132992,negative,0.00013336253678756716
1259674197942513670,negative,1.15225739513225e-05
1259674198341029889,negative,0.18073119752944072
1259674198563336193,negative,0.11506561529136326
1259674199116914692,negative,0.11506561529136326
1259674199683215361,negative,0.0008637834186907704
1259674200719187971,negative,0.0880543054399197
1259674200899493888,negative,0.00030518224718135306
1259674201520254977,negative,0.006046771652931011
1259674204305268736,negative,0.11506561529136326
1259674205941125126,negative,0.0018764647085153026
1259674211158802434,negative,0.0008637834186907704
1259674214115704832,positive,0.9972411265678145
1259674214304493568,negative,0.0004083915393680894
1259674215067774977,negative,0.17553271660974792
1259674216766423040,negative,0.11506561529136326
1259674218200997889,negative,0.11506561529136326
1259674219161489408,negative,0.013593409852170495
1259674219933249536,negative,0.0036810988948331367
1259674221309046786,negative,0.11783572074143038
1259674224802893827,negative,0.0011315427434874605
1259674224945442821,negative,0.11506561529136326
1259674226799316994,negative,0.10309183573788816
1259674229873704960,negative,0.006773061320691409
1259674234156171272,negative,6.311200988501131e-05
1259674235972259846,negative,0.00013336253678756716
1259674236307886080,negative,0.010261210759325417
1259674237834493952,negative,0.11506561529136326
1259674238132400129,negative,0.0356505768826203
1259674239847858185,negative,0.028386424110937235
1259674241106014208,negative,0.11506561529136326
1259674241781432320,negative,0.14751388724218095
1259674242414710786,negative,0.11506561529136326
1259674242448326658,negative,0.11506561529136326
1259674244927172609,negative,0.2135140083070197
1259674246848090112,negative,0.20783279207326955
1259674250279030787,negative,0.00013336253678756716
1259674251197644800,negative,6.64318511744625e-07
1259674253982605315,neutral,0.5052427376480746
1259674254934769665,negative,0.11506561529136326
1259674256117510149,positive,0.8763694176228767
1259674256503451649,negative,0.0635072021621786
1259674256620883971,positive,0.9206099134415294
1259674257082273797,negative,0.008280436281380123
1259674258457989121,negative,0.0019310459417189107
1259674259141656577,negative,0.1200698899211209
1259674259313606663,negative,8.553196628599271e-06
1259674260324433920,negative,0.00013336253678756716
1259674267932909573,negative,0.00013336253678756716
1259674270113955840,negative,0.033689192201898845
1259674271988748290,negative,0.005692393478877242
1259674275142918146,positive,0.8607687542665463
1259674275369422859,negative,1.377197791681922e-07
1259674275423948804,negative,0.0003660766976008414
1259674276753530882,negative,0.00016529077372317435
1259674277139361792,negative,0.0080090307560008
1259674278812762114,negative,1.4522440626309076e-05
1259674278942986241,negative,0.11506561529136326
1259674282705195010,negative,0.11506561529136326
1259674282755588097,negative,1.3440512263410598e-08
1259674285909643265,negative,1.377122762934579e-11
1259674291156680708,negative,0.00013336253678756716
1259674292645748739,negative,1.9251921973307572e-06
1259674294281474048,negative,0.11783572074143038
1259674294944256000,negative,0.02637677192327588
1259674296030543879,positive,0.7512308174025634
1259674296613507072,positive,0.9911096223872884
1259674306008813568,negative,0.11506561529136326
1259674309364264960,negative,0.0051311293773914565
1259674310186328064,neutral,0.5431988554464016
1259674310270058496,negative,0.11506561529136326
1259674311209648134,negative,0.008280436281380123
1259674312547631106,negative,0.11506561529136326
1259674324086202369,negative,0.0013649462886876952
1259674324564246530,negative,0.11506561529136326
1259674330104881153,negative,0.11506561529136326
1259674333145858049,negative,0.00013336253678756716
1259674334827892736,negative,8.722257244581714e-06
1259674336581083136,negative,0.0005105709419509186
1259674337990381569,negative,8.722257244581714e-06
1259674341618352130,negative,0.11506561529136326
1259674342012653568,negative,0.039198519092703804
1259674343141003267,negative,0.11783572074143038
1259674343795298304,negative,0.0005154565002936076
1259674345649012736,negative,0.00013336253678756716
1259674346269954048,negative,0.00013336253678756716
1259674346781585410,negative,0.11506561529136326
1259674351508611072,negative,1.4407858852337245e-05
1259674352884371461,negative,0.28079888360961197
1259674353127612417,negative,0.10182831146473131
1259674354566168576,negative,0.3115396671697526
1259674356722122752,negative,0.003972911177132186
1259674358873763847,neutral,0.36979526280206465
1259674359280668673,negative,0.0037761653127149166
1259674359679123461,negative,0.028281380458554838
1259674360513794050,negative,0.0004083915393680894
1259674363982479362,negative,0.0008548847374351005
1259674364431282176,negative,0.028386424110937235
1259674368227098624,negative,0.00429357812959074
1259674369367969797,negative,1.7078837539772733e-07
1259674369883811841,negative,0.03354342356257119
1259674371456741377,negative,1.2886759579643787e-07
1259674373058973698,negative,0.11783572074143038
1259674374086500354,negative,0.016994107387012056
1259674375453847554,negative,0.11506561529136326
1259674377638932480,negative,8.733363265016696e-06
1259674381019754499,negative,1.4522440626309076e-05
1259674381363675137,negative,5.369062055930123e-14
1259674383548854273,negative,0.10309183573788816
1259674387877371907,negative,0.00027293036376522324
1259674389949435905,negative,1.2341116735729679e-06
1259674390087647234,negative,0.001050307778805327
1259674394634399746,negative,1.2341116735729679e-06
1259674396228231174,positive,0.9735455986285476
1259674396484161536,negative,0.0004566370578179404
1259674396760977408,negative,0.11506561529136326
1259674399453728768,negative,0.11506561529136326
1259674401378836481,negative,0.0003802054494434635
1259674408399982592,negative,0.0009226494683459457
1259674414918008838,negative,0.0004083915393680894
1259674415161360384,negative,0.11506561529136326
1259674418642661378,negative,0.11506561529136326
1259674418659418113,neutral,0.49789225920557484
1259674420571803648,positive,0.9151804272836309
1259674421335375872,negative,0.008280436281380123
1259674422014771205,negative,0.3115396671697526
1259674422555881474,negative,0.29997159712444044
1259674423013113857,negative,1.15225739513225e-05
1259674429111578629,negative,0.11506561529136326
1259674431758229506,negative,1.9649118058923318e-07
1259674433259737089,negative,1.1866348886476232e-05
1259674434488733696,negative,0.11783572074143038
1259674437772697601,negative,0.11506561529136326
1259674438527668224,negative,0.11506561529136326
1259674438871576576,negative,0.11506561529136326
1259674442818519041,negative,0.0045410038539093495
1259674447499444229,negative,0.00027293036376522324
1259674451702173703,negative,0.0019310459417189107
1259674451769253895,negative,0.0012242661355344091
1259674451798626304,negative,5.183474772328767e-07
1259674452574568448,negative,1.15225739513225e-05
1259674453287383040,negative,0.11506561529136326
1259674454465998848,negative,0.01118357573672222
1259674455275646976,negative,0.005733323795186357
1259674458589184005,negative,0.033407442512684155
1259674459918741508,negative,0.013593409852170495
1259674462351503362,negative,0.00013336253678756716
1259674462955474945,negative,0.00025813301692965366
1259674463647551489,negative,0.001050307778805327
1259674464284893191,negative,1.15225739513225e-05
1259674464486256640,negative,8.722257244581714e-06
1259674465534906368,negative,0.0010407437249906424
1259674468743557120,negative,0.11506561529136326
1259674468907200514,negative,0.00429357812959074
1259674469498359808,negative,0.00035614703872428535
1259674469674684416,negative,3.9321304158725074e-05
1259674471679614977,negative,0.10309183573788816
1259674476159086598,negative,0.00035614703872428535
1259674479795539971,negative,3.9009679185449116e-07
1259674481083154433,negative,0.11506561529136326
1259674481150263296,negative,0.00013336253678756716
1259674487508828163,positive,0.8763694176228767
1259674487882219527,negative,0.00013336253678756716
1259674488838422529,negative,0.25281481309294607
1259674488913920002,negative,0.1467117825485293
1259674492483383296,negative,2.4805036066690353e-06
1259674492609146881,negative,0.00013336253678756716
1259674497734541313,negative,0.11506561529136326
1259674501073248256,negative,0.003972911177132186
1259674509562568704,negative,0.11506561529136326
1259674511877824517,negative,0.0004083915393680894
1259674515967262720,negative,0.11783572074143038
1259674517393362944,negative,6.40729021396561e-05
1259674525660254213,negative,0.0880543054399197
1259674528449466368,negative,0.00013336253678756716
1259674540323422209,positive,0.6726517531979527
1259674542575947776,neutral,0.5431988554464016
1259674548267618305,negative,0.10309183573788816
1259674549735620609,negative,3.9288136962748063e-07
1259674550171820034,negative,0.15665555228183567
1259674551786577922,negative,0.0004566370578179404
1259674562654019584,negative,0.0004083915393680894
1259674567683067910,negative,5.38154830444447e-10
1259674574788141056,negative,0.0016535856253990376
1259674576226787328,negative,6.495708464372997e-06
1259674580211335170,negative,0.11506561529136326
1259674583088627714,negative,0.19968314063835524
1259674583445184517,negative,0.11506561529136326
1259674585429049348,negative,0.00013336253678756716
1259674585974353923,negative,0.00013336253678756716
1259674588314841093,negative,0.0006428257744232684
1259674589170487297,negative,0.0010407437249906424
1259674590315495426,negative,1.5127573768354138e-07
1259674591770955782,negative,3.7234066469335175e-08
1259674597101887494,negative,2.2427063074775192e-09
1259674600058679296,negative,0.16164905641036886
1259674603712102402,negative,0.00025813301692965366
1259674604567748608,negative,0.11506561529136326
1259674606237102080,negative,0.3249092193879547
1259674606790758402,negative,4.0886320263982713e-07
1259674606794833922,negative,0.0002586327684239613
1259674606836740097,negative,0.001050307778805327
1259674607327436802,negative,2.054101563445395e-10
1259674609085005825,negative,0.08891393706657545
1259674614084644865,negative,7.251505033931704e-07
1259674614264991746,negative,2.4805036066690353e-06
1259674614944366592,negative,8.112024128286105e-06
1259674618589114368,negative,0.016132898560637716
1259674625044332549,negative,2.8992546752499505e-08
1259674625195343880,negative,0.00010043303310778816
1259674626050965504,negative,0.11506561529136326
1259674629486063618,negative,1.581283943132083e-05
1259674630408867840,negative,3.2805350471722554e-05
1259674635819520001,negative,0.11506561529136326
1259674638612926464,negative,0.11506561529136326
1259674639145611265,negative,0.11506561529136326
1259674639632142337,negative,0.11506561529136326
1259674639913168897,negative,0.11506561529136326
1259674641771180034,negative,1.15225739513225e-05
1259674644099010562,negative,2.4805036066690353e-06
1259674645000785920,negative,0.006591437724352834
1259674648918265858,negative,0.3115396671697526
1259674650390540288,positive,0.9206099134415294
1259674652110204929,negative,0.001537409635800874
1259674655708897281,negative,0.11506561529136326
1259674670493769732,negative,3.9288136962748063e-07
1259674672108638209,negative,0.11506561529136326
1259674672721006592,negative,0.002860236437049215
1259674672821686273,neutral,0.5308322566382111
1259674676416184322,negative,0.11506561529136326
1259674681713590277,negative,8.553196628599271e-06
1259674681935790085,negative,0.11506561529136326
1259674685199048704,negative,9.534861438822465e-07
1259674685215776771,negative,0.00013336253678756716
1259674689238192128,negative,0.00013336253678756716
1259674690114682880,negative,0.11506561529136326
1259674690844602374,negative,2.593227211730887e-07
1259674692450955265,negative,5.644581861814799e-06
1259674693554012161,negative,0.11506561529136326
1259674697974898695,negative,0.013298901587712924
1259674698259918848,negative,0.11506561529136326
1259674703993733121,negative,0.11506561529136326
1259674708762603525,negative,0.00013336253678756716
1259674710796832779,negative,0.11506561529136326
1259674710960455685,negative,2.0220012543713977e-06
1259674711803539457,negative,0.00013336253678756716
1259674712814292992,negative,0.0008490864035791201
1259674715813273600,negative,1.666255199424874e-05
1259674716421459968,negative,0.11506561529136326
1259674720607272967,negative,0.31875308904915556
1259674723337809920,negative,0.0039052813034600466
1259674724130598917,negative,0.11506561529136326
1259674726055718912,negative,9.919900297846174e-10
1259674726063992832,negative,0.14480435607288075
1259674726185795585,negative,0.00013336253678756716
1259674727368609794,negative,0.11506561529136326
1259674731789332482,negative,0.00013336253678756716
1259674733077049347,negative,9.914396654066702e-10
1259674733077057536,negative,0.03279337547364873
1259674733894828033,negative,0.11506561529136326
1259674735270481920,neutral,0.3427590654417013
1259674735346147328,negative,0.00013336253678756716
1259674736109461505,negative,4.202099701658084e-16
1259674736621170690,negative,2.3448519369770803e-13
1259674740471533571,negative,0.00034805677175873024
1259674740936986624,negative,0.11506561529136326
1259674742350663680,negative,0.11506561529136326
1259674742577147904,negative,0.036140246640584864
1259674752970567680,negative,0.00013336253678756716
1259674753251586048,negative,3.0041248196505923e-08
1259674755998892032,negative,1.5016708133460465e-06
1259674757286572037,negative,0.0003488049107528297
1259674759803080711,neutral,0.48068219875285273
1259674762135175173,negative,0.11783572074143038
1259674767495438336,negative,0.0880543054399197
1259674768183300096,negative,0.11506561529136326
1259674776102154253,positive,0.8763694176228767
1259674778509721600,neutral,0.41356601194846004
1259674779675701249,negative,0.0005618366183059802
1259674780489469954,negative,0.3115396671697526
1259674781013741568,negative,8.112024128286105e-06
1259674781093412866,neutral,0.5431988554464016
1259674781634514945,negative,2.3847943829257532e-08
1259674787422535681,negative,0.11506561529136326
1259674790690017282,negative,0.11506561529136326
1259674790924824581,negative,0.004321699071926543
1259674794544562178,negative,0.0011072125498392492
1259674798034227202,negative,0.0008149330722292424
1259674803436388354,negative,0.001959671948609859
1259674804426137601,negative,0.11506561529136326
1259674806544261121,negative,0.11506561529136326
1259674806737416197,neutral,0.39809333436058036
1259674807442046977,negative,0.0028828546537097402
1259674807693725704,negative,1.3661476129592238e-11
1259674810008952833,negative,7.1031916529370546e-06
1259674810294194178,negative,0.001050307778805327
1259674811728527361,negative,0.00013336253678756716
1259674811846078466,negative,3.9009679185449116e-07
1259674812449947648,negative,0.00429357812959074
1259674813301501952,positive,0.8763694176228767
1259674817713762305,negative,0.03686376776394923
1259674823288147968,negative,0.0011609718482010068
1259674823732670471,negative,4.509203209956571e-05
1259674824357621760,negative,3.711152911605434e-12
1259674833282973697,negative,0.11506561529136326
1259674833333424128,negative,0.11506561529136326
1259674835304640517,negative,0.11506561529136326
1259674836244332546,negative,0.21852536589949292
1259674837477396480,negative,0.11506561529136326
1259674840161759234,negative,4.2727367332447925e-09
1259674841621450754,negative,4.539220667072096e-11
1259674841659199496,negative,0.0004883575226582958
1259674841830969344,negative,0.001050307778805327
1259674842103758848,negative,5.396887378531217e-06
1259674844268048385,negative,0.11506561529136326
1259674845748629509,negative,0.06811803229304533
1259674847527030784,negative,0.00010965935616384846
1259674847539613696,positive,0.8676932684469527
1259674847589867520,negative,0.004625382025175629
1259674848294580230,negative,0.07504677009737819
1259674850785988608,negative,0.009021463490216564
1259674850798505985,negative,1.15225739513225e-05
1259674850802753537,negative,1.4522440626309076e-05
1259674854472716289,negative,8.245364480554414e-15
1259674856343420934,negative,2.5432623969405245e-10
1259674859191390214,negative,0.11506561529136326
1259674859208085508,neutral,0.3996580091506196
1259674859979845632,negative,3.9288136962748063e-07
1259674861682790405,negative,0.007177894359460402
1259674862039285760,negative,0.04867792948353709
1259674867412217857,negative,0.11506561529136326
1259674867881959425,negative,0.00010102473684671216
1259674868645335050,negative,0.08167557300742133
1259674869555499009,negative,0.11506561529136326
1259674871061241863,negative,0.11506561529136326
1259674871350657025,negative,0.00025813301692965366
1259674871518449669,negative,1.2845426299653917e-10
1259674873938542600,negative,0.004796002702888914
1259674875783974914,negative,0.11506561529136326
1259674878644551682,negative,0.027001752610821696
1259674880015990786,negative,2.9558428769833105e-05
1259674884675862529,negative,0.00011964671998267049
1259674886085148679,negative,0.0004083915393680894
1259674888937320449,negative,0.11506561529136326
1259674894322761728,negative,0.11506561529136326
1259674895820169218,negative,6.383100150543972e-07
1259674898974244867,negative,0.11506561529136326
1259674899288862720,negative,0.00013336253678756716
1259674901532663808,negative,0.11506561529136326
1259674903093149699,negative,0.001050307778805327
1259674903214686211,negative,0.027087670008637543
1259674906574368770,negative,0.06811803229304533
1259674906930950154,negative,0.11506561529136326
1259674907983728640,negative,0.11506561529136326
1259674909376163842,negative,1.6084031416794487e-08
1259674909732737026,negative,0.00789837628290675
1259674912106721280,negative,1.225857375667658e-06
1259674913314668545,negative,0.00013336253678756716
1259674914396803073,negative,0.00013336253678756716
1259674921162076161,negative,0.11506561529136326
1259674924530249731,negative,0.10309183573788816
1259674926363049984,negative,0.00013336253678756716
1259674927583674369,negative,3.935588976010803e-06
1259674927923412995,neutral,0.39809333436058036
1259674929105997824,negative,0.11506561529136326
1259674932503556098,neutral,0.5626796139900065
1259674935758409728,negative,0.03279337547364873
1259674938383962112,negative,0.007669469256320363
1259674947930259461,negative,0.013593409852170495
1259674949276614657,negative,3.841487003363131e-06
1259674951143096322,negative,0.11506561529136326
1259674951570898944,negative,1.15225739513225e-05
1259674954297077760,negative,0.00013336253678756716
1259674959074467841,negative,4.696788977135434e-06
1259674959078739970,negative,0.11506561529136326
1259674962803208192,negative,0.0004083915393680894
1259674967286874114,negative,0.00013336253678756716
1259674969799344128,negative,8.962043591167255e-07
1259674970231357446,negative,0.11506561529136326
1259674970235559936,negative,0.019571001072895885
1259674970822713344,negative,0.04271755076703165
1259674971879673857,negative,0.004515427628936672
1259674973171572736,negative,2.9558428769833105e-05
1259674973544894470,negative,0.0004083915393680894
1259674977088999430,negative,4.696788977135434e-06
1259674977764343808,negative,0.0004083915393680894
1259674978124996615,negative,0.11506561529136326
1259674979718889477,negative,0.0016513604576019027
1259674980213641216,negative,0.11506561529136326
1259674982294130693,negative,0.11506561529136326
1259674982998781952,negative,0.003771734546972573
1259674984391172096,negative,0.001050307778805327
1259674992201138176,negative,0.00013336253678756716
1259674993954340873,negative,0.008166523033135514
1259674995506188289,negative,0.14480435607288075
1259674997192359939,negative,0.11506561529136326
1259675004784054272,negative,0.09267589264027598
1259675005727768576,negative,4.696788977135434e-06
1259675008244297729,negative,0.00025813301692965366
1259675013948551168,negative,0.03686376776394923
1259675014728728576,negative,0.11506561529136326
1259675018780389378,negative,5.167620063196313e-06
1259675020420399105,negative,0.20427070279218768
1259675021041172481,negative,0.00013336253678756716
1259675023121485824,negative,0.11506561529136326
1259675027278086144,negative,0.02771046601551483
1259675028557307904,negative,2.2740447900816734e-07
1259675029501104128,negative,2.281457265859517e-06
1259675044139151368,negative,0.0026513191449111426
1259675044646735873,negative,0.11506561529136326
1259675047767269382,negative,0.11506561529136326
1259675050942357504,negative,1.6638738242675235e-05
1259675051454054401,negative,0.11506561529136326
1259675052594933766,negative,4.243262692223163e-05
1259675052951441409,negative,0.15665555228183567
1259675054662656005,negative,1.867494449795392e-09
1259675056277463043,negative,3.9288136962748063e-07
1259675056633868289,negative,1.608448518034381e-05
1259675059737767937,negative,1.2461499801630215e-08
1259675062111698949,negative,0.25281481309294607
1259675065571880960,negative,1.2806855310833024e-05
1259675066322882562,negative,0.005272474311696478
1259675067585355780,negative,0.11506561529136326
1259675074073952257,negative,0.03935379481160931
1259675076737282048,negative,1.3213962703587025e-09
1259675077219692545,negative,0.11783572074143038
1259675089492160517,negative,0.11506561529136326
1259675096869978114,negative,4.971353727979959e-06
1259675098946076673,negative,1.15225739513225e-05
1259675099541585922,negative,0.11506561529136326
1259675101957689350,negative,4.87052830752981e-06
1259675102507139073,negative,7.590241084164051e-05
1259675105493483521,negative,1.15225739513225e-05
1259675106038689792,negative,0.11506561529136326
1259675107376521216,negative,0.11506561529136326
1259675107951345675,negative,0.0004083915393680894
1259675109381545987,negative,2.1933362071681555e-06
1259675109398401026,negative,0.11506561529136326
1259675117019332608,neutral,0.5431988554464016
1259675118726459393,negative,1.15225739513225e-05
1259676619322646530,negative,1.9513983656005438e-06
1259676619448487936,negative,0.00013336253678756716
1259676620522217476,negative,0.00013336253678756716
1259676627296018433,negative,0.11506561529136326
1259676631695843335,negative,3.9288136962748063e-07
1259676633776164870,negative,0.3115396671697526
1259676635655221248,negative,0.0018764647085153026
1259676635659468801,negative,0.11506561529136326
1259676640407195649,negative,0.11506561529136326
1259676643846750208,negative,0.0015707768199012637
1259676644245209088,negative,0.11506561529136326
1259676645327241216,negative,0.00013231916590731238
1259676646229114880,negative,0.013593409852170495
1259676646262616067,negative,0.0880543054399197
1259676650767351808,negative,0.008541412483892808
1259676653824901120,negative,0.02619988690795224
1259676655234232326,negative,0.11506561529136326
1259676659059494912,negative,0.0003097913759923057
1259676659751493634,negative,0.11506561529136326
1259676660124844032,neutral,0.5431988554464016
1259676660254814211,negative,0.11783572074143038
1259676660317773826,negative,0.00013336253678756716
1259676662519623680,positive,0.9792525179205915
1259676664331735041,negative,2.172150851872223e-09
1259676666567241730,negative,0.0829543510555653
1259676667548663808,negative,0.00013336253678756716
1259676672963555331,negative,2.6761166123483558e-11
1259676673706020865,negative,0.00027293036376522324
1259676675152936960,negative,0.0006428257744232684
1259676675727601668,negative,0.001050307778805327
1259676676209983488,positive,0.9944868525015796
1259676676843282432,negative,3.2195379730673403e-10
1259676677644435457,neutral,0.5431988554464016
1259676679846473728,negative,0.00013336253678756716
1259676681058635777,negative,0.11506561529136326
1259676686213398529,negative,0.11506561529136326
1259676689161957385,negative,0.3115396671697526
1259676689434578944,negative,0.0008149330722292424
1259676692441894913,negative,0.0010407437249906424
1259676694669123585,negative,0.11506561529136326
1259676698452385794,negative,1.605078908505772e-07
1259676701451321345,negative,0.005767085922700772
1259676704521564161,negative,0.11506561529136326
1259676704878014466,negative,0.00013336253678756716
1259676708069834755,negative,0.057568374810960374
1259676708417961985,negative,0.00429357812959074
1259676709043003392,negative,0.11506561529136326
1259676712973021187,negative,0.11506561529136326
1259676720438919175,negative,0.00013336253678756716
1259676722070511622,negative,0.11506561529136326
1259676724926844928,negative,0.11506561529136326
1259676726025695237,negative,0.00013336253678756716
1259676726952681472,negative,0.0002541547631364267
1259676728164618240,negative,0.28081936577412137
1259676728752046084,negative,0.03686376776394923
1259676729460895750,negative,0.005253540209645995
1259676734082998274,negative,0.11506561529136326
1259676734603083777,negative,0.003972911177132186
1259676736763113473,negative,0.00429357812959074
1259676738029748230,negative,0.25281481309294607
1259676739581681664,neutral,0.6043932559082663
1259676741209149442,negative,6.715350745920027e-11
1259676741276180480,negative,0.013834080450927728
1259676744107397120,negative,0.3200499072651995
1259676750575022080,negative,0.11506561529136326
1259676750876983300,negative,0.00034805677175873024
1259676754563796997,negative,0.00025813301692965366
1259676755285233664,neutral,0.5431988554464016
1259676759085244416,negative,0.00013336253678756716
1259676760045748225,negative,0.00013336253678756716
1259676765557084161,negative,1.869672357268668e-06
1259676766555209731,negative,0.08085738089871655
1259676767356420096,negative,9.742874606252838e-05
1259676767993937920,negative,0.00013336253678756716
1259676770569277440,negative,2.0220012543713977e-06
1259676772532183051,negative,0.00042275552875241373
1259676775879192581,negative,0.11506561529136326
1259676778467123203,negative,0.0027462922421833545
1259676779112955904,neutral,0.5431988554464016
1259676780081942529,negative,1.15225739513225e-05
1259676781008678912,negative,0.00013336253678756716
1259676782346809344,negative,1.2040374503361085e-11
1259676786016862214,negative,0.00013336253678756716
1259676787358994432,negative,0.00027293036376522324
1259676787568762882,negative,3.3659543231601553e-07
1259676789363953666,negative,0.0012268717427456773
1259676790152261632,negative,1.15225739513225e-05
1259676790165057536,negative,0.11506561529136326
1259676790240485380,negative,0.05430895897849867
1259676791934988289,negative,1.4522440626309076e-05
1259676795185627143,negative,0.00232058840215637
1259676796741656578,negative,0.3243935265028167
1259676799166033920,negative,0.0003458112644120276
1259676799212101635,negative,0.00013336253678756716
1259676801426575360,negative,0.001050307778805327
1259676802487922688,positive,0.9804986563025924
1259676807734927361,negative,0.003228626535235552
1259676808787697664,neutral,0.36979526280206465
1259676810318680064,neutral,0.5431988554464016
1259676812470300678,negative,0.11506561529136326
1259676815439921154,negative,0.00013336253678756716
1259676818895929346,neutral,0.598760441337547
1259676821152501760,negative,0.01230973062283638
1259676823341936642,negative,0.001050307778805327
1259676823862030337,negative,5.977086187168916e-11
1259676825132961798,negative,0.11506561529136326
1259676827334914049,negative,9.922484976143594e-07
1259676830287704065,negative,0.11506561529136326
1259676830895714305,negative,0.0005899309316284193
1259676831235653633,negative,1.7993102527090456e-09
1259676833504780288,negative,7.168234124808479e-13
1259676837606760448,negative,0.3115396671697526
1259676839896854529,negative,0.11506561529136326
1259676839989186564,negative,0.00013336253678756716
1259676842421821443,negative,6.835648501766402e-06
1259676847480152070,negative,0.11506561529136326
1259676850302988288,negative,0.008933613849117191
1259676851305361408,negative,0.00023188046260735868
1259676852374945793,negative,0.11506561529136326
1259676855742816261,negative,0.0005899309316284193
1259676856141242369,positive,0.7008239773487924
1259676860532867074,negative,6.017717098182352e-05
1259676860566450176,negative,1.2905034791813431e-09
1259676863527608322,negative,0.039510864226614706
1259676864383201280,negative,0.11506561529136326
1259676870163009537,negative,0.11506561529136326
1259676871085764608,neutral,0.39809333436058036
1259676871173853184,negative,0.11506561529136326
1259676875808481280,negative,0.03354342356257119
1259676877293150209,negative,0.004189059577824849
1259676879251857410,negative,0.003935692711204238
1259676879960694784,negative,0.11506561529136326
1259676880430673922,negative,0.008455393294926773
1259676883047854082,negative,0.11783572074143038
1259676884268351490,negative,9.670745179794246e-15
1259676888789848070,negative,0.0002328698100443693
1259676894015807489,negative,7.700286386648103e-12
1259676894502572032,negative,8.842210313837847e-05
1259676896767459328,negative,2.0994632488620089e-10
1259676908591017984,negative,0.11506561529136326
1259676909849448448,negative,0.00013336253678756716
1259676909971087362,positive,0.6888959733323547
1259676910570876929,negative,0.00041284705304916585
1259676910956789760,negative,0.003972911177132186
1259676911204270083,negative,0.00013336253678756716
1259676911694950400,negative,4.0241901434979686e-07
1259676912231858181,negative,0.11506561529136326
1259676912257024005,negative,0.11506561529136326
1259676912303198211,negative,0.10309183573788816
1259676912496128001,negative,0.00013336253678756716
1259676912839987201,negative,4.696788977135434e-06
1259676913934766081,negative,8.130829269416082e-06
1259676914190606337,negative,4.696788977135434e-06
1259676915738259456,neutral,0.5431988554464016
1259676916774244352,negative,0.0009226494683459457
1259676919446061057,negative,1.0682883788396669e-05
1259676919580315648,negative,0.00013336253678756716
1259676921450856453,neutral,0.6490210251026319
1259676924286287875,negative,2.0730889753371595e-07
1259676925204795394,negative,0.04867792948353709
1259676927004155904,negative,0.0880543054399197
1259676928191184898,negative,0.10309183573788816
1259676931517222913,negative,0.057568374810960374
1259676932838309888,negative,0.11506561529136326
1259676934780465157,negative,4.696788977135434e-06
1259676937410281472,negative,9.091141445830694e-07
1259676937619939333,negative,0.11506561529136326
1259676941105463297,negative,0.00013336253678756716
1259676944561516544,negative,4.1861571659128463e-07
1259676947149393926,negative,0.11506561529136326
1259676952786399234,negative,8.722257244581714e-06
1259676953436729346,negative,0.0880543054399197
1259676956053954563,negative,0.000278458431765703
1259676956905410565,negative,0.023974608348206885
1259676963368730625,negative,0.00429357812959074
1259676970557812736,negative,0.00013336253678756716
1259676971207929858,neutral,0.49789225920557484
1259676972038402048,negative,0.11506561529136326
1259676978669654019,negative,0.010911060089847439
1259676986349412353,negative,0.0036151299079972216
1259676990229143553,neutral,0.5431988554464016
1259676991298646018,neutral,0.5431988554464016
1259676992133378056,negative,0.01984819438802289
1259676993639133184,negative,8.553196628599271e-06
1259676994087686144,negative,0.003972911177132186
1259676994289221632,negative,0.11506561529136326
1259676994972856321,neutral,0.5431988554464016
1259676994998079488,negative,0.06726879536972992
1259676995954380800,negative,0.00013336253678756716
1259676997451747335,negative,8.722257244581714e-06
1259676997950849028,negative,1.15225739513225e-05
1259676997955006465,negative,0.05628323348160865
1259676998240071681,negative,1.3971025190903678e-08
1259676999498584065,negative,0.11506561529136326
1259677004976263170,negative,0.0011505263325268418
1259677010022014978,negative,0.11506561529136326
1259677014535155713,negative,4.968839645028927e-06
1259677017286610955,negative,0.039218011792204105
1259677017609551872,negative,0.0004083915393680894
1259677018473541635,negative,1.15225739513225e-05
1259677026484715522,negative,0.00027293036376522324
1259677027046653953,negative,0.00013336253678756716
1259677028275621889,negative,0.11506561529136326
1259677031408832514,negative,0.11506561529136326
1259677033354977286,negative,0.0005443324499561763
1259677036743925763,negative,0.001050307778805327
1259677036844584961,negative,0.009349493461444092
1259677038878826496,negative,9.091141445830694e-07
1259677040866930690,negative,0.00429357812959074
1259677041231790081,negative,0.0034935357917686843
1259677045702955011,negative,7.334131695735523e-08
1259677046227316738,negative,0.11506561529136326
1259677047380684801,negative,0.11506561529136326
1259677048999686145,negative,0.00013336253678756716
1259677049603538944,negative,1.6687300587496886e-10
1259677055832162305,negative,0.25281481309294607
1259677062769582080,negative,0.026690961285600303
1259677063994212354,negative,0.11506561529136326
1259677065844084736,negative,0.0004566370578179404
1259677067060355072,negative,0.00013336253678756716
1259677068398407680,negative,0.11506561529136326
1259677068679413765,negative,0.019002017064271175
1259677069405032449,negative,1.15225739513225e-05
1259677071321808899,negative,0.00013336253678756716
1259677072659820548,negative,0.11506561529136326
1259677073137901569,negative,0.0002328698100443693
1259677074647707649,negative,0.11506561529136326
1259677075495104512,negative,8.553196628599271e-06
1259677077504028672,negative,1.3898024883071262e-08
1259677081685970945,negative,0.010292102616353127
1259677093115428866,negative,0.000664900500544268
1259677094176591874,positive,0.8999620613404582
1259677095422160896,negative,0.11506561529136326
1259677095942410240,negative,0.11506561529136326
1259677105253683201,negative,4.696788977135434e-06
1259677105777856512,negative,0.11506561529136326
1259677106335895553,negative,0.11506561529136326
1259677106356748290,negative,0.00020298338062708284
1259677107246039040,negative,0.10309183573788816
1259677108269469697,negative,1.5736102491926326e-09
1259677108755931136,negative,0.00013336253678756716
1259677110815391745,negative,0.02619988690795224
1259677111683633152,negative,0.027275609667281483
1259677128163024896,positive,0.8676932684469527
1259677129643614216,negative,0.11506561529136326
1259677135939293184,negative,0.057568374810960374
1259677139307319296,negative,5.150765895559364e-10
1259677141710536704,positive,0.8999620613404582
1259677141731545088,negative,3.3659543231601553e-07
1259677143598014466,negative,0.0002063150843952659
1259677147482017792,negative,8.733363265016696e-06
1259677149008736256,positive,0.8676932684469527
1259677149260365824,negative,0.0005845216969285106
1259677150606745601,negative,0.0021303670058436504
1259677150912929793,negative,0.11506561529136326
1259677153660219392,negative,0.11506561529136326
1259677154515849217,negative,0.0011609718482010068
1259677165924290560,negative,0.017446170911274102
1259677166679339009,negative,0.002464817165698678
1259677167593705473,negative,0.21996834310704586
1259677171284676609,negative,3.95968654953445e-08
1259677171645403139,negative,0.0003093909834010084
1259677172681367558,negative,5.305705375951332e-08
1259677174354886659,negative,0.0004083915393680894
1259677178419183616,neutral,0.5431988554464016
1259677180088455168,negative,0.01687324575598868
1259677180444971009,negative,0.0006428257744232684
1259677185532661762,negative,0.003972911177132186
1259677187340296192,negative,0.00035614703872428535
1259677190242910208,negative,1.4342788390815055e-06
1259677190645403648,negative,0.11506561529136326
1259677193854058496,negative,0.11506561529136326
1259677194709803008,negative,0.013593409852170495
1259677196161089538,negative,0.11506561529136326
1259677197188685829,negative,0.00429357812959074
1259677197780094977,negative,0.005272474311696478
1259677201013837824,negative,0.05066892618434621
1259677201135435781,negative,0.00021029183344264594
1259677201622093824,negative,0.030100435303940274
1259677202603487238,negative,4.696788977135434e-06
1259677206474903553,negative,0.00013336253678756716
1259677209368891393,negative,0.0004566370578179404
1259677210006507520,negative,0.015141395323706527
1259677213944958976,negative,0.00023412376770082653
1259677215114924032,negative,0.009550549144353758
1259677217296191489,negative,1.858711321050684e-11
1259677217845653504,negative,0.00013336253678756716
1259677219720486914,negative,8.553196628599271e-06
1259677220806721536,neutral,0.5431988554464016
1259677222878789632,negative,0.0015707768199012637
1259677224061620225,negative,8.553196628599271e-06
1259677225189867520,negative,0.00013336253678756716
1259677227488350208,negative,4.681875892347829e-06
1259677228348190722,negative,4.873193944669831e-06
1259677230411780098,negative,0.00013336253678756716
1259677233435811840,positive,0.9944868525015796
1259677233721094145,negative,0.00013336253678756716
1259677233771315200,negative,0.04859454524831394
1259677236824666112,negative,0.11506561529136326
1259677238749995011,negative,0.11506561529136326
1259677245389619202,negative,8.982959838388029e-10
1259677248535375872,negative,0.0033721878866303807
1259677249479028736,neutral,0.39809333436058036
1259677252138270721,negative,0.021636655040290814
1259677255959273474,negative,0.11506561529136326
1259677262036819968,negative,0.05066892618434621
1259677262481424384,negative,0.002479814629423055
1259677265341841408,negative,3.2490843039986963e-05
1259677265790722054,negative,0.0008149330722292424
1259677280529461250,negative,0.11506561529136326
1259677285877153792,negative,6.004547464841446e-10
1259677286481178626,negative,0.0002575332377757118
1259677287471026176,negative,0.07835570523960943
1259677288586792961,negative,0.00013336253678756716
1259677291732500480,negative,1.7869398896605537e-05
1259677295335419907,negative,0.00013336253678756716
1259677297554194434,negative,0.11506561529136326
1259677297738756096,negative,0.10309183573788816
1259677297793253378,negative,3.3157683625353545e-05
1259677297793261573,negative,0.06891917323264593
1259677299768688643,negative,1.6682018061043638e-05
1259677300783747072,negative,0.002738536139104534
1259677303572963328,negative,0.11506561529136326
1259677304172826624,negative,0.11506561529136326
1259677308228698112,negative,0.00013336253678756716
1259677311877726213,negative,0.25281481309294607
1259677313802866694,neutral,0.34507869224173643
1259677313979027462,negative,0.11506561529136326
1259677315887497216,negative,0.005272474311696478
1259677322933866498,negative,0.0006428257744232684
1259677326717190144,negative,0.11506561529136326
1259677327585349633,positive,0.7512308174025634
1259677329896464386,negative,8.587220536183368e-09
1259677332484304903,negative,0.003363823816260943
1259677333369298944,negative,1.225857375667658e-06
1259677334321405952,positive,0.8763694176228767
1259677335638413312,negative,0.012825903722616577
1259677336498319360,negative,0.11506561529136326
1259677341346926592,negative,0.11506561529136326
1259677342823329793,negative,7.590241084164051e-05
1259677344442257411,positive,0.8999620613404582
1259677349865455618,negative,0.11506561529136326
1259677352595984384,negative,5.361132908613401e-05
1259677355737563141,negative,4.021613859925735e-10
1259677359176908806,negative,0.00013336253678756716
1259677368832208901,negative,0.11783572074143038
1259677373554802688,negative,0.11506561529136326
1259677375085846534,negative,0.001050307778805327
1259677376025202688,negative,2.1245815845327148e-06
1259677376243552256,negative,3.0342720802726413e-10
1259677379812888583,negative,0.14751388724218095
1259677380295241728,negative,1.15225739513225e-05
1259677386406277120,neutral,0.4640843885481027
1259677389229088770,neutral,0.49789225920557484
1259677394518126594,negative,4.696788977135434e-06
1259677394975240192,negative,0.0010583938348704997
1259677394979487747,negative,1.9219370093420224e-12
1259677396325806080,negative,8.553196628599271e-06
1259677405096161282,negative,0.013593409852170495
1259677412121509890,negative,0.14213261252548862
1259677415678320641,negative,0.0004083915393680894
1259677415862927360,negative,0.11506561529136326
1259677415879688193,negative,0.00027293036376522324
1259677422145998849,negative,0.0018764647085153026
1259677423991500801,negative,0.021636655040290814
1259677432099061762,negative,5.725094651172191e-07
1259677433164435456,negative,0.0001291561562073885
1259677434460463109,negative,0.11506561529136326
1259677437387923457,negative,0.25281481309294607
1259677442710667269,negative,1.353624777199356e-10
1259677446447792129,negative,0.11506561529136326
1259677449534631936,negative,0.16164905641036886
1259677454026919936,negative,0.15665555228183567
1259677458862931968,negative,1.2274154610736575e-10
1259677466374868994,negative,0.11506561529136326
1259677467175985158,negative,0.03860127183527961
1259677467905843200,negative,0.00013336253678756716
1259677471810760704,negative,0.0026993594154175126
1259677475560448002,negative,0.009349493461444092
1259677475732414466,neutral,0.6245739923465784
1259677483177254914,negative,0.1153744899265671
1259677483399610368,negative,0.11506561529136326
1259677483718381569,negative,0.0085062302335774
1259677486956281856,negative,0.013593409852170495
1259677487161892871,negative,4.0007088251752496e-12
1259677490009825285,negative,6.635780880524079e-05
1259677493365260290,negative,0.00429357812959074
1259677494682279936,neutral,0.39809333436058036
1259677498570420226,negative,0.0015707768199012637
1259677502227824640,negative,0.11506561529136326
1259677506275328000,negative,0.00010863391701609175
1259677506845753344,negative,0.05477041481727888
1259677508649259013,negative,0.1643309886740324
1259677510414958597,negative,1.822339272859096e-10
1259677514475208706,negative,1.680166382640513e-07
1259677517407027200,negative,0.030384164422836497
1259677519852310534,negative,1.0635595897100124e-05
1259677520271736833,neutral,0.5431988554464016
1259677522406621186,negative,0.06891917323264593
1259677523081756672,negative,2.3632626461155063e-11
1259677526206668800,negative,0.11506561529136326
1259677526458347521,negative,0.0051311293773914565
1259677528140152833,negative,0.0003221381391850301
1259677533622145024,negative,5.644581861814799e-06
1259677534117072897,neutral,0.3885794061887472
1259677539431256072,negative,0.11506561529136326
1259677541025173505,negative,0.0008873077597561319
1259677545353658368,negative,0.008280436281380123
1259677546712641536,negative,0.10309183573788816
1259677548583227393,negative,0.05771499981856568
1259677551603134464,negative,0.02771046601551483
1259677551863062529,negative,0.11506561529136326
1259677552660164608,negative,0.00025813301692965366
1259677553838764032,negative,0.00025964286436999944
1259677554421702657,negative,1.125149955160499e-05
1259677558410481665,negative,0.00013336253678756716
1259677562084573184,negative,0.03354342356257119
1259677562571276288,negative,1.0563585577561838e-05
1259677564064366592,negative,0.00015601957570043968
1259677567482761218,negative,1.4274615497146535e-05
1259677569340846086,negative,0.11506561529136326
1259677570095886337,negative,0.016966262639556837
1259677570733400064,negative,0.11506561529136326
1259677576529838082,negative,0.11506561529136326
1259677576689340416,negative,0.0004083915393680894
1259677580438851584,negative,0.11506561529136326
1259677581240139776,negative,3.265154232632734e-06
1259677584704581635,negative,2.1217309872775063e-05
1259677587388989441,negative,1.4522440626309076e-05
1259677587963621376,negative,1.6785640950841972e-06
1259677590060761088,neutral,0.5431988554464016
1259677591918821376,negative,7.590241084164051e-05
1259677593588183040,negative,0.11506561529136326
1259677593827237893,negative,0.11783572074143038
1259677594783494145,negative,0.0028828546537097402
1259677600638779392,negative,0.11506561529136326
1259677602681425921,negative,0.00023362179538286267
1259677604547833864,negative,0.11506561529136326
1259677606204657667,negative,8.733363265016696e-06
1259677606351441921,negative,0.11506561529136326
1259677607018151936,negative,0.0005779163813247914
1259677607265787905,negative,1.2341116735729679e-06
1259677609736179713,negative,0.00013336253678756716
1259677610684055553,negative,0.1643309886740324
1259677610738618369,negative,0.006046825973794775
1259677611653029888,negative,0.11506561529136326
1259677613049733121,negative,8.092326492243179e-12
1259677614102413313,negative,4.696788977135434e-06
1259677623816519684,negative,0.28081936577412137
1259677625565536256,negative,0.039198519092703804
1259677627406790662,negative,8.553196628599271e-06
1259677633295589379,negative,0.11506561529136326
1259677638165237764,negative,2.268937840531921e-09
1259677638462976007,negative,8.356545358259663e-12
1259677639348047875,negative,2.793668343551306e-08
1259677641860354048,negative,0.0880543054399197
1259677642963419136,negative,0.009550549144353758
1259677644469211137,negative,0.11506561529136326
1259677645362671624,negative,0.00429357812959074
1259677648759947265,negative,0.11506561529136326
1259677651775762440,negative,0.00015208006295424283
1259677651784142855,negative,0.00013336253678756716
1259677652690100224,negative,0.11506561529136326
1259677653105348608,negative,4.696788977135434e-06
1259677656859148289,negative,2.1424532780151167e-05
1259677658704723968,negative,0.00013336253678756716
1259677666292056064,negative,8.888002066905259e-05
1259677668892606465,negative,0.00013336253678756716
1259677671333793796,negative,0.11506561529136326
1259677677310656520,negative,0.11506561529136326
1259677683543400448,negative,1.608448518034381e-05
1259677692003340290,negative,0.00013336253678756716
1259677693961887745,negative,0.0001583373395979187
1259677694771580929,negative,0.0006740740073004071
1259677699464888320,negative,1.4522440626309076e-05
1259677700211564546,negative,0.10091435796598196
1259677702623236098,negative,0.15665555228183567
1259677705366319108,negative,0.11506561529136326
1259677707153129478,negative,0.11783572074143038
1259677707656409090,negative,0.013593409852170495
1259677713285210112,negative,4.696788977135434e-06
1259677715994685440,negative,0.11506561529136326
1259677719534735361,negative,0.0019310459417189107
1259677719547297792,negative,1.15225739513225e-05
1259677721363439616,negative,0.01687324575598868
1259677723317895168,negative,0.0015930620928480757
1259677725310234625,negative,1.312907648236506e-08
1259677729601073158,negative,1.15225739513225e-05
1259677731807203330,neutral,0.39809333436058036
1259677732599808001,negative,0.11506561529136326
1259677733145260033,negative,2.4470675631532025e-07
1259677741609336832,negative,2.3256150056542078e-08
1259677742066544646,negative,1.4407858852337245e-05
1259677742628581379,negative,0.005823407491946758
1259677744188751872,negative,0.00013336253678756716
1259677744780259329,negative,0.003972911177132186
1259677746495737856,negative,4.696788977135434e-06
1259677748659970055,negative,8.112024128286105e-06
1259677751071707136,negative,5.578883037564409e-06
1259677751109390336,negative,4.374713351405621e-08
1259677752925487106,negative,1.5264126714864312e-08
1259677754133483527,neutral,0.5431988554464016
1259677754192269312,negative,0.00013336253678756716
1259677763788656640,negative,3.7234066469335175e-08
1259677764577345537,negative,2.0220012543713977e-06
1259677764887740419,negative,0.11506561529136326
1259677766590631943,negative,0.11506561529136326
1259677767056195584,negative,0.00027293036376522324
1259677767110742016,negative,0.3249092193879547
1259677767286902784,negative,8.815424056229053e-07
1259677769677619202,negative,1.95996869895903e-07
1259677774467522562,negative,0.28876622074859937
1259677777940406277,negative,4.696788977135434e-06
1259677780712841216,negative,0.11506561529136326
1259677781102911497,negative,0.2277850381364545
1259677781836914688,negative,2.9558428769833105e-05
1259677790951157771,negative,0.006905155303194194
1259677794956644354,negative,2.773037809116106e-07
1259677797334700032,negative,0.04511485621995713
1259677798723133440,negative,0.03532307595905293
1259677800082149376,negative,0.11506561529136326
1259677801172611073,negative,0.0021303670058436504
1259677807933902849,negative,0.00011612706820295577
1259677810005700611,negative,0.0013900981641989268
1259677811062833153,negative,0.002014199950069184
1259677811197042689,neutral,0.5431988554464016
1259677813872963590,negative,0.00475643937559193
1259677816280539138,negative,0.11506561529136326
1259677818449002496,negative,0.0880543054399197
1259677829022679040,negative,0.11506561529136326
1259677831187042304,negative,0.007440549073126687
1259677835326894092,neutral,0.39809333436058036
1259677839990951937,negative,0.00013336253678756716
1259677840234217480,negative,0.001050307778805327
1259677843589644295,neutral,0.39499332727517233
1259677846672412672,negative,0.0010407437249906424
1259677847041556480,negative,0.00013336253678756716
1259677848740286464,negative,0.11506561529136326
1259677849562148864,negative,0.001050307778805327
1259677850745081857,negative,0.11506561529136326
1259677853374836738,negative,0.001050307778805327
1259677853727313920,negative,7.890762530024672e-06
1259677856294199298,negative,7.314966091864268e-09
1259677856663207943,neutral,0.4901441474255754
1259677857472819200,negative,0.11506561529136326
1259677859586756610,negative,0.00013336253678756716
1259677861092474883,negative,0.0012775589213852435
1259677864737345538,negative,0.0020059000393445547
1259677865085472768,negative,1.2484918775293984e-07
1259677866918379521,negative,0.003972911177132186
1259677868373745664,negative,4.696788977135434e-06
1259677869653078021,negative,4.242540086224178e-05
1259677870454190082,negative,0.00013336253678756716
1259677874824544258,neutral,0.39809333436058036
1259677879132135424,negative,0.016966262639556837
1259677880956657665,negative,9.919900297846174e-10
1259677881275494400,negative,4.696788977135434e-06
1259677881925603328,negative,0.11506561529136326
1259677884563836929,negative,0.11506561529136326
1259677886371573767,negative,0.00011539311811113849
1259677901294886912,negative,0.16164905641036886
1259677902540550144,negative,1.15225739513225e-05
1259677905484943362,negative,1.4522440626309076e-05
1259677915014410246,negative,0.05955676946171839
1259677915387555840,negative,0.11506561529136326
1259677915966554112,negative,0.025959717523823974
1259677916734029828,negative,0.11506561529136326
1259677922094432256,negative,0.004321699071926543
1259677925630193664,negative,0.11506561529136326
1259677925688868865,negative,0.11783572074143038
1259677926137700353,negative,0.003972911177132186
1259677928234901506,negative,8.714944213721936e-08
1259677929514184704,negative,0.29988739017778215
1259677930659237888,negative,0.011175369368598734
1259677939337097216,negative,0.001050307778805327
1259677939366531075,negative,7.177968944707824e-05
1259677946169577473,negative,0.00013336253678756716
1259677948488986624,negative,0.11506561529136326
1259677948837232645,negative,7.530570821096279e-15
1259677951349661699,negative,0.25281481309294607
1259677952951885825,negative,0.00429357812959074
1259677957335011328,negative,0.009349493461444092
1259677957582438401,negative,0.0002250747925163056
1259677957687259136,negative,0.11506561529136326
1259677960442908673,negative,0.001050307778805327
1259677960631656449,positive,0.7008239773487924
1259677961319563264,negative,2.4342450519290774e-06
1259677969951449088,negative,0.19629690161023788
1259677978352472066,negative,8.722257244581714e-06
1259677988754513922,negative,1.15225739513225e-05
1259677990763577349,negative,0.023974608348206885
1259677990902005762,negative,0.039218011792204105
1259677991602274304,negative,0.00035614703872428535
1259677992260972544,negative,9.917032813815945e-06
1259677992478859267,negative,0.057568374810960374
1259677995100487680,negative,0.005272474311696478
1259677995603820545,negative,0.04245416672927212
1259677997667438593,negative,0.11506561529136326
1259678016612909056,negative,1.4564913894992022e-07
1259678022950686720,negative,0.00013336253678756716
1259678026612293633,negative,1.0003700290458411e-05
1259678028000616449,negative,0.11506561529136326
1259678029632212995,negative,0.11506561529136326
1259678031620321280,negative,0.012446821777034045
1259678034325618688,negative,0.11506561529136326
1259678035999064069,negative,0.0526713434672168
1259678039627177984,positive,0.8999620613404582
1259678039937617921,negative,0.11506561529136326
1259678041187508224,negative,2.6944650166618643e-06
1259678047273353217,negative,0.11506561529136326
1259678050008039425,negative,0.11506561529136326
1259678050096156672,negative,0.17050960859612652
1259678051576750081,negative,0.15157799685794346
1259678051845263360,negative,0.00013336253678756716
1259678055242641412,neutral,0.33048036976709694
1259678056949710848,negative,0.07833348693775277
1259678060724568064,positive,0.8121536658903629
1259678060938514439,negative,0.0018764647085153026
1259678062163173376,negative,0.00013336253678756716
1259678062331002880,negative,0.00013336253678756716
1259678064063074304,negative,0.11506561529136326
1259678068043649024,negative,0.11506561529136326
1259678069910110210,negative,4.696788977135434e-06
1259678073856962561,negative,0.11506561529136326
1259678076893630465,negative,0.013593409852170495
1259678078424494087,negative,4.805355169553397e-07
1259678079506477057,negative,0.11506561529136326
1259678082778238978,negative,0.11506561529136326
1259678084216864769,positive,0.7008239773487924
1259678084510486533,negative,3.9288136962748063e-07
1259678086565691392,negative,2.4805036066690353e-06
1259678088733982721,negative,0.11506561529136326
1259678090600554500,negative,0.034631622217447276
1259678091271499778,negative,0.11506561529136326
1259678091712122885,negative,0.014681553674556596
1259678093389824001,negative,0.10203027764833968
1259678093574275072,negative,0.00013336253678756716
1259678093867917313,negative,0.001050307778805327
1259678096703266817,negative,0.06811803229304533
1259678097290469376,neutral,0.37397057200215456
1259678104596946944,negative,0.02771046601551483
1259678106052419584,negative,0.004205333681506088
1259678113220435968,negative,1.5638028346085124e-05
1259678114545831936,negative,0.11506561529136326
1259678116731138049,negative,0.11506561529136326
1259678117242777601,positive,0.944088592349247
1259678117465112578,negative,0.05955676946171839
1259678119172202496,negative,0.031209360565973863
1259678120724103168,negative,0.11506561529136326
1259678122527485952,negative,0.001050307778805327
1259678122867187712,negative,0.11506561529136326
1259678125652410370,negative,0.00013336253678756716
1259678128718446592,negative,0.11506561529136326
1259678129544589312,negative,0.11506561529136326
1259678130861756416,negative,2.9969962558323343e-12
1259678132271022081,neutral,0.5431988554464016
1259678132421955585,negative,0.11506561529136326
1259678134388965377,negative,7.324406654694994e-08
1259678136922488833,negative,0.000138301431912279
1259678137811697664,negative,0.00014850976667309872
1259678142479978507,negative,0.10185499415235118
1259678143373365248,negative,0.00023362179538286267
1259678143750836224,negative,0.0024775940121906635
1259678147135578123,negative,0.017222478383267622
1259678150541422593,negative,3.857975053972005e-06
1259678154672738304,negative,1.15225739513225e-05
1259678161014587394,negative,9.207945974368964e-08
1259678162180616192,negative,0.00013336253678756716
1259678162881052673,negative,0.11506561529136326
1259678163535265792,negative,0.00013336253678756716
1259678169164066816,negative,0.11506561529136326
1259678173324890118,negative,6.532724391540462e-08
1259678173945630720,negative,0.02209301106867713
1259678174704742401,negative,0.001050307778805327
1259678178030825473,negative,5.578883037564409e-06
1259678178123137024,negative,7.314966091864268e-09
1259678180425826305,negative,1.15225739513225e-05
1259678181646270466,negative,0.11506561529136326
1259678192392114178,negative,0.11506561529136326
1259678192903700480,neutral,0.4973708731493271
1259678193008640001,negative,0.16164905641036886
1259678199992266752,negative,9.091141445830694e-07
1259678201128910849,negative,1.6887522177775093e-05
1259678201640620034,negative,1.420952044671488e-05
1259678206514417664,negative,0.002771883685747306
1259678206652829702,negative,0.14842195549271614
1259678208259002368,negative,8.112024128286105e-06
1259678211069403137,negative,0.0397283412982553
1259678213036539905,negative,0.11783572074143038
1259678216505176066,negative,0.0028828546537097402
1259678216547008512,negative,2.523665747224673e-06
1259678217004355591,negative,0.0018764647085153026
1259678217314742273,negative,3.3659543231601553e-07
1259678217566326786,negative,0.11506561529136326
1259678217620934662,negative,0.00013336253678756716
1259678219768299520,negative,8.238977888765526e-05
1259678221810925570,negative,0.11506561529136326
1259678222951776256,negative,0.11506561529136326
1259678224658731009,negative,1.2192400584572665e-06
1259678231269191683,negative,0.11783572074143038
1259678233026531329,negative,0.006046825973794775
1259678233307512834,negative,0.11506561529136326
1259678233806671878,negative,0.009920193645339324
1259678234830086145,negative,0.11506561529136326
1259678238391091200,negative,1.15225739513225e-05
1259678241750749186,negative,0.11506561529136326
1259678244372131840,negative,5.725094651172191e-07
1259678247987621896,negative,2.967444069808755e-13
1259678249031880709,negative,0.0047970292835360735
1259678256644730886,negative,1.6159301445849177e-06
1259678258699874304,negative,1.5060404789773705e-05
1259678259970822145,negative,9.091141445830694e-07
1259678260495073281,negative,0.00030518224718135306
1259678263963725824,negative,0.2480763935332676
1259678275632271360,negative,2.0430635799002216e-12
1259678277175828481,negative,0.3115396671697526
1259678279579156481,negative,0.012523331178508455
1259678282473144320,negative,9.091141445830694e-07
1259678284641599496,negative,9.091141445830694e-07
1259678290249428993,negative,0.003972911177132186
1259678291088281600,negative,0.02351165243353904
1259678292820590592,negative,0.11506561529136326
1259678293441331201,negative,0.00013336253678756716
1259678294670225411,negative,0.056719006723753324
1259678300118700033,negative,0.00013336253678756716
1259678304333975554,neutral,0.5431988554464016
1259678304489127937,negative,1.5783684824176593e-07
1259678309375447043,negative,0.0024836190208552345
1259678309761286144,negative,0.00013336253678756716
1259678313523695617,negative,0.11506561529136326
1259678313871794183,negative,4.939811770132515e-09
1259678317021728770,negative,0.11506561529136326
1259678318040842240,negative,0.0013924441609755435
1259678318187687936,negative,0.00041477022106528903
1259678318502297606,negative,0.11506561529136326
1259678321056468993,negative,0.08399154450577989
1259678321924849664,negative,0.0030102158222308304
1259678323598397440,negative,0.0004083915393680894
1259678325775138821,negative,6.82470111009657e-08
1259678326425354240,negative,0.008766548382258377
1259678329038389252,negative,0.16110603238097837
1259678329294258178,negative,0.11506561529136326
1259678335233392643,negative,0.000888641518966946
1259678336655265793,negative,8.733363265016696e-06
1259678338270052362,negative,0.11506561529136326
1259678344083365888,negative,0.0880543054399197
1259678347879223302,negative,0.01687324575598868
1259678350362193923,negative,0.0008149330722292424
1259678352522088448,negative,0.11506561529136326
1259678357945491457,negative,0.0008149330722292424
1259678363528110080,negative,0.024882442809000926
1259678368544456710,negative,3.5826771017448584e-08
1259678373107949569,negative,0.25281481309294607
1259678373565079555,negative,0.001974740994812999
1259678374873702401,negative,1.15225739513225e-05
1259678377906245632,negative,0.0880543054399197
1259678379302965248,negative,2.2389963446038537e-09
1259678384809893888,negative,0.11506561529136326
1259678387704082432,negative,4.04475923140411e-07
1259678387976712194,negative,4.7797920250811457e-11
1259678391328014336,negative,0.021078398803405462
1259678394402451456,negative,1.0147535577430918e-06
1259678394691747840,negative,0.11506561529136326
1259678397590102025,negative,0.004571985522789064
1259678400324788225,negative,0.00027293036376522324
1259678401914449923,negative,0.02633280619679861
1259678406515593217,negative,0.11506561529136326
1259678406633021440,negative,0.11506561529136326
1259678407882874886,negative,0.11506561529136326
1259678411863339010,negative,9.669124056350708e-08
1259678413062799366,negative,0.013593409852170495
1259678414358949889,negative,0.11506561529136326
1259678414471958530,negative,0.0880543054399197
1259678419635314691,negative,0.11506561529136326
1259678419660541953,negative,0.0018764647085153026
1259678421321424899,negative,0.11506561529136326
1259678423535849473,negative,0.11506561529136326
1259678431597539328,negative,0.1200698899211209
1259678433455398917,negative,0.11506561529136326
1259678435267563521,negative,0.00013336253678756716
1259678436777512961,negative,0.008280436281380123
1259678438002024448,negative,0.001050307778805327
1259678441575759872,negative,0.03354342356257119
1259678443421290497,negative,5.619527207616056e-05
1259678444658573315,negative,0.11506561529136326
1259678445644271616,negative,5.767881406413725e-08
1259678450840940552,negative,4.153020943533215e-05
1259678453311451136,negative,0.11506561529136326
1259678456008388611,negative,0.07287291478877311
1259678456222289921,negative,0.14480435607288075
1259678460211015682,negative,0.11506561529136326
1259678464845676549,negative,1.3885154888817027e-10
1259678464908681216,negative,0.0003419778205078406
1259678465495912458,negative,0.01855465004842848
1259678467555094528,negative,0.06612171752057566
1259678467983134720,negative,0.11506561529136326
1259678468687757315,negative,0.11506561529136326
1259678471078453251,negative,0.11506561529136326
1259678471762083842,negative,0.11506561529136326
1259678473733496837,negative,0.0027213395930464376
1259678475109183488,positive,0.9383061815420388
1259678476472389633,negative,0.11506561529136326
1259678482826768384,negative,0.11506561529136326
1259678483250372609,negative,0.11506561529136326
1259678486098305030,negative,4.696788977135434e-06
1259678487021080579,negative,0.11506561529136326
1259678490120597504,negative,1.7869398896605537e-05
1259678491437662208,neutral,0.49789225920557484
1259678496026234880,negative,4.696788977135434e-06
1259678497141927937,negative,0.11506561529136326
1259678499075391489,negative,0.11506561529136326
1259678499440406528,negative,0.1200698899211209
1259678503580114944,negative,1.2046765573181416e-05
1259678514049138690,negative,0.0033503683382234938
1259678516968394752,negative,0.11506561529136326
1259678517056471040,negative,0.00016616418897612452
1259678520860708865,negative,7.940512193554244e-07
1259678520990720000,negative,0.07287291478877311
1259678521309487104,negative,0.0074419614443905595
1259678521519210500,negative,1.7869398896605537e-05
1259678522127327234,negative,0.03350851057310931
1259678522173460483,negative,0.015429083145788476
1259678522236456963,negative,7.098380835612841e-06
1259678525616947203,negative,0.11506561529136326
1259678529815564289,negative,0.002768330777674857
1259678533019992065,negative,0.00013336253678756716
1259678533606977536,positive,0.9151804272836309
1259678534232158209,negative,0.22248800652604908
1259678534991314945,negative,0.004862971961881868
1259678537054924801,negative,0.02643378250301979
1259678542272610304,negative,8.570855759173839e-07
1259678543103111168,neutral,0.39809333436058036
1259678547599405056,negative,2.051235304899608e-12
1259678550078238721,negative,4.835171325653632e-12
1259678550506065922,negative,6.137317835550804e-05
1259678551311343616,negative,0.00013336253678756716
1259678557019803649,negative,0.11506561529136326
1259678561646018561,negative,0.11506561529136326
1259678565009731584,negative,0.11506561529136326
1259678568793047042,negative,0.11506561529136326
1259678575332130822,negative,2.0220012543713977e-06
1259678582265315329,negative,4.696788977135434e-06
1259678582848315392,negative,0.00013336253678756716
1259678584643497985,negative,0.00013336253678756716
1259678584681246722,negative,0.00013336253678756716
1259678586870673408,neutral,0.6346012664560504
1259678587277520896,negative,0.001183734030385554
1259678587835174912,negative,0.00013336253678756716
1259678594420400128,negative,0.20427070279218768
1259678595779309569,negative,0.11506561529136326
1259678596366585856,negative,0.00027293036376522324
1259678598782308355,negative,0.11506561529136326
1259678599340269568,negative,0.005692393478877242
1259678601550737409,negative,0.11783572074143038
1259678602188201985,negative,1.4522440626309076e-05
1259678606864855041,negative,0.005018300578814167
1259678609503117312,negative,0.003098663117178562
1259678609985454090,negative,0.00013336253678756716
1259678614678839306,negative,0.00013336253678756716
1259678615790206976,positive,0.8676932684469527
1259678615991549953,negative,0.11506561529136326
1259678623432183808,negative,0.11506561529136326
1259678624296419328,negative,0.0018764647085153026
1259678628654264322,negative,0.00030518224718135306
1259678629556035586,negative,0.11506561529136326
1259678630587793414,negative,0.10033995510156335
1259678632026542080,negative,0.11506561529136326
1259678632127139845,negative,0.0033503683382234938
1259678632844369921,neutral,0.5626796139900065
1259678632882196480,negative,0.11506561529136326
1259678633217622017,negative,0.00013336253678756716
1259678634740264960,negative,0.00034805677175873024
1259678636254408704,positive,0.887983387249041
1259678642604515329,negative,0.023974608348206885
1259678643879653377,negative,5.197027687366445e-05
1259678645456703488,negative,0.0004083915393680894
1259678648375918596,negative,4.696788977135434e-06
1259678649420111872,negative,0.11506561529136326
1259678654449086466,negative,0.11506561529136326
1259678657041379328,negative,0.11506561529136326
1259678657267761153,negative,0.023974608348206885
1259678662561009666,negative,6.198158776015735e-13
1259678663135682561,negative,1.5604730308516544e-14
1259678669540384770,negative,8.733363265016696e-06
1259678670937034758,negative,0.11506561529136326
1259678672757407744,negative,0.09023700389787244
1259678674560913409,negative,0.050520605671433766
1259678677559848960,negative,0.11506561529136326
1259678678520381450,negative,3.2101189671082136e-08
1259678678897868800,negative,0.11506561529136326
1259678679879352320,negative,0.024170967995658002
1259678688406167552,negative,0.14519396829488837
1259678695293403136,negative,0.007017995203930283
1259678696727773186,negative,2.6313046357264837e-06
1259678710698999815,negative,0.03770855360359099
1259678711764434944,negative,4.4508521522295915e-08
1259678711944744966,negative,1.6638738242675235e-05
1259678713207275520,negative,0.07412374804795388
1259678718374678530,negative,3.9009679185449116e-07
1259678718399860739,neutral,0.3380422464702268
1259678721700777989,negative,3.7271966630554e-12
1259678724200566790,negative,0.012019046083075266
1259678724766806017,negative,0.059416500584821924
1259678729028190211,negative,3.412724656854213e-07
1259678729120493568,negative,1.198711142898212e-05
1259678731574095873,negative,0.18784376612646017
1259678735785222148,negative,0.0142467804717166
1259678736007512064,negative,0.02301730933418894
1259678743620128768,negative,0.0065541603347955765
1259678744907853826,negative,0.11783572074143038
1259678746124181506,negative,0.0015506139358838114
1259678747181101061,negative,0.11506561529136326
1259678748959543298,negative,0.013593409852170495
1259678750612115456,negative,1.1053314716026985e-09
1259678750746316800,negative,0.0004083915393680894
1259678751123800064,negative,0.00013336253678756716
1259678751190847489,negative,0.006733658371665496
1259678752662933505,negative,0.11506561529136326
1259678757973045252,negative,4.696788977135434e-06
1259678759604703238,negative,0.11506561529136326
1259678760292552708,negative,0.0018764647085153026
1259678762872045570,neutral,0.5431988554464016
1259678764990111746,negative,0.11506561529136326
1259678765346705409,negative,0.0018764647085153026
1259678765426204672,negative,0.0044377659378713975
1259678767796158464,negative,0.0037761653127149166
1259678767993311232,negative,0.11506561529136326
1259678770128211968,negative,0.11506561529136326
1259678773957537794,negative,0.001050307778805327
1259678774905503745,negative,7.670328658865929e-07
1259678775803084800,negative,3.9009679185449116e-07
1259678776251879427,negative,0.0017689588782927581
1259678780383203335,negative,0.10309183573788816
1259678781129793537,neutral,0.5431988554464016
1259678788767580161,negative,0.00013336253678756716
1259678801132486661,negative,0.00027293036376522324
1259678807323283461,negative,0.00037718196630781277
1259678809479172096,negative,0.0018024005882734593
1259678810678734849,negative,0.10182831146473131
1259678811727310849,negative,0.00013336253678756716
1259678813790916608,negative,0.20672965501653798
1259678816923983877,negative,0.11783572074143038
1259678818383458304,negative,0.11506561529136326
1259678819067314178,negative,0.11506561529136326
1259678819688108033,negative,0.0028828546537097402
1259678820191416321,negative,0.00016529077372317435
1259678822036901888,negative,1.608448518034381e-05
