Tweet_ID,Sentiment_Label,Probability_pos
1336188760044662785,negative,0.16113009361034783
1336188760229212161,negative,6.591464266829088e-05
1336188760246132738,negative,0.0887222311012392
1336188762947141633,negative,0.1552833994424978
1336188778977898498,positive,0.9976521473271183
1336188796908531712,negative,0.0018249130971341927
1336188807260098561,negative,0.002160596694051365
1336188817087336448,positive,0.8997626044376025
1336188832438370304,negative,0.03892828354810765
1336188834170724352,negative,4.654688906876179e-06
1336188843477839873,neutral,0.5938263033227675
1336188876180819970,negative,0.0011611791223804144
1336188889212588033,negative,0.0007748730237795824
1336188895596261378,negative,0.08444542159807641
1336188896095444992,negative,0.011519101783210556
1336188898465214465,negative,4.719776938543119e-06
1336188899769638918,negative,0.003330370087331288
1336188904567877635,negative,0.00034099946033562675
1336188906342146048,negative,0.06049900948226093
1336188910490316801,negative,0.050872144858144557
1336188914026115078,negative,0.009786938110742
1336188915175354369,negative,0.2031218527706539
1336188916546801664,negative,0.005323643841540914
1336188919663251456,negative,0.14918453345934082
1336188937338056704,negative,0.3020135550609068
1336188959311998976,negative,0.07300859223228412
1336188959441911812,negative,0.1933311826096359
1336188964269666304,negative,3.2528196011292264e-14
1336188982657478656,negative,0.3020135550609068
1336188989787791361,negative,0.25904246346744453
1336189013120724993,negative,0.21921412548362115
1336189039918129154,negative,0.0012900900560937612
1336189040421433345,neutral,0.5755177419898956
1336189045609799681,negative,1.2301584756427871e-05
1336189051330678785,negative,0.0023137537418863193
1336189056154210304,negative,0.003330370087331288
1336189059530698752,negative,0.3244208595856546
1336189070121308160,negative,0.10223460774013537
1336189077318586374,negative,6.721439998032326e-07
1336189085870919684,negative,0.19776749929531331
1336189092317507585,negative,0.00012447964076186966
1336189094691549184,negative,0.1470002082069384
1336189096381788160,negative,0.008840426312788089
1336189096759320576,negative,6.217222047897991e-06
1336189101129625601,negative,0.001988279847157026
1336189101129801730,neutral,0.49789225920557484
1336189105919541248,negative,6.735804082558941e-07
1336189107907792896,negative,1.7191983506215212e-06
1336189109161889792,negative,0.0019919420779125545
1336189112802545665,negative,6.868473789340524e-06
1336189113792421889,neutral,0.5228961086562992
1336189115977494531,negative,0.12188388017780136
1336189120851415041,negative,0.00944462309716752
1336189133245526016,negative,0.22595129860201357
1336189140073910272,negative,0.2973699679184992
1336189143676841986,negative,0.007209722499773072
1336189145048289283,negative,0.00010503667061375667
1336189146277277696,neutral,0.6118928834288053
1336189159786991616,negative,0.001037350224166007
1336189170763657216,negative,0.21884606593570094
1336189173523419136,negative,0.0023137537418863193
1336189179613618176,neutral,0.3946660906568613
1336189184185393153,negative,1.13706083037541e-09
1336189191143772161,neutral,0.49789225920557484
1336189192095797248,positive,0.9933078080361396
1336189196340486144,negative,0.00015482212819525155
1336189207060959232,negative,0.0015414289990940235
1336189208604524545,negative,0.19454146881874318
1336189209019895810,negative,0.0005145837770320586
1336189239000756224,neutral,0.49789225920557484
1336189249239080962,negative,0.11854896472521327
1336189260290932742,negative,0.13451079577541883
1336189263575195649,negative,0.0008318750995833883
1336189270394998785,negative,0.007245096496840947
1336189271754027009,neutral,0.3499352441185855
1336189272131506176,negative,1.7191983506215212e-06
1336189276208369664,positive,0.7269106096526311
1336189276703379456,neutral,0.3318228626708164
1336189287021367296,negative,0.027649370642311835
1336189287180754945,negative,0.00032480435950525373
1336189287822462976,negative,0.00014928198153855426
1336189291748159490,negative,0.2247286567051241
1336189294864699397,negative,4.4534917504874906e-08
1336189297423249408,negative,0.010320231446011024
1336189304205430785,positive,0.9933078080361396
1336189305564217344,negative,0.07764687453473383
1336189305719582722,negative,0.036644390788331656
1336189315479711744,negative,0.002833717503627293
1336189323021004805,negative,3.9597132235214e-09
1336189325097177088,negative,0.20460828870384687
1336189332953022466,neutral,0.35080815536327137
1336189340502925312,negative,6.735804082558941e-07
1336189350476976130,negative,0.00041986153963623245
1336189365635133440,neutral,0.49789225920557484
1336189366360739847,neutral,0.3708161637998542
1336189370680926209,negative,0.013737046582944086
1336189379770015744,neutral,0.5755177419898956
1336189384706633728,negative,0.002065535035698588
1336189386493485056,negative,0.0023753840410927424
1336189387684589576,negative,0.2097580364026517
1336189404034060290,negative,0.009755440298890876
1336189418072322049,negative,0.06477773151465172
1336189420081438721,negative,0.12127517558072987
1336189428419731464,negative,0.004429160942563023
1336189431603146752,negative,0.10223460774013537
1336189436170825730,negative,0.08704022165128145
1336189442688692225,negative,0.0661350545236162
1336189453270970369,negative,0.0023137537418863193
1336189462280347649,negative,0.08704022165128145
1336189465463812096,negative,0.03177752583378093
1336189466986352641,positive,0.9670324901778897
1336189467980271618,negative,3.476831840777416e-05
1336189478201856000,negative,3.4653939269821944e-11
1336189479791443969,neutral,0.49789225920557484
1336189485311291393,negative,6.382795819998e-05
1336189492508692480,negative,6.735804082558941e-07
1336189494538739713,negative,0.008840426312788089
1336189497244053504,negative,0.07955570541394522
1336189508384149506,negative,0.0887222311012392
1336189512947556353,negative,0.11600027192901424
1336189514985967619,negative,0.010473492869693818
1336189515136966656,negative,0.11588408888944907
1336189515195506689,negative,0.16570359740550816
1336189518144221185,negative,0.03815411738779761
1336189518244941824,negative,0.2348150288821751
1336189519515824128,negative,0.07321762261533159
1336189538520231942,negative,0.01534820579296411
1336189539019350018,negative,0.017890482864639467
1336189539581218816,negative,6.28519872853218e-05
1336189541867130887,negative,7.184203361993918e-05
1336189547365855237,negative,0.01529877811583531
1336189549920174081,negative,0.08450003896211766
1336189552378208258,negative,0.00041465234997742627
1336189560531931137,negative,6.990014945244814e-06
1336189562347868168,negative,0.007624409849385564
1336189574578573312,negative,0.052770954527852985
1336189578005254144,negative,1.4313135926896943e-08
1336189589036232704,negative,1.7773720833451923e-08
1336189590898675720,negative,0.031589544812763645
1336189591351681024,negative,4.0322990044054705e-05
1336189597441806338,negative,0.00535850831604383
1336189606203596801,negative,0.007925768546725538
1336189609013899273,negative,0.004354520468418267
1336189610171383808,neutral,0.4897926477412321
1336189610561572865,negative,0.009786938110742
1336189613015261184,negative,0.007225951530436003
1336189618954235911,negative,4.996818216307342e-06
1336189620233637889,negative,0.08719390324808056
1336189631776305153,negative,0.05447057642360582
1336189634599145472,negative,0.0789908451176723
1336189636792737793,negative,0.03815411738779761
1336189640366288898,negative,0.005662439742988372
1336189647756521472,negative,0.16825190747814214
1336189649757347840,negative,1.7191983506215212e-06
1336189657399357440,neutral,0.6051654431442577
1336189667931197440,negative,0.1054219194294689
1336189675216703488,negative,0.0012900900560937612
1336189679029288961,neutral,0.38427518971087565
1336189679104737280,positive,0.954287394651051
1336189679268491269,negative,0.22084422450792082
1336189685341835267,negative,0.09867685127850455
1336189687103430656,negative,0.0047617999137859685
1336189690031058944,negative,0.00018473036188640954
1336189696343465984,negative,0.0001466268660387484
1336189700080611331,negative,0.008840426312788089
1336189700478922755,negative,2.0532434205890843e-07
1336189701418586118,neutral,0.49789225920557484
1336189704862130179,negative,0.0023137537418863193
1336189711879008262,neutral,0.5071762778347629
1336189713892454400,negative,0.029071337363158343
1336189718040629248,neutral,0.3650158396528556
1336189737141460992,neutral,0.411594083119197
1336189742900195329,negative,0.004277511146664857
1336189743982383105,neutral,0.5893261878654859
1336189749246234624,negative,0.25260200104029257
1336189752194846721,negative,0.3007550289350795
1336189754950496257,neutral,0.48216065977012623
1336189763410386946,positive,0.9283280803569373
1336189765771780105,negative,1.7191983506215212e-06
1336189770054074368,negative,0.20086541132619104
1336189770783993857,negative,0.04508963065022405
1336189774902726656,negative,0.1324251921584709
1336189775615811588,positive,0.8248219906384228
1336189776068829185,negative,0.008054071184723672
1336189778983874562,negative,0.21847977827698928
1336189780191834113,negative,0.05252426403943661
1336189782502875138,negative,0.3029968537174699
1336189786420350976,negative,0.02291573971263164
1336189795060551681,negative,0.05150605835110808
1336189801490337792,negative,0.13451079577541883
1336189802517958658,positive,0.993706470755076
1336189803340181505,negative,0.015621975753946655
1336189807786070022,neutral,0.5278451048448968
1336189813716905984,negative,0.0888050646702858
1336189815331540993,negative,6.721439998032326e-07
1336189819597303808,neutral,0.5071762778347629
1336189820171907076,negative,6.690186697327808e-07
1336189822067748864,negative,1.7819205580442226e-05
1336189822180835328,negative,6.28519872853218e-05
1336189839578947585,negative,0.004277511146664857
1336189840992337921,negative,0.08450003896211766
1336189842313662466,negative,0.017350582528925313
1336189843051859968,negative,0.0006582907204301826
1336189846164033536,negative,2.500517985310206e-09
1336189849905278978,negative,0.004406161221784879
1336189850966364161,negative,0.25373156096610366
1336189858960666625,negative,0.08704022165128145
1336189859782782976,negative,0.007624409849385564
1336189863754756096,neutral,0.5071762778347629
1336189868729380864,negative,0.0001902049897751269
1336189869572444161,negative,0.0021768732611105778
1336189873095540737,negative,1.7191983506215212e-06
1336189883216351232,negative,0.0019216533953239328
1336189885896683521,negative,1.7191983506215212e-06
1336189888945938437,negative,0.06839349244463946
1336189892997619713,negative,3.241563741138854e-05
1336189895954604032,negative,0.06912021673600097
1336189900077543425,negative,1.902424564390121e-05
1336189900933173248,neutral,0.44086945805243716
1336189904926121984,negative,1.7191983506215212e-06
1336189907606364160,negative,0.00041986153963623245
1336189908805795840,negative,0.2247286567051241
1336189910924087299,negative,0.009307811658913012
1336189918775808002,negative,0.0005547139556710905
1336189920348553218,neutral,0.44962329220657316
1336189926312964097,negative,0.23747363205563995
1336189928632442882,negative,1.7191983506215212e-06
1336189934533812225,negative,0.23939894847570692
1336189944872767488,negative,1.7191983506215212e-06
1336189954460950534,negative,0.03710299525440443
1336189957011103745,negative,0.06779021390388032
1336189961855528961,negative,0.004286906362628334
1336189962551779328,positive,0.6822300308142013
1336189979995889668,negative,0.2694450109501019
1336189996013936640,negative,0.12459472777735704
1336189999016886274,negative,0.1066084371313194
1336190000237584386,neutral,0.3958277100863295
1336190010211643394,negative,0.09694851929939026
1336190011092430848,neutral,0.47324931962983685
1336190011092439042,negative,4.236956414730344e-14
1336190011146907648,negative,8.772885705732341e-05
1336190011801280513,positive,0.8975240934124493
1336190019057422340,negative,0.03947520384433996
1336190020294733824,negative,0.021480555679103338
1336190025533435904,negative,6.107570637707163e-05
1336190027295027208,negative,2.9986223663071714e-08
1336190027899002881,neutral,0.3766576159964037
1336190037097021440,negative,1.7151836895479317e-07
1336190040410644480,negative,0.06381344872217504
1336190042130292736,neutral,0.5631874880296035
1336190043745099778,negative,0.010320231446011024
1336190044491616256,negative,4.401722626079707e-06
1336190045414428679,negative,0.0031052611114051635
1336190048258035712,neutral,0.49789225920557484
1336190048367079424,neutral,0.5071762778347629
1336190057116524544,negative,1.7191983506215212e-06
1336190060249690114,negative,0.009903316827248746
1336190066339827712,neutral,0.34513378961540864
1336190076305420289,negative,0.22891315180656766
1336190086128480258,negative,2.495976772136242e-08
1336190090670977024,negative,0.12149867443939591
1336190096010260480,negative,0.04241853269950235
1336190101660053505,negative,0.21884606593570094
1336190106940616704,negative,7.257455716795548e-05
1336190110858162176,negative,0.00023403396425930164
1336190112468664320,negative,0.18157495415356303
1336190147889655808,negative,0.007225951530436003
1336190156907315200,negative,3.9597132235214e-09
1336190161693134848,neutral,0.49789225920557484
1336190162842292225,neutral,0.49789225920557484
1336190164486529024,neutral,0.40472449567824037
1336190169137876992,positive,0.9976521473271183
1336190170144632832,negative,0.011354446539837916
1336190173424578560,negative,1.4407363035372812e-06
1336190196744921089,neutral,0.5755177419898956
1336190197260750848,negative,0.053017950916210026
1336190198116397056,positive,0.719638074662825
1336190200125550598,positive,0.9932882756944565
1336190212939112448,negative,0.3020135550609068
1336190232782364675,negative,1.2643644735787302e-05
1336190241825120256,negative,0.006109000312379214
1336190245210087431,negative,0.001995819061954354
1336190251296038912,negative,0.023431284274229826
1336190258828910595,positive,0.954287394651051
1336190259521073153,negative,2.6765379258714856e-07
1336190266403921922,negative,0.1274429032201637
1336190270132514817,negative,0.1622896852513031
1336190273248956416,negative,0.21262315063761303
1336190273504874496,negative,0.027448751952546088
1336190273752363009,negative,0.04171072940288005
1336190279859179520,negative,9.56871031453336e-07
1336190284733034498,negative,0.10771954126936868
1336190292622503937,negative,0.3241033891471072
1336190295168479234,positive,0.6824837810859113
1336190296766488577,negative,4.0026378590516236e-05
1336190311916326915,neutral,0.48728019602140255
1336190314562932737,negative,0.1293656677645376
1336190318019039233,negative,0.03652869567889581
1336190323660296193,negative,6.690186697327808e-07
1336190324373221376,negative,0.00013161362852136133
1336190325996605441,neutral,0.5071762778347629
1336190327644942337,negative,0.12978831850731948
1336190334259302400,negative,0.009786938110742
1336190335555411968,negative,0.003919469281742285
1336190338793398272,negative,0.052792063704727554
1336190343096700930,negative,6.28519872853218e-05
1336190350222909443,negative,0.0028578912323728774
1336190357512523776,negative,0.0004396295430641192
1336190360184303619,negative,0.10959673424636024
1336190366672973826,neutral,0.3511648119130708
1336190370384760832,negative,1.8052770833453498e-06
1336190378844835840,negative,0.010092753159063926
1336190389263413248,negative,0.21921412548362115
1336190401695293440,negative,0.00037139678001907507
1336190413208621058,negative,0.034888105237923
1336190415670824961,negative,0.13451079577541883
1336190425523171328,negative,0.09298465038113489
1336190431529353216,negative,0.2587123508020072
1336190442052984833,negative,0.3020135550609068
1336190465486548993,negative,0.11272562868085059
1336190468271575041,negative,0.00018311820123815574
1336190471824048128,negative,0.024652138632665202
1336190479696756742,negative,0.047757376966156735
1336190499401560064,negative,0.010419330567358085
1336190512206897154,neutral,0.5755177419898956
1336190513477771267,negative,0.15951359004513174
1336190525708316672,negative,0.013005276233958158
1336190530934358016,negative,9.903968579935997e-05
1336190532494766080,neutral,0.5755177419898956
1336190548265328641,negative,0.029071337363158343
1336190551297671170,negative,0.23568651887278078
1336190552942010369,negative,0.04877281531806551
1336190562274340864,positive,0.9993266786374742
1336190570537000963,negative,0.003033950823281349
1336190572403552257,negative,0.2708281057612912
1336190589797326848,negative,0.08979261644985266
1336190594826129409,negative,5.103601951507165e-05
1336190600673189889,negative,0.001224002616508601
1336190613155442690,negative,0.04241853269950235
1336190613545422849,negative,1.7191983506215212e-06
1336190613704740864,negative,0.11454174162420819
1336190627667726341,negative,1.7191983506215212e-06
1336190629441835008,negative,0.00016427764520726972
1336190631593398272,negative,0.02384368602183714
1336190634047143937,neutral,0.5315025225330297
1336190638048636929,neutral,0.3714899608697535
1336190638795132928,negative,0.02634800231716357
1336190641605324801,neutral,0.5315025225330297
1336190644486856708,negative,0.019234101154099587
1336190645132640256,negative,0.039710666522404264
1336190648727244800,negative,1.7191983506215212e-06
1336190651566854149,negative,0.004277511146664857
1336190652896382976,negative,0.009019044053427067
1336190654389469190,negative,0.001439353912616642
1336190656289464326,negative,0.05964467551551887
1336190658328006656,negative,0.012726022450742605
1336190662165868544,negative,0.03652869567889581
1336190662664925187,negative,0.007624409849385564
1336190680939585538,negative,3.241563741138854e-05
1336190686983581701,negative,0.00015650630631960637
1336190702531833858,negative,0.07865779733058727
1336190724501622788,negative,0.09267447900807542
1336190735234834432,negative,0.02801659280369491
1336190742373355521,negative,0.10521105996277452
1336190744613142532,negative,0.3029968537174699
1336190752439808000,neutral,0.49789225920557484
1336190762460073990,neutral,0.4362707742274025
1336190771947507713,positive,0.9976521473271183
1336190802050097152,negative,0.01705579045010632
1336190822207918080,negative,0.0001503772128153046
1336190834102870016,negative,0.11505109782649346
1336190843800137729,neutral,0.49789225920557484
1336190850091667456,negative,0.0028578912323728774
1336190851182170112,negative,0.015030881585496562
1336190853266673664,negative,0.17037613838861793
1336190853312868352,negative,0.0018459626310654313
1336190855217082368,negative,0.03846879771579121
1336190857561698304,negative,0.0012951605993088407
1336190860765978626,neutral,0.5071762778347629
1336190860778745856,negative,0.0036380460440132
1336190871318921217,negative,0.01799879984931666
1336190871826468865,neutral,0.5071762778347629
1336190873583935488,negative,1.7191983506215212e-06
1336190877094600704,negative,1.4924185923056338e-09
1336190886527512577,negative,0.06498849679258284
1336190891107758080,neutral,0.437369725752128
1336190893607546881,negative,0.010113612595705295
1336190895725682688,negative,0.00041986153963623245
1336190899022417922,negative,3.0661785543142927e-07
1336190906224037888,positive,0.9559041898164781
1336190908799344640,negative,0.006237403847051878
1336190909084545024,neutral,0.3332856921008272
1336190911017979906,negative,0.001669829844460635
1336190913601630210,negative,0.05838581172579735
1336190940558585856,negative,4.911609868369738e-06
1336190962608041986,negative,0.009529908748424533
1336190970237431809,negative,0.0005145837770320586
1336190971172839425,negative,0.21884606593570094
1336190975165730816,negative,0.000839352327522275
1336190979850833921,negative,0.013023324532953892
1336190983587979265,negative,0.2587123508020072
1336190983898165249,negative,0.007225951530436003
1336191006606315520,neutral,0.4809529976679178
1336191021214994432,negative,0.0005336090286403304
1336191022917935104,negative,0.06893550074406875
1336191036859748353,positive,0.7896308023335322
1336191040185921536,negative,0.17911827424827848
1336191044405219328,negative,0.0002774137236173631
1336191052714303488,neutral,0.5315025225330297
1336191056229101570,positive,0.8577638040664197
1336191058951237632,neutral,0.49789225920557484
1336191064604954624,negative,0.006109000312379214
1336191070506536962,negative,1.533420634175845e-08
1336191075795546113,neutral,0.4741808437646564
1336191081667391490,negative,0.039710666522404264
1336191096104382464,negative,0.00041551914392712477
1336191100789387265,negative,0.19762191421706882
1336191107986812928,negative,0.03398995058222235
1336191108083294208,negative,0.27551812142011317
1336191108259270656,negative,0.0930452939707433
1336191110679412737,positive,0.6615792608745924
1336191117595824130,negative,0.06752461947012808
1336191117600186368,negative,0.06481927904299592
1336191119395315712,negative,0.010474477360760607
1336191121555300352,negative,3.9597132235214e-09
1336191122704642048,negative,0.19308520274707902
1336191128895418370,neutral,0.36733294409994255
1336191132976304128,neutral,0.4307164096682144
1336191163808755713,negative,0.2587123508020072
1336191167864729601,negative,0.06811870701451572
1336191172138549248,negative,0.16120419353057774
1336191178132348930,negative,8.644287725591275e-05
1336191192732676096,negative,0.0023137537418863193
1336191210692730881,negative,0.005558510655863529
1336191216057266177,negative,0.09289722460730292
1336191239377612801,negative,0.185134041586808
1336191240988217344,negative,0.029132655814828472
1336191256662134784,neutral,0.6270483292354673
1336191259912921088,negative,0.008840426312788089
1336191267353612288,negative,0.030265392030893026
1336191274236391426,negative,3.935136559526877e-05
1336191298206838784,negative,0.0009515243869238782
1336191302300553217,negative,0.1933311826096359
1336191305198649346,negative,0.007925768546725538
1336191315806130176,negative,0.0031052611114051635
1336191317009952771,negative,0.01280562315818517
1336191321632071687,negative,6.721439998032326e-07
1336191321791455234,negative,0.21921412548362115
1336191324098338816,neutral,0.607601807529265
1336191328137469952,negative,0.00891602759719199
1336191361054371840,negative,0.0002769237366916696
1336191368675401729,neutral,0.3361884493037581
1336191369602244610,negative,0.00648207380322433
1336191378506846208,negative,0.0016570149109280399
1336191378548776962,neutral,0.5315025225330297
1336191380469805056,negative,2.153405993000662e-09
1336191381568630785,neutral,0.36733294409994255
1336191405413240832,negative,1.6087048991544358e-10
1336191407564972032,negative,0.0027815988859794744
1336191411176222721,positive,0.6850712561038326
1336191414166810626,negative,2.8737225751959753e-07
1336191439198445569,negative,1.3220794403486008e-06
1336191444235771905,negative,0.025028788478359695
1336191456604790785,negative,2.85075121542287e-07
1336191473042255872,negative,0.0015414289990940235
1336191486828949506,negative,0.31938331174015655
1336191489827876866,neutral,0.35509496682161057
1336191498719793152,neutral,0.49789225920557484
1336191511625687040,neutral,0.6301234559680013
1336191513282441216,negative,0.009903316827248746
1336191513911504897,neutral,0.33137342460839975
1336191519917740034,negative,3.9597132235214e-09
1336191522241466368,negative,4.321966436942116e-05
1336191528490987521,negative,0.023099088473276776
1336191537944752129,negative,2.4949837626518396e-05
1336191541187129344,negative,0.2170334461847334
1336191546014756864,neutral,0.4989352572581134
1336191550158745601,negative,0.05898496711890165
1336191560556425216,negative,0.0010765135951706127
1336191574754123776,negative,0.21884606593570094
1336191590151434240,negative,0.0005163356801927223
1336191591388614656,negative,0.2534876335781106
1336191596887465989,negative,0.2879839208952318
1336191612251201537,negative,5.8742672488537866e-05
1336191613895229441,neutral,0.5315025225330297
1336191618286665729,negative,0.2534876335781106
1336191621130383362,positive,0.6624055896622104
1336191622799892480,neutral,0.4307164096682144
1336191641154179072,negative,0.011775088930530206
1336191653024059392,negative,0.007225951530436003
1336191655276326912,neutral,0.6477488628836459
1336191655599349761,negative,0.08704022165128145
1336191658526961665,neutral,0.5260118744765444
1336191659588071425,negative,0.007225951530436003
1336191667880210432,negative,0.0736401149528525
1336191668589047808,positive,0.9633894245446962
1336191668660342786,negative,0.0065323087106363325
1336191683088822272,negative,0.21984677027542357
1336191685009711104,positive,0.6615792608745924
1336191691326369792,negative,0.0087389188871537
1336191701644312578,negative,0.0028578912323728774
1336191703489896448,negative,5.382767711105528e-05
1336191708040577024,negative,0.013189474121757406
1336191715565297664,negative,0.1533622433236045
1336191720980180993,neutral,0.3755229128228051
1336191723094077440,negative,0.0028578912323728774
1336191738428481539,neutral,0.49789225920557484
1336191739695165441,negative,0.053155612144333474
1336191740177420290,negative,0.058333536954830824
1336191743591673859,neutral,0.49789225920557484
1336191778270154752,neutral,0.49789225920557484
1336191788302954497,negative,0.017605915106802685
1336191792740438016,negative,0.003201314430833729
1336191798276919298,negative,7.510870896493776e-11
1336191811677655042,negative,0.03919463519771638
1336191812831236099,positive,0.7865489494611413
1336191829579096064,neutral,0.46127768308170247
1336191858263781376,negative,0.04328534860728342
1336191862600855553,neutral,0.49789225920557484
1336191881361960960,neutral,0.40123630729749504
1336191883282948096,negative,0.06811870701451572
1336191884696367104,negative,0.19121999831568517
1336191890706710531,negative,0.009748048495969006
1336191891340218370,negative,0.05790344717653552
1336191900060184576,positive,0.993706470755076
1336191901716844545,neutral,0.49789225920557484
1336191901981159424,negative,0.21884606593570094
1336191904191565824,negative,0.0023137537418863193
1336191907681198080,negative,0.039710666522404264
1336191917953064960,positive,0.993706470755076
1336191920188612609,neutral,0.5755436691302463
1336191923309195264,negative,5.934708141414327e-05
1336191924965961730,negative,2.0340539380826816e-06
1336191927134298118,negative,0.0005842782954803733
1336191935690592256,negative,6.666100273627052e-09
1336191938375147521,negative,0.02008267147215865
1336191939281096705,negative,0.007225951530436003
1336191945656438786,negative,0.011527543463487784
1336191948634275841,negative,6.735804082558941e-07
1336191949452283904,negative,0.18603194147145988
1336191973112360964,negative,0.03597778905177912
1336191974278385668,negative,0.15903959062786732
1336191983426154496,negative,0.249816998890111
1336192002560585731,neutral,0.49789225920557484
1336192014350684164,negative,0.03374290421429865
1336192054184071173,negative,0.12335175187176886
1336192063696633856,negative,0.004021902104194566
1336192074090209280,negative,0.11495712385474424
1336192075256238081,negative,0.0016570149109280399
1336192075897954304,negative,0.010473492869693818
1336192082155855873,neutral,0.5071762778347629
1336192082659184641,negative,0.011518362777830566
1336192083854503941,negative,0.1467077116093516
1336192084840214528,negative,0.0009104967782213092
1336192086769545216,positive,0.9521292451599502
1336192091903299584,negative,0.09345438037977526
1336192092020805632,negative,0.00012911369574330177
1336192105270611968,positive,0.9496007978447589
1336192106747097091,negative,0.0007527714001778677
1336192121255178242,negative,0.0005842782954803733
1336192153127677952,negative,3.972516856231603e-11
1336192154356604929,neutral,0.5136446707795853
1336192170999607299,neutral,0.49789225920557484
1336192174241837056,neutral,0.49789225920557484
1336192197968990209,neutral,0.46294964462464294
1336192202519752704,positive,0.7959254338855681
1336192210459561986,negative,0.09378155633389652
1336192211738824710,negative,0.3084150050135285
1336192214700060672,neutral,0.49789225920557484
1336192259335860224,negative,0.010903040284193756
1336192262909403137,neutral,0.48728019602140255
1336192269473488896,neutral,0.41331154166425377
1336192277950193665,negative,0.02341292172742968
1336192285369839616,neutral,0.3755229128228051
1336192289123807239,negative,0.006340130798706599
1336192290667245568,negative,4.11669798203053e-06
1336192294895095808,negative,0.0029611909235076218
1336192312678916097,negative,0.16113009361034783
1336192318593003522,neutral,0.40123630729749504
1336192327602343936,neutral,0.49789225920557484
1336192334879453185,neutral,0.49789225920557484
1336192340403363840,negative,0.046167355058863165
1336192375232802816,neutral,0.40472449567824037
1336192389933916164,negative,0.0006081837942504616
1336192397408169984,negative,0.009164636302881774
1336192403984818176,negative,2.02071897608534e-11
1336192422699696131,negative,6.26794955529019e-06
1336192432715800576,negative,0.16113009361034783
1336192443230916608,negative,0.03262574778298448
1336192448121479168,negative,0.0005035075853482009
1336192455079849987,neutral,0.5071762778347629
1336192455599927296,negative,0.004799864638620477
1336192457403461633,negative,0.03275805674869764
1336192458783416321,negative,0.008840426312788089
1336192460037517312,negative,0.00023217510326101364
1336192461409046528,negative,0.19924545451767137
1336192464407945216,negative,0.16042464548961022
1336192465552936961,negative,7.792204843579249e-06
1336192466882531330,negative,0.0026718646847690027
1336192468841324544,negative,0.11600027192901424
1336192471953514496,neutral,0.5071762778347629
1336192474730164225,negative,1.162496922468348e-05
1336192475891867648,negative,1.4303192111205777e-06
1336192476307218432,negative,1.7191983506215212e-06
1336192477447897088,negative,0.004277511146664857
1336192480333733890,negative,0.005747827406996608
1336192483278131200,negative,0.03118285222970656
1336192486075752452,negative,3.241563741138854e-05
1336192487530983425,negative,0.3263905330884209
1336192488319627266,negative,2.9637975044741255e-08
1336192490177622016,negative,1.09061400996214e-05
1336192491209441280,negative,2.9866034830059577e-11
1336192494862667776,negative,0.023330499841358335
1336192523962822656,negative,0.13875157282500097
1336192527959994378,neutral,0.5710211662525364
1336192534389862400,negative,0.2010316468967559
1336192542249914369,neutral,0.49789225920557484
1336192546767245312,positive,0.993706470755076
1336192571874418689,negative,0.023345951793691897
1336192586592169988,negative,0.2247286567051241
1336192626903625728,neutral,0.49789225920557484
1336192632242900994,negative,0.07136947990842707
1336192634134511616,negative,0.0005438198497533748
1336192639226556417,neutral,0.49789225920557484
1336192646579032064,negative,0.044753005694787386
1336192651486498818,negative,0.02482065668515862
1336192656196710400,negative,0.007189136960335439
1336192656339329024,neutral,0.3435529751425703
1336192656389640193,negative,0.007147554508442712
1336192660315516929,negative,0.005496521896995324
1336192667034804225,negative,0.00305407943104384
1336192669589139462,negative,2.811995229006218e-06
1336192673624039425,negative,0.03518052210475201
1336192673972162562,negative,0.021135723202513428
1336192680376881153,negative,0.0879501326042891
1336192683749076992,negative,5.494818113372645e-10
1336192695920852992,negative,0.039710666522404264
1336192701780389889,negative,0.005008848564722906
1336192711397879809,negative,0.1230949997025156
1336192711511207936,positive,0.8094620911310191
1336192712400363521,positive,0.9976521473271183
1336192715676131329,neutral,0.5047242111457131
1336192717546795008,negative,3.3881474722473344e-05
1336192732809863168,negative,4.103820030723609e-05
1336192737465536514,negative,0.001278503335434978
1336192740007305216,neutral,0.49789225920557484
1336192742699880448,negative,0.0018946544554265528
1336192744658628609,negative,0.00771468037442342
1336192749628837888,negative,0.044753005694787386
1336192749914218500,negative,0.0006735615639546031
1336192756851613697,neutral,0.43292098173042476
1336192778850582534,neutral,0.49789225920557484
1336192792742289408,negative,0.00013773449130335348
1336192803584552961,negative,0.006847790059752796
1336192813273214977,negative,0.005814085574170733
1336192813860438017,negative,0.006847790059752796
1336192814955208706,negative,0.011268536415572978
1336192821351620614,negative,0.12973447597259347
1336192827345268738,negative,0.06087398606511562
1336192828611837953,neutral,0.49789225920557484
1336192833993129984,negative,0.05447057642360582
1336192834278404096,negative,0.00016427764520726972
1336192840632774656,negative,0.0005848826826802476
1336192845770846210,negative,8.953810222184899e-07
1336192846349676546,negative,0.0023137537418863193
1336192848102821889,negative,0.0010716329241278345
1336192850984361985,negative,0.02328684422121241
1336192869636431873,negative,0.30292088855463806
1336192882420674561,negative,0.0010737862200967544
1336192896098295808,positive,0.9998346173284736
1336192910144966656,negative,0.007987785879808995
1336192920928575489,neutral,0.49789225920557484
1336192931451977730,negative,0.13925165515742596
1336192939240771584,negative,0.00036923378295121987
1336192939823927301,negative,0.08608029552599263
1336192940763443206,neutral,0.3726847435457324
1336192945368813571,negative,0.11488001736794164
1336192946874572800,negative,0.004598261311465458
1336192948485152769,negative,0.16803682326193756
1336192949063802881,negative,6.0031017052021435e-06
1336192962389225472,negative,0.30292088855463806
1336192965367062528,neutral,0.4346092910310146
1336192972124282881,neutral,0.36103607938500104
1336192974108172288,negative,0.00012842438689124723
1336192974649221121,negative,0.04241853269950235
1336192984111403010,neutral,0.4346092910310146
1336192994085580800,negative,0.013299309746233123
1336193008623095810,negative,0.0843642783607894
1336193018588786693,negative,0.03947520384433996
1336193018680979457,positive,0.7754916131201466
1336193029321994245,neutral,0.49789225920557484
1336193029464612864,neutral,0.5071762778347629
1336193040906502145,negative,0.1692461648199643
1336193042735312897,neutral,0.3945772983179706
1336193044438163456,negative,0.1059213163468295
1336193044966748160,negative,3.2353136972995194e-11
1336193046615093248,negative,0.008840426312788089
1336193048024379393,negative,0.03815411738779761
1336193051354652672,negative,0.05150605835110808
1336193061517451265,negative,3.335814868771053e-05
1336193064793231361,negative,0.08573451333773291
1336193065220976642,negative,0.23998237186305157
1336193078512775168,negative,5.0367457085258106e-05
1336193098649645056,negative,0.0032823215320989616
1336193110074941440,negative,0.21884606593570094
1336193122490064901,negative,0.013023324532953892
1336193125627334656,neutral,0.49789225920557484
1336193143650349056,neutral,0.5755177419898956
1336193152345108486,negative,0.0028578912323728774
1336193157302800384,negative,0.06076177664215859
1336193158586068993,neutral,0.49789225920557484
1336193159152496641,negative,0.13451079577541883
1336193170829357056,negative,0.09692851314323378
1336193195928129538,negative,0.0015042838187173061
1336193210520047627,negative,1.7191983506215212e-06
1336193212332060673,negative,0.00012733579170038037
1336193219323891712,neutral,0.45854565419078946
1336193220011831296,negative,0.24281132838129352
1336193220863270912,negative,0.03614758062222685
1336193220997505024,negative,0.037461750096518066
1336193233500565506,negative,0.1520812634342893
1336193268057591810,neutral,0.3946660906568613
1336193268355375105,positive,0.866197228789535
1336193268879511554,positive,0.8056636092827175
1336193272377716736,negative,0.013764275779468333
1336193298193637376,negative,8.43329517272229e-06
1336193300718628864,negative,1.0569231903564948e-07
1336193309379858432,negative,0.00037139678001907507
1336193325909434369,negative,0.0536976056624653
1336193327516033024,negative,0.0032823215320989616
1336193341151715328,neutral,0.49789225920557484
1336193343303393282,negative,0.004429160942563023
1336193344897212417,positive,0.7865489494611413
1336193361204682752,negative,0.2225751771007236
1336193374051651584,negative,0.0016570149109280399
1336193388329242625,neutral,0.6442420759709687
1336193390220861440,negative,0.24056659662226232
1336193391697211392,negative,0.0014003036828241484
1336193391705681920,negative,8.118588028653862e-10
1336193400043958276,negative,0.005501943253044084
1336193401621008384,negative,9.697556901818357e-06
1336193404032737281,positive,0.8684239548720436
1336193411364384768,negative,0.005496521896995324
1336193412194820096,negative,0.013035580672180243
1336193421233426432,negative,0.004277511146664857
1336193422605103104,negative,0.27091299296519483
1336193422718332928,negative,3.8626393142742006e-07
1336193425453027328,positive,0.940015052726765
1336193428938493954,negative,0.0008364075617989922
1336193430477651968,negative,3.392417034993409e-07
1336193432436551682,negative,3.282674606020432e-10
1336193433170481152,negative,0.19308520274707902
1336193434646949888,negative,0.0055739190106772266
1336193443987591173,negative,2.2940270712241783e-06
1336193446525153280,negative,0.05268460999955519
1336193447577800709,negative,0.27205242914491434
1336193452242038787,positive,0.9704867200789075
1336193457778536449,neutral,0.5755177419898956
1336193458290102272,neutral,0.5071762778347629
1336193462471974912,negative,0.05960986569141585
1336193465655455744,negative,4.421547238322135e-09
1336193471019966464,negative,0.2719538844948051
1336193474253758464,neutral,0.545891140974272
1336193486408871937,negative,0.0031052611114051635
1336193487046316034,negative,0.0055739190106772266
1336193492012425216,negative,0.07345292621289218
1336193494843600897,neutral,0.5071762778347629
1336193496408088576,neutral,0.3755229128228051
1336193500128419840,neutral,0.5071762778347629
1336193503244775426,negative,0.0055739190106772266
1336193510731444224,neutral,0.5071762778347629
1336193511473995776,neutral,0.41331154166425377
1336193512233177089,negative,0.09957017882847821
1336193517161492480,negative,0.13665739866626012
1336193518142955521,negative,4.755826084208596e-05
1336193524237156353,neutral,0.49789225920557484
1336193525839507456,negative,5.0367457085258106e-05
1336193530478333953,negative,0.005496521896995324
1336193546890698752,negative,1.4303192111205777e-06
1336193547402436609,neutral,0.4402571704036702
1336193547679264768,negative,0.25373156096610366
1336193550548144128,neutral,0.3496684532990378
1336193553681141760,neutral,0.42507619662732005
1336193555874844673,negative,1.7191983506215212e-06
1336193559171633152,positive,0.983145518532911
1336193569946791940,negative,4.87281219845319e-09
1336193571876179974,negative,0.0007882007834056624
1336193571913871360,negative,7.965727280978378e-05
1336193572094291969,negative,0.0055739190106772266
1336193574287921152,negative,0.0001589851351766236
1336193579258146816,negative,0.21884606593570094
1336193579862069249,negative,0.021702843608627786
1336193581191733250,negative,0.05150605835110808
1336193581422436358,negative,0.005496521896995324
1336193581946691585,neutral,0.49789225920557484
1336193582642855936,negative,0.11488001736794164
1336193591476187136,negative,2.4464107018303262e-06
1336193597880872960,negative,0.05447057642360582
1336193604478504960,positive,0.8805650400254422
1336193605241802752,negative,0.21884606593570094
1336193615421292545,negative,0.020150811136210933
1336193623101222913,negative,1.7191983506215212e-06
1336193624523091968,negative,0.006705520764048693
1336193629300330497,negative,5.194578471947715e-06
1336193634769784832,neutral,0.615029404592939
1336193639492562944,negative,0.005085781729054612
1336193640377552896,negative,0.22908868048016992
1336193652209676288,negative,0.013880893589698429
1336193653564436480,negative,0.002898784810733864
1336193654067580929,neutral,0.49789225920557484
1336193657947426817,neutral,0.6461670358251113
1336193666306637826,negative,0.03587417083036424
1336193667225313283,negative,0.01000541021580732
1336193677451022336,negative,0.19121999831568517
1336193678952386560,negative,0.005496521896995324
1336193679250182147,negative,0.005496521896995324
1336193679715946501,negative,0.1486386461223406
1336193680554659842,negative,0.20406323318493697
1336193681284620289,negative,0.0008692834650773356
1336193682546946048,negative,9.25254376533152e-06
1336193683482263552,negative,0.011881652961005212
1336193684371615744,neutral,0.49789225920557484
1336193685990461441,negative,0.006850817447594698
1336193694484074496,negative,0.1261715952875349
1336193699190075394,neutral,0.49789225920557484
1336193699391426560,negative,0.0014487696312983766
1336193700616146949,negative,4.643193737420944e-08
1336193701933166592,negative,0.001463028608475266
1336193707192758273,negative,0.009791710492820647
1336193712490213379,negative,0.31558087544454516
1336193713211633665,negative,0.004082496770884215
1336193715325575168,negative,1.2904236819562428e-17
1336193717775044609,negative,3.8626393142742006e-07
1336193721277308928,neutral,0.38738748372650755
1336193730114686976,negative,2.4088386626381296e-06
1336193732899557376,negative,0.028267765666095863
1336193732975099904,neutral,0.5071762778347629
1336193739069550592,neutral,0.5071762778347629
1336193739308507136,negative,0.0892556737665758
1336193740864679937,negative,0.013880893589698429
1336193748020187136,neutral,0.5766416961865442
1336193748338937857,neutral,0.5071762778347629
1336193748460507136,negative,0.01534820579296411
1336193756563902464,negative,0.07260162749236296
1336193760535982086,neutral,0.3693245483356045
1336193762377289730,negative,0.01191513735801865
1336193774096146432,negative,0.00866769236814375
1336193775731798017,negative,0.013991439751342927
1336193775857790978,negative,0.019169292913429004
1336193778508587008,negative,0.12712890869219548
1336193782837108737,negative,0.0023137537418863193
1336193793050243073,negative,0.0011027218140244415
1336193793138151425,negative,0.10274910098759953
1336193793146540034,negative,0.1457450014959543
1336193793167650817,negative,6.721439998032326e-07
1336193793192644608,negative,0.003548879340015578
1336193802629861377,negative,0.012857293514552403
1336193803213008896,negative,0.056100687632332766
1336193803238174721,negative,6.165313518204795e-10
1336193807277150208,negative,0.0028578912323728774
1336193811689725952,negative,0.01534820579296411
1336193815816888321,negative,0.2301240913224095
1336193823391801345,negative,3.8068353475839946e-06
1336193826289926144,negative,4.554611532857603e-08
1336193827372142593,negative,2.4088386626381296e-06
1336193830224343040,negative,0.003430732555366028
1336193847408402432,negative,0.03947520384433996
1336193851413962754,negative,1.8239681576876263e-05
1336193863040561153,negative,0.0008379722520747987
1336193886960672768,negative,0.019141517069240166
1336193892522323968,negative,0.3084150050135285
1336193907634401282,negative,2.052075764392758e-05
1336193912852115456,negative,0.00038435729689623995
1336193915276259328,negative,0.0028578912323728774
1336193921433694212,negative,0.026926096156326636
1336193927225937920,negative,0.0006735615639546031
1336193930866679810,neutral,0.35037246870997213
1336193936604459008,negative,0.1913461824999998
1336193941406887937,negative,0.3020545608093368
1336193950558920704,negative,0.008840426312788089
1336193966568599554,negative,1.4388154384407083e-09
1336193987745624064,negative,0.0026102516323949884
1336193994498445316,negative,0.0028578912323728774
1336194006468931585,negative,0.005552894533844273
1336194007324631041,neutral,0.3556673342434199
1336194028153532417,negative,0.06094529132896137
1336194028816257024,negative,0.084944231475276
1336194036760133633,neutral,0.49789225920557484
1336194046662946816,negative,0.009903316827248746
1336194050530021378,negative,0.005496521896995324
1336194057761140737,negative,0.03006031355796493
1336194064350318594,negative,0.15144919306389035
1336194066393018368,neutral,0.35037246870997213
1336194076572602369,negative,0.00077434276375772
1336194081530245121,negative,0.008840426312788089
1336194121959170049,negative,0.05798318117802024
1336194136249131008,negative,0.21884606593570094
1336194179924422662,neutral,0.6442420759709687
1336194181535051776,neutral,0.35037246870997213
1336194183997034497,neutral,0.4307164096682144
1336194186333270021,negative,0.16488728339154066
1336194237541408768,negative,7.502827298368061e-05
1336194246810996737,negative,0.0028578912323728774
1336194250657034240,negative,0.29496435215924915
1336194251567329281,negative,0.0752690896602867
1336194253815418880,negative,2.1007266614104364e-05
1336194259272273923,negative,1.7191983506215212e-06
1336194260274704387,neutral,0.49789225920557484
1336194266364665858,negative,0.06840021046177149
1336194269242150914,negative,0.0055739190106772266
1336194270898819073,negative,0.0005090886339321913
1336194278364762117,negative,0.005496521896995324
1336194280034095105,negative,0.3084150050135285
1336194281116196864,negative,1.7191983506215212e-06
1336194291996168197,negative,0.0003130193473460766
1336194293158072321,negative,0.21921412548362115
1336194305778614272,negative,0.17486474736665014
1336194308639240198,negative,5.0367457085258106e-05
1336194312141479937,positive,0.8515340738469702
1336194312653115392,negative,0.22595129860201357
1336194317120114696,neutral,0.4188857323101202
1336194319896752129,negative,0.010175026642790519
1336194323549925378,negative,3.011174644022202e-09
1336194335562293248,negative,0.045706685545637414
1336194340801163265,negative,6.844100062941176e-07
1336194341316923393,negative,0.0028578912323728774
1336194343896539141,negative,0.1417906881866467
1336194354680115201,negative,0.0006041177216250982
1336194372006793216,negative,0.0013612365120563472
1336194379439108097,negative,0.06477773151465172
1336194383083868161,positive,0.69865453543392
1336194384094752768,neutral,0.36075706408024416
1336194416214568960,neutral,0.5315025225330297
1336194419310141442,positive,0.9332562976032979
1336194441242095621,positive,0.6850712561038326
1336194457587380224,negative,0.011834516660137972
1336194461525807105,neutral,0.5071762778347629
1336194467066302464,negative,0.059931330640836014
1336194468479954944,negative,1.148650034451008e-06
1336194473546674176,neutral,0.5071762778347629
1336194479934611456,negative,0.01280562315818517
1336194483956813825,negative,0.004113350196889775
1336194499811405826,negative,0.00012447964076186966
1336194506748612609,negative,0.0014551416348712062
1336194508623581185,negative,0.01067644506586135
1336194512905900032,negative,0.10521105996277452
1336194515586125824,negative,0.0017181676004293582
1336194517746106368,neutral,0.3499352441185855
1336194524507344897,negative,1.7397556140916655e-06
1336194528051687427,neutral,0.37426265427695826
1336194564617539584,negative,0.011527543463487784
1336194567490719746,negative,0.12472497828827017
1336194567968845824,negative,2.8656385812653724e-09
1336194570284130304,negative,0.039710666522404264
1336194576781103104,negative,0.05620141886949578
1336194648528867328,negative,0.16480048776141726
1336194651221614594,negative,0.12469954167482956
1336194659715047430,negative,0.3029968537174699
1336194682393595905,negative,1.1869118326382274e-06
1336194686176948226,neutral,0.3996580091506196
1336194692116049920,negative,0.096708198690118
1336194693500112897,negative,0.0030970298764141386
1336194695626706944,negative,0.0018946544554265528
1336194700982759424,positive,0.6850712561038326
1336194702014513152,negative,0.0005787178081881781
1336194708830375936,negative,0.013391040096625293
1336194711103680532,neutral,0.5495532230848773
1336194711380521121,neutral,0.41331154166425377
1336194716212322305,negative,3.901034229144239e-06
1336194719781687296,negative,4.472229153491951e-05
1336194719886565376,negative,0.05150605835110808
1336194723430719488,negative,0.013880893589698429
1336194729420185600,neutral,0.49789225920557484
1336194744515506182,negative,0.06477773151465172
1336194751658385408,negative,0.022932136878904785
1336194752954445824,negative,0.06477773151465172
1336194756225847296,neutral,0.4898631585877994
1336194791084797954,negative,0.07223272971173575
1336194797762211842,negative,0.00025968336197828033
1336194809090822144,negative,0.008840426312788089
1336194836081340416,negative,0.13629384608549175
1336194859485499392,negative,0.096708198690118
1336194860030844929,neutral,0.6388733437275337
1336194862543216641,negative,0.09504416030862088
1336194863042277378,negative,5.412147336538025e-07
1336194868633366529,negative,0.006114319875104256
1336194880440324097,negative,4.926546791482561e-12
1336194883967717381,neutral,0.3404448650679826
1336194903857115136,negative,4.263628785252492e-05
1336194921682726916,negative,0.004321615031720054
1336194929882783744,neutral,0.46127768308170247
1336194930667114496,neutral,0.39152863329591037
1336194932873236482,neutral,0.5920929763524001
1336194936765624322,negative,0.2636860387583112
1336194942557966337,negative,0.22595129860201357
1336194943703003136,negative,0.03824876144326513
1336194965173497856,neutral,0.49789225920557484
1336194969078521858,neutral,0.5266078707016243
1336194983179718656,negative,0.0023137537418863193
1336194988657561606,negative,0.05803961484828986
1336195026586578945,negative,0.050872144858144557
1336195032429199360,negative,0.06074226217159672
1336195036053114883,neutral,0.49789225920557484
1336195061210476544,negative,0.1457450014959543
1336195083998294017,negative,0.0629157158436027
1336195109923115008,negative,0.06893550074406875
1336195116009218048,neutral,0.4311526874531827
1336195128940244993,negative,0.053832559284134336
1336195151622975489,negative,5.4509707171448525e-05
1336195160330313728,positive,0.6945392234059348
1336195163740381184,negative,0.31062133515766494
1336195164004610050,neutral,0.49789225920557484
1336195168500760576,negative,0.01335463200091968
1336195202478972928,negative,2.511446668335649e-16
1336195203498188804,negative,0.017543102307232376
1336195216282243073,negative,0.011354446539837916
1336195249954320387,positive,0.6691122989376641
1336195253611737088,negative,0.09243475431813075
1336195262776299521,negative,0.14200478288901808
1336195264198144000,negative,0.07592336464641196
1336195270896443393,neutral,0.6376620615257317
1336195274792980481,negative,5.0367457085258106e-05
1336195278190374914,negative,0.007225951530436003
1336195285643563010,negative,0.3029968537174699
1336195287417810944,positive,0.678575451225816
1336195324071862272,negative,0.0023137537418863193
1336195325195849728,positive,0.9895861554753305
1336195348059009024,negative,0.0024414915268312345
1336195351271903232,negative,0.014094166991572055
1336195369542234112,negative,0.04943315301118889
1336195373724020739,negative,0.003560901489873014
1336195383249293312,neutral,0.49789225920557484
1336195389599387655,negative,4.043682194258575e-06
1336195421572575233,negative,2.473823155339075e-05
1336195428405157888,negative,0.21884606593570094
1336195428686159873,negative,0.11267509717633402
1336195432024829953,negative,0.31018069297732553
1336195468423032832,negative,0.14593023606157604
1336195469152759811,negative,0.14635663336484295
1336195477101027328,negative,0.024914906931611257
1336195487054110724,negative,0.0016570149109280399
1336195492305375232,negative,3.991130503156317e-06
1336195492439609344,negative,0.0012900900560937612
1336195497040744449,negative,0.007300018413738875
1336195498286276608,negative,0.13925165515742596
1336195502799511552,negative,0.003961712307578829
1336195502875009024,negative,0.0030261768363031784
1336195503365775362,positive,0.8567768078059305
1336195508646375424,negative,0.0008328834306866658
1336195511666216960,positive,0.8706662629742747
1336195511762743296,negative,0.0792229779728328
1336195512899399680,negative,0.00020720005373094926
1336195543933050880,neutral,0.4814161914174335
1336195545832951809,negative,0.00021717907269689987
1336195546399301638,neutral,0.3726847435457324
1336195550211952640,negative,0.006330117107348215
1336195562148945920,negative,7.365894599795131e-05
1336195577298571264,negative,0.00058144225716947
1336195593622990849,negative,0.056803395352981276
1336195596726775808,negative,0.10727224824855124
1336195607086706688,negative,0.002676901323085059
1336195619115896837,neutral,0.5007512982638362
1336195633586216963,positive,0.8041274245897565
1336195658059927552,negative,0.01585743572786584
1336195660954136576,negative,0.001698630607142071
1336195661562171392,negative,1.7191983506215212e-06
1336195662434750464,negative,0.05883724278853968
1336195664640872448,negative,0.008088047287387505
1336195666129735680,neutral,0.5071762778347629
1336195674887626754,neutral,0.34204090801782494
1336195676187848707,negative,1.7191983506215212e-06
1336195679841087489,negative,1.7191983506215212e-06
1336195688644931589,neutral,0.5335516367912564
1336195713349378049,negative,0.007351462452913958
1336195736103424000,negative,0.05982131724607374
1336195742919249920,negative,4.316285861463506e-05
1336195760656949249,negative,0.00021612205978605159
1336195776700178432,negative,0.023634021631306203
1336195778461593603,negative,0.21084917947016205
1336195797608787968,neutral,0.4737554465528978
1336195831112867841,negative,0.01304555623104743
1336195841925783552,positive,0.841956442125865
1336195848481476612,negative,0.1042977106684365
1336195859365683200,negative,0.01072136387044308
1336195862356221954,negative,0.2469188615255173
1336195862675017732,positive,0.8796874381978462
1336195862821801985,negative,0.010473492869693818
1336195866110152707,neutral,0.5071762778347629
1336195880047812608,neutral,0.49789225920557484
1336195892756492288,positive,0.6926462004275598
1336195898112610304,negative,0.2233448556323143
1336195914743033856,negative,0.08704022165128145
1336195916751986690,negative,0.0012900900560937612
1336195928387096576,negative,0.09113958706019039
1336195953016115201,negative,0.0007863384859150733
1336195956572901377,positive,0.9738890017698346
1336195961241137153,negative,0.00018076398794697015
1336195963958996992,negative,6.374742259034711e-07
1336195975866687491,negative,0.14635663336484295
1336195976609009665,negative,2.221005001018527e-14
1336196004874313728,negative,0.2006296920288168
1336196005327409153,negative,0.2863355919102626
1336196005537206273,negative,0.00016944346885281543
1336196034897321984,negative,4.408884844251203e-05
1336196037023821824,negative,0.012695508563079248
1336196037577502720,negative,0.08691559425333951
1336196038848372737,negative,0.1066084371313194
1336196051061989377,positive,0.9976521473271183
1336196077767303169,negative,0.13925165515742596
1336196078945796097,neutral,0.49789225920557484
1336196088118747137,negative,0.11955187940305737
1336196101779693568,negative,0.0033194563484836258
1336196109782249474,positive,0.993706470755076
1336196138001690624,negative,0.0005846850878987858
1336196156813000706,negative,4.5425290003545005e-06
1336196175435866112,negative,5.257855282595793e-06
1336196192640745472,negative,0.0028578912323728774
1336196200006103040,negative,1.564827240217849e-07
1336196201784360961,neutral,0.49789225920557484
1336196208625258496,negative,0.1201846487983299
1336196219698368513,negative,0.029441093966007352
1336196223288676352,neutral,0.49789225920557484
1336196229240401920,negative,0.0009773044149280785
1336196240422395904,neutral,0.49789225920557484
1336196251793186817,negative,0.12361546273071294
1336196263344177152,neutral,0.5631581906597997
1336196263495127042,negative,0.10223460774013537
1336196270332010497,negative,4.0626847041593294e-07
1336196271137144833,neutral,0.49789225920557484
1336196275042185217,positive,0.9871098573935426
1336196282273107969,negative,0.02501868077697097
1336196309615669251,negative,0.29926668170246384
1336196309640994818,negative,0.17065707135805086
1336196309812826113,neutral,0.3785716238863668
1336196320118398977,positive,0.9074051163938793
1336196326804123650,negative,0.25671398531584344
1336196333443510277,neutral,0.49789225920557484
1336196350963310595,negative,0.004268568406534567
1336196371750260737,negative,4.9901973598936955e-06
1336196398283333632,neutral,0.49789225920557484
1336196399076171776,negative,0.0034219415902716687
1336196411407405056,negative,0.14225162685619983
1336196411558408197,negative,1.07384587164683e-05
1336196414393749504,negative,0.15213999863611508
1336196418365771776,negative,1.1375585861377984e-10
1336196427018592256,negative,6.721439998032326e-07
1336196427295371266,negative,0.07397306644331239
1336196428113305601,negative,0.25856837887728
1336196428763377664,neutral,0.483331563254134
1336196428788609025,neutral,0.5071762778347629
1336196430336323585,negative,2.6765379258714856e-07
1336196430483034114,negative,0.014094166991572055
1336196440746565632,positive,0.9976521473271183
1336196452511576066,negative,0.21921412548362115
1336196453564297220,negative,0.005186793042376124
1336196457473470465,neutral,0.45087388267459627
1336196461810176001,neutral,0.49789225920557484
1336196480613363712,negative,7.280713943599146e-08
1336196484430254081,positive,0.9496007978447589
1336196495528271875,negative,5.0367457085258106e-05
1336196505120755714,negative,0.04227240311497351
1336196513425469442,negative,7.864182817914031e-07
1336196525483945989,neutral,0.49789225920557484
1336196561433317377,negative,0.004199556429101725
1336196564713426944,positive,0.802831784029597
1336196572166676480,negative,0.003909717619220423
1336196583000584192,neutral,0.600609800713142
1336196590919442433,neutral,0.49789225920557484
1336196594174222336,negative,0.22861954191474046
1336196595679891458,neutral,0.49789225920557484
1336196599622545414,negative,0.0974956252844792
1336196599744241665,positive,0.9986854978346057
1336196602302750722,negative,0.004740826658642988
1336196603611389952,negative,0.0013740090761809683
1336196607600017410,negative,0.056854498815723464
1336196628735127552,negative,0.007225951530436003
1336196630257651715,negative,0.0011128330764480143
1336196630362681344,negative,0.17711332672486316
1336196640844083200,negative,5.021309428450243e-06
1336196642282721282,negative,0.0014052022859583138
1336196643666841600,neutral,0.49789225920557484
1336196671319896065,negative,0.08704022165128145
1336196678018220032,negative,0.0024969940831240144
1336196689452027904,neutral,0.5957399490333923
1336196691876323328,negative,0.0015204586119973388
1336196731319422979,neutral,0.49789225920557484
1336196761778532356,negative,0.040282323499136144
1336196764345409543,neutral,0.49789225920557484
1336196767440748544,negative,0.0012900900560937612
1336196781705715716,negative,1.7191983506215212e-06
1336196782242598914,negative,0.0013402418999944954
1336196794934579200,negative,0.006022006540735465
1336196798235361280,neutral,0.49789225920557484
1336196802006065157,negative,0.00038587665778827795
1336196822654541824,positive,0.8651618779548107
1336196836357525504,neutral,0.4417565496707103
1336196838987165696,neutral,0.49789225920557484
1336196841583620098,neutral,0.6013096566195347
1336196856938893312,neutral,0.40472449567824037
1336196876748484608,neutral,0.49789225920557484
1336196885720215554,neutral,0.3302171859356776
1336196891344777216,negative,3.132315097395582e-06
1336196910999191553,neutral,0.49789225920557484
1336196911838027777,negative,0.0028578912323728774
1336196913327116289,neutral,0.49789225920557484
1336196921518649349,negative,0.021533851030237857
1336196943681183744,neutral,0.49789225920557484
1336196956880855040,negative,0.0012900900560937612
1336196970940129282,negative,1.0778438814525069e-05
1336196974631063557,negative,3.8626393142742006e-07
1336196974631129091,negative,0.0055739190106772266
1336196974874406913,negative,0.0026718646847690027
1336196978636537856,neutral,0.49789225920557484
1336196984844193793,negative,0.00012447964076186966
1336196991190265857,negative,0.006041398213262594
1336196993929142272,negative,0.005496521896995324
1336197001365610501,negative,0.0017260390840361495
1336197013264744450,neutral,0.49789225920557484
1336197019157880832,neutral,0.49789225920557484
1336197028544565249,neutral,0.5071762778347629
1336197036316749824,positive,0.9751959294650249
1336197036417318913,negative,0.06811078154900503
1336197038921441280,negative,0.011312035426319774
1336197040238301185,negative,1.7191983506215212e-06
1336197041333137409,positive,0.6789053051773982
1336197044441116684,negative,0.006540453738897579
1336197046274052099,negative,0.011460077576557459
1336197056608825345,negative,0.1299800787041118
1336197060421414913,neutral,0.5071762778347629
1336197062384373762,negative,0.005496521896995324
1336197062388568064,positive,0.805816439335809
1336197064703741952,negative,0.06417911238428765
1336197067061026822,negative,1.814525393247695e-05
1336197067589496833,negative,0.00012544644303011076
1336197072870137856,negative,1.7191983506215212e-06
1336197076137467905,negative,1.7191983506215212e-06
1336197077261553664,negative,7.26623524539101e-07
1336197081418100736,negative,0.3084150050135285
1336197084119257088,negative,0.03947520384433996
1336197088959336448,positive,0.8758797895183394
1336197096052051968,negative,0.07854731363339106
1336197100124696578,negative,6.990014945244814e-06
1336197105136898048,neutral,0.5071762778347629
1336197106080477186,negative,0.3107857087027899
1336197109238951939,negative,0.00012447964076186966
1336197114045542400,negative,0.0034121485026871057
1336197115157082113,neutral,0.5173089777591212
1336197116943851520,negative,0.00012447964076186966
1336197122471817218,negative,0.012628982144845766
1336197124959170561,negative,0.00018746191840432008
1336197126762754048,neutral,0.49789225920557484
1336197130516635649,positive,0.998372171051536
1336197130998980609,neutral,0.40123630729749504
1336197143992954881,neutral,0.5071762778347629
1336197144504578049,neutral,0.5554005815077442
1336197149755928576,negative,2.043993500796554e-09
1336197159788679169,negative,0.008413815225721086
1336197162997313537,negative,0.2842161148003028
1336197167380303877,negative,0.0002737631821326343
1336197167426404352,negative,0.00019701552875202568
1336197172849762304,neutral,0.3598383888585688
1336197188779696131,negative,0.004766110510434126
1336197189803061249,negative,0.00016513809953038578
1336197193502502912,negative,0.00035183916473534153
1336197200133513216,negative,0.008123989988677152
1336197201790382082,negative,1.7191983506215212e-06
1336197204730580994,negative,0.016392613645682955
1336197209155571712,negative,0.026468838458485463
1336197213190578176,negative,6.098730114646263e-06
1336197214637498369,negative,6.721439998032326e-07
1336197219720908805,negative,0.0723167262984183
1336197223881842689,negative,0.03911517868772095
1336197231054114821,negative,0.1324251921584709
1336197232995921922,negative,1.4303192111205777e-06
1336197241598595073,negative,0.31820487300311295
1336197242294837250,negative,0.0028578912323728774
1336197244639465472,positive,0.7162294117643402
1336197249379000323,negative,0.10771954126936868
1336197252457648129,negative,0.0036316724278525093
1336197254395387904,negative,0.0005054601173412707
1336197254516977665,negative,0.0592962072223945
1336197260703658004,negative,1.1372997116094104e-06
1336197262536450051,negative,0.015135914536570047
1336197265598402562,negative,0.2824541218637696
1336197273412362241,negative,6.954675612374941e-06
1336197274268012544,neutral,0.5609932530471016
1336197275324993537,negative,2.4961546487792556e-05
1336197294153056262,negative,1.7191983506215212e-06
1336197299861590016,negative,8.429125728468582e-06
1336197301430317056,negative,0.003118722418894743
1336197320065626112,negative,0.045272844736508736
1336197325853581312,negative,0.13044554280593623
1336197336918331393,negative,0.08207828374534377
1336197343796989956,negative,0.07384451377755037
1336197349945831424,negative,6.856686044828064e-06
1336197352240132099,negative,0.0036316724278525093
1336197354593120257,negative,0.0022045578428343676
1336197359244480512,negative,0.022304649331074556
1336197366177800195,negative,0.01939708316436841
1336197373136080897,negative,0.0025989735860148257
1336197375329755143,positive,0.912363732991702
1336197377980559360,negative,1.142151145540488e-13
1336197383646978048,negative,0.0034234758885544796
1336197392425570310,negative,0.00029016891691096815
1336197396112535553,negative,0.0003130193473460766
1336197399920840705,neutral,0.6120481565049511
1336197404605997057,negative,0.004021902104194566
1336197415205023744,negative,0.18157495415356303
1336197434196848641,negative,0.0006788195406921189
1336197436793114627,negative,8.885108905507311e-05
1336197439401975809,negative,3.0775448951884183e-06
1336197443503984640,neutral,0.34977331981833226
1336197445861171201,negative,1.9208073246709428e-05
1336197452869799938,negative,1.1551967281603158e-09
1336197453650014208,negative,3.507632342135212e-06
1336197455738617856,negative,1.7191983506215212e-06
1336197456619560960,negative,0.0017874513077304627
1336197468481089537,negative,0.011354446539837916
1336197480761974786,neutral,0.49789225920557484
1336197489943343105,positive,0.7936776373099421
1336197503159504903,negative,0.0007970246389924752
1336197507446149122,negative,0.0006852553065218238
1336197516837138432,negative,0.008424583665265039
1336197520783978505,negative,0.0014182262313606909
1336197521534820353,negative,1.5506840176926258e-05
1336197550387437568,negative,0.05238487857380978
1336197555655467008,positive,0.9957647655264913
1336197576136163330,negative,0.0883333463248959
1336197585485357060,negative,0.023980090232681973
1336197595048325121,negative,0.00964400885115512
1336197607811657728,negative,0.017756333835344043
1336197613251665920,neutral,0.35202612747676926
1336197630175694850,neutral,0.5278451048448968
1336197631891148800,negative,0.016210877778412673
1336197633354948609,neutral,0.5071762778347629
1336197636613922817,negative,0.011881652961005212
1336197642255126529,negative,0.0034121485026871057
1336197642880229377,negative,0.04311101019130831
1336197644532600832,negative,0.0003267414724607006
1336197658696888320,positive,0.7305284985586846
1336197671082553345,neutral,0.49789225920557484
1336197671875457024,negative,0.004740826658642988
1336197671917395969,positive,0.6809349950274284
1336197682654814209,positive,0.7547861280228549
1336197685007831041,neutral,0.5071762778347629
1336197693584986112,negative,0.004140946489330734
1336197696475062273,negative,1.7191983506215212e-06
1336197696793751552,negative,9.11517893514255e-07
1336197696869326848,negative,0.026468838458485463
1336197704104472576,negative,0.00043841981798058095
1336197707711586305,negative,0.0033929269705973483
1336197710236495873,neutral,0.49789225920557484
1336197731602272257,negative,0.23444693624857815
1336197744889835520,neutral,0.49789225920557484
1336197759209271298,neutral,0.5755177419898956
1336197774476529664,negative,0.2533346784246061
1336197804499189765,neutral,0.3662495052539392
1336197837563027456,negative,0.0012900900560937612
1336197844231991296,negative,3.3881474722473344e-05
1336197844362006528,negative,5.516380531997685e-08
1336197849202257920,negative,1.7191983506215212e-06
1336197854981992449,negative,0.003204335221004408
1336197857410486273,neutral,0.4744007417802897
1336197862934388736,negative,0.0031052611114051635
1336197868345036801,negative,0.005413011249027096
1336197875773153286,negative,3.383221907087867e-05
1336197877635354624,positive,0.8707256400415042
1336197879271198720,negative,0.11310432494632158
1336197881099857920,negative,0.0883333463248959
1336197885600403456,negative,0.15784872887475487
1336197889262055424,negative,3.4037253126342814e-07
1336197889308176384,neutral,0.3419378670411089
1336197890465796098,negative,0.004277511146664857
1336197893783433216,neutral,0.342826926372849
1336197900410425344,negative,0.028131293693658566
1336197908711034881,negative,5.666354925569092e-05
1336197927094644739,positive,0.7983934764917716
1336197936875773952,neutral,0.3738593995922489
1336197943527870467,neutral,0.3495398505937066
1336197951178354689,neutral,0.4622903534400044
1336197955892736001,negative,0.25983358822094516
1336198036008161280,negative,0.00021400575259956705
1336198061308055557,negative,0.10503163966222333
1336198068136505344,negative,0.013178680481539076
1336198069218631680,negative,0.1324400470377868
1336198074339893249,negative,0.0769262490213116
1336198075203919872,negative,0.0036506294248087132
1336198076915060737,negative,0.00011883518715902506
1336198083642855424,neutral,0.43382259806608475
1336198085043621890,neutral,0.5631874880296035
1336198094967418880,negative,9.771294818044394e-08
1336198095881834497,negative,9.066826139901026e-06
1336198105134489600,negative,0.003548879340015578
1336198105289666560,negative,0.0009207245126316161
1336198105306435585,positive,0.9921527426560216
1336198125652946944,neutral,0.5071762778347629
1336198132988661762,positive,0.9976521473271183
1336198140249124868,negative,0.00012129848795411231
1336198148692320256,negative,0.007225951530436003
1336198154119766018,negative,5.624068011427763e-07
1336198160578793477,negative,4.327529081211608e-12
1336198206913298432,neutral,0.49789225920557484
1336198210302464000,negative,0.004477842491224605
1336198236730626048,negative,0.04328534860728342
1336198274156474368,negative,0.0029357878276528395
1336198278837317634,positive,0.912363732991702
1336198287205027840,negative,0.21884606593570094
1336198289197293569,neutral,0.49789225920557484
1336198298718400513,negative,0.004868076443137242
1336198310114291714,negative,0.12877537377206968
1336198312727355393,negative,1.7191983506215212e-06
1336198315428470785,negative,0.14104776617588863
1336198322973970433,negative,0.05505476161047307
1336198322974023682,neutral,0.3597312151321498
1336198326543380480,negative,0.006022006540735465
1336198336861310977,neutral,0.49789225920557484
1336198337553428480,neutral,0.49789225920557484
1336198341764538368,negative,0.10771954126936868
1336198341835812865,negative,0.00012447964076186966
1336198343920287748,negative,0.0769262490213116
1336198344096567296,neutral,0.3428466946680528
1336198345598132224,negative,2.001577076537153e-05
1336198378753990656,negative,0.024512522546508295
1336198392016465922,positive,0.993706470755076
1336198401596284931,neutral,0.5337762573701348
1336198412329504768,positive,0.7345190240311258
1336198426380414977,negative,3.100022625701244e-05
1336198429819559936,negative,0.0034121485026871057
1336198434454433793,negative,0.16480048776141726
1336198442209697793,negative,0.11753102991606339
1336198461960593408,neutral,0.39976497782163184
1336198468730318855,negative,0.10521105996277452
1336198489630498816,negative,0.0014009226445166887
1336198499961069570,negative,0.21984677027542357
1336198537302904832,positive,0.912363732991702
1336198540427669509,negative,0.13629384608549175
1336198544143900675,negative,0.0010925727077594758
1336198555044810752,positive,0.6721500746685284
1336198567266930689,neutral,0.5542742496867634
1336198574913298437,negative,5.968180557191106e-07
1336198589719175168,negative,0.003783009196007745
1336198601605853186,negative,0.029701184261806752
1336198612200677376,negative,0.0002037835795823934
1336198618831872001,negative,0.0003561881539328064
1336198635852242949,negative,0.0008431947594138658
1336198652717649920,neutral,0.5755177419898956
1336198662850924545,negative,0.013299309746233123
1336198664251875328,negative,0.0003318089143202539
1336198666223280129,negative,0.08428927298883214
1336198670136586240,negative,2.6306680663486913e-06
1336198713191108610,negative,0.004429160942563023
1336198742324752384,negative,0.04107111192447981
1336198742467338242,neutral,0.33402218903110614
1336198776659304448,negative,0.050762198283579855
1336198778399895553,negative,0.30963966017963407
1336198813510459393,positive,0.8975240934124493
1336198826202333185,negative,0.19951725359732922
1336198826470739968,negative,0.03322925321717651
1336198827267731458,negative,0.059371854367166486
1336198833022377986,negative,0.01195966671633332
1336198833315979265,negative,0.14635663336484295
1336198835660578818,negative,0.004429160942563023
1336198836138766336,negative,0.13629384608549175
1336198840223817728,negative,0.005496521896995324
1336198842442723330,negative,0.2737019802014783
1336198873178509313,negative,2.4242502881542404e-06
1336198913926156291,negative,0.12901680981436892
1336198935891894273,negative,0.0017386938450865707
1336198936722362370,neutral,0.41749863783864954
1336198941130428418,negative,0.009737340593729098
1336198942879604739,neutral,0.38129073659477497
1336198955798040577,neutral,0.4737554465528978
1336198959996563456,negative,0.18575529401966948
1336198970037710848,negative,5.0367457085258106e-05
1336198973363793921,positive,0.841956442125865
1336198973506416640,negative,0.0010203407563272448
1336198991722078214,negative,0.24375942794005337
1336199001301987328,negative,0.23547448214396235
1336199017445928962,negative,7.910669418180415e-09
1336199032897757185,positive,0.9633894245446962
1336199052061528064,negative,2.508573536896722e-13
1336199083543977984,negative,9.437735869096776e-07
1336199109980647424,negative,0.12989086376472336
1336199136597651460,negative,0.07327574337824955
1336199177630588929,negative,3.3881474722473344e-05
1336199195867439105,negative,0.006910672254261541
1336199197662588929,negative,0.0002997855432264297
1336199214494142466,negative,0.279770176761704
1336199221670711298,negative,3.7131604998199197e-11
1336199233217703936,neutral,0.49789225920557484
1336199241979621377,negative,3.3881474722473344e-05
1336199242898149378,neutral,0.3755229128228051
1336199253736255488,negative,0.001475564117009503
1336199270542807040,negative,0.17977838737356558
1336199296891330565,negative,0.06045325975650611
1336199309222506496,negative,0.022624003685406933
1336199313416982529,negative,0.012251189258033403
1336199320127696901,negative,0.3120322340457377
1336199323030327297,negative,1.178924788155478e-11
1336199323982442503,negative,4.0026378590516236e-05
1336199351622901761,negative,7.685964835800364e-06
1336199379284320256,negative,0.0005145837770320586
1336199379758309376,negative,0.3020135550609068
1336199380953657344,neutral,0.47832932165611114
1336199396648755200,neutral,0.5230271910277728
1336199409403564035,negative,0.0002997855432264297
1336199447664074752,negative,0.003961471033016387
1336199447777222659,neutral,0.49789225920557484
1336199449736081408,negative,0.11236395894334149
1336199460704165890,negative,0.04927683235827691
1336199479519797248,negative,0.15951359004513174
1336199491259691008,negative,0.009164636302881774
1336199494719954946,negative,0.013880893589698429
1336199496238239744,negative,0.054474357031247124
1336199499010748417,positive,0.7547861280228549
1336199504874397698,negative,0.0005686798796863146
1336199508175200256,positive,0.7269106096526311
1336199509639106560,negative,0.0005686798796863146
1336199518661074946,negative,0.3031731294775677
1336199528077283328,negative,0.0005686798796863146
1336199538873413633,negative,0.3020135550609068
1336199540177821696,negative,0.006330117107348215
1336199572356526080,negative,0.22710841003265517
1336199574495621126,neutral,0.49789225920557484
1336199580044709888,positive,0.7936776373099421
1336199585342087169,negative,0.006838816123613257
1336199587632123909,negative,0.2369710931082333
1336199595567828992,negative,0.0002997855432264297
1336199606057791489,positive,0.8524244003949513
1336199607282491394,neutral,0.49789225920557484
1336199611359387648,neutral,0.40443660155268946
1336199611497783299,negative,0.008620873320623206
1336199612290383874,negative,0.004277511146664857
1336199612311474177,negative,0.002816323026368408
1336199625431261186,negative,0.061521429540159725
1336199638743883776,negative,0.00123247143172808
1336199661825220610,negative,0.29567246890967847
1336199672273063937,negative,0.21921412548362115
1336199676283019264,negative,0.1782003937351115
1336199679084793865,negative,0.18157495415356303
1336199692586258438,negative,0.0005145837770320586
1336199697732497409,negative,0.008975692932429375
1336199699645296640,neutral,0.49789225920557484
1336199702967177216,negative,5.9282871668864624e-05
1336199705332748288,neutral,0.49789225920557484
1336199708612636672,negative,0.017588927068164128
1336199711016034310,negative,0.0046986696020854465
1336199711728922625,neutral,0.49789225920557484
1336199725759008769,negative,4.1271214787443655e-05
1336199731714818048,negative,0.2881022373369679
1336199732566388738,negative,0.0005145837770320586
1336199752178864128,neutral,0.4231738460628757
1336199758541692928,negative,0.007255418868089278
1336199761431506945,neutral,0.49789225920557484
1336199767416844291,negative,2.527939096030919e-06
1336199783808163842,negative,0.003929906974285116
1336199787083915264,negative,0.21984677027542357
1336199788291747846,negative,0.13451079577541883
1336199792855306242,neutral,0.49789225920557484
1336199818654388225,negative,3.3881474722473344e-05
1336199823108710400,negative,0.008840426312788089
1336199825998622721,neutral,0.5755177419898956
1336199839831494656,negative,0.21884606593570094
1336199846345248769,negative,0.0002997855432264297
1336199848903680000,negative,0.00038587665778827795
1336199852477329408,negative,0.2889279495792284
1336199853500755969,neutral,0.4336695794934373
1336199887491371008,negative,0.1387971544791351
1336199891924738049,negative,0.058120189038745336
1336199901609340929,neutral,0.49789225920557484
1336199924984279040,negative,0.21884606593570094
1336199932022300672,neutral,0.5755177419898956
1336199948661104642,positive,0.7892192136942436
1336199952104615936,positive,0.8975240934124493
1336199954298179586,negative,0.31630136468650555
1336199958790287361,negative,0.000990434442116736
1336199960648355840,negative,0.006945741799380323
1336199969955516416,negative,0.0789908451176723
1336199988255350786,negative,0.1162570170772868
1336199990062956547,negative,7.024675165845957e-13
1336199995402432512,negative,0.0023137537418863193
1336199999424782336,negative,0.0005145837770320586
1336200010807926784,negative,0.036147782546368516
1336200015061061632,neutral,0.4313990568879685
1336200019297394688,negative,0.0002997855432264297
1336200058518319104,negative,1.226637789558998e-07
1336200073068351488,negative,0.22797897505417955
1336200077405286402,negative,0.004669666722536647
1336200079980568577,negative,0.00047128518251367886
1336200121281884160,negative,0.007190995393953046
1336200131692158976,positive,0.6847374190286313
1336200158242091012,negative,0.000570382304700446
1336200164047007744,negative,0.08442483234087524
1336200164764217345,negative,0.0005686798796863146
1336200168035807232,negative,0.00016944346885281543
1336200182346596352,negative,0.045272844736508736
1336200185907539968,negative,0.018302413268884744
1336200186121646080,negative,0.048325962625411625
1336200198830297088,positive,0.7078855302152476
1336200216089923587,negative,0.0002997855432264297
1336200230476374016,negative,1.1306634185638467e-05
1336200232300896256,positive,0.912363732991702
1336200236809728000,negative,0.001278503335434978
1336200241654206465,negative,2.2179114848139695e-08
1336200251976257544,neutral,0.49789225920557484
1336200267969290244,negative,0.001999565282274782
1336200277146406912,negative,0.038313722881921676
1336200286877212672,negative,0.08399269060838106
1336200305311162368,negative,0.21884606593570094
1336200308473683969,negative,0.00018509460150793606
1336200314198913024,negative,0.010706368727839864
1336200323090804738,negative,8.597592010475375e-06
1336200324395266055,negative,0.06811870701451572
1336200332603494400,negative,5.8742672488537866e-05
1336200335036198912,negative,0.022085113792518592
1336200336596488192,negative,0.2613962034186399
1336200336676061185,negative,0.08228272358159043
1336200339129774080,negative,0.29041124867053136
1336200341885349895,negative,1.7191983506215212e-06
1336200345685463040,neutral,0.3374674755446546
1336200346830516224,negative,0.0031293205722806357
1336200364547256320,negative,0.037245405443377115
1336200366480912384,negative,0.23972773971202263
1336200380481466368,negative,0.019184892182952867
1336200381949489152,negative,0.0002997855432264297
1336200406637088769,positive,0.7699892481009977
1336200407308070912,neutral,0.49789225920557484
1336200418985205761,negative,0.00026318220287091325
1336200421069635585,negative,0.0032823215320989616
1336200424894959616,negative,3.088474591797192e-07
1336200429345107968,negative,0.0023716421375755037
1336200435632402432,neutral,0.342826926372849
1336200445551730690,negative,0.06477773151465172
1336200451872591872,negative,0.1510333611230874
1336200459955089410,negative,0.02598278817763935
1336200468121460738,negative,3.7726908647572295e-11
1336200470419787777,neutral,0.49789225920557484
1336200470872924160,negative,0.096708198690118
1336200471648890883,negative,0.00014758351093410558
1336200476057083904,neutral,0.49789225920557484
1336200503898877953,negative,0.0035863268608989987
1336200511792369664,neutral,0.49789225920557484
1336200518331469824,neutral,0.49789225920557484
1336200521321996288,positive,0.7365847059651285
1336200526539730944,negative,0.24975365839376648
1336200529626738688,negative,0.012671475316180656
1336200529672855552,negative,0.01534820579296411
1336200531426107393,negative,0.0005686798796863146
1336200540263505921,neutral,0.3755229128228051
1336200557183307778,negative,0.011034987624573125
1336200563525095426,negative,0.0002997855432264297
1336200573285240832,negative,5.499109337641694e-06
1336200582202155009,neutral,0.49789225920557484
1336200588913205249,positive,0.6742340018469497
1336200590641274882,negative,0.024303940155163573
1336200626259288064,negative,0.06811870701451572
1336200628868177921,negative,0.000839352327522275
1336200642264780801,neutral,0.49789225920557484
1336200651886518274,negative,0.10624252584025135
1336200653908176897,negative,6.352641151952475e-07
1336200666650451969,negative,0.001475564117009503
1336200667690622976,negative,0.00012042878118726763
1336200668454002689,neutral,0.40472449567824037
1336200689349918721,negative,0.011030664719050974
1336200690482499584,negative,0.000839352327522275
1336200700561403904,negative,3.108478827925168e-07
1336200704101376010,negative,4.2374625491182237e-10
1336200704747130880,negative,0.0023137537418863193
1336200706915774464,negative,0.2825746232070699
1336200711995011072,negative,0.0007208175977291088
1336200712330493954,negative,1.68151967203662e-05
1336200717351022592,negative,0.0012900900560937612
1336200717418291200,negative,2.6119605967289847e-07
1336200717464346624,neutral,0.4737554465528978
1336200724129132544,negative,1.7191983506215212e-06
1336200728700985345,negative,0.0023342966056351037
1336200731985108993,negative,4.0026378590516236e-05
1336200740910608384,negative,0.0002997855432264297
1336200754999119872,neutral,0.5071762778347629
1336200767997440002,negative,1.1374316765973927e-06
1336200770207830018,negative,0.09513088348114376
1336200802457751552,negative,3.008205891812086e-06
1336200808602353665,negative,0.004277511146664857
1336200812427612160,negative,0.28311474483410703
1336200813157421057,negative,0.02591770491821255
1336200822598807552,neutral,0.3435529751425703
1336200825518108672,negative,1.148724197135231e-05
1336200825602002945,negative,0.012896730294123719
1336200826633789442,neutral,0.5017543432377519
1336200846732898305,negative,0.2676579035923305
1336200848125333506,negative,6.690186697327808e-07
1336200848960053249,negative,0.00023435570730240428
1336200851921244160,negative,4.152507103701825e-05
1336200852126756865,negative,1.7191983506215212e-06
1336200855054405633,negative,1.7191983506215212e-06
1336200863447199744,negative,0.1733198615490139
1336200866043482114,negative,0.000330532530093065
1336200867557462017,negative,3.8626393142742006e-07
1336200870409744384,negative,7.365894599795131e-05
1336200878911524865,negative,0.003716859503069081
1336200879721082883,negative,8.734086576234425e-05
1336200879825768448,neutral,0.5755177419898956
1336200888411693056,positive,0.9998346173284736
1336200890353668096,negative,0.006330117107348215
1336200896955478016,negative,0.0267050703325113
1336200905289510912,negative,0.20645881903953842
1336200905742540801,negative,0.005662439742988372
1336200906824704003,neutral,0.35273561967201195
1336200907030192131,neutral,0.5071762778347629
1336200908984754179,negative,0.30360794324641327
1336200911165722627,negative,0.2657294980888353
1336200911182499841,negative,0.00423722343478226
1336200916173803521,negative,0.013880893589698429
1336200922507210755,negative,1.7191983506215212e-06
1336200927217324036,negative,0.011316981817607279
1336200930455384066,neutral,0.49789225920557484
1336200934888779777,neutral,0.522939773712604
1336200937602502657,neutral,0.5071762778347629
1336200938646810624,negative,0.0015213243040509683
1336200947018715136,negative,1.7191983506215212e-06
1336200952970403841,negative,0.00025968336197828033
1336200961375707136,neutral,0.45854565419078946
1336200962973655040,negative,4.0026378590516236e-05
1336200966643867649,negative,2.9293241563873978e-05
1336200966698315778,negative,0.2466460099377274
1336200967063212032,negative,3.241563741138854e-05
1336200977389674496,positive,0.7305284985586846
1336200978832375808,negative,1.7191983506215212e-06
1336200984461275136,negative,0.1457450014959543
1336200987183345666,negative,0.3084150050135285
1336200996154957824,negative,0.0013737390203031497
1336200999179067394,negative,0.016190352692853405
1336201016648339456,negative,3.117369684627259e-07
1336201016652533764,negative,0.016761205035803563
1336201029038174208,negative,0.05539554105306449
1336201035845677056,neutral,0.438025622493938
1336201038974607361,negative,1.7191983506215212e-06
1336201040698494976,positive,0.7305284985586846
1336201041969344512,negative,0.007225951530436003
1336201058520100864,negative,1.7191983506215212e-06
1336201062529736704,neutral,0.3499352441185855
1336201064362639360,negative,0.11495712385474424
1336201068762447872,negative,0.00012476486729975738
1336201070700343304,negative,0.05781102415558764
1336201073535537152,negative,0.0012676434399027758
1336201079567097859,negative,2.1950141132007704e-05
1336201079965573120,negative,0.007255418868089278
1336201084415717376,positive,0.6774023531572678
1336201089234989057,negative,1.7191983506215212e-06
1336201093991305216,negative,6.43899249196466e-10
1336201097510334465,negative,0.3294808082162529
1336201108000268288,negative,0.0055739190106772266
1336201109141073921,negative,0.21012241285131958
1336201111724826626,negative,0.2378411193086786
1336201121820332032,neutral,0.49789225920557484
1336201123594711041,negative,0.31125041010845567
1336201131786166273,negative,0.09066691240331705
1336201137221939200,negative,0.020413690603309626
1336201144415170561,negative,0.3067799651586153
1336201159044960256,negative,7.428077849712203e-12
1336201161477677056,negative,1.7191983506215212e-06
1336201161913864192,neutral,0.3419378670411089
1336201176396800000,negative,0.0001254717697811472
1336201177785098240,negative,0.003569299888554936
1336201186425200640,negative,1.7191983506215212e-06
1336201196520947715,negative,0.0010021560481050132
1336201196697247744,negative,0.011317743043540333
1336201200723607552,neutral,0.6010617675389737
1336201202170728448,negative,2.144818858907741e-09
1336201203810791425,negative,0.010168370332000094
1336201208168591362,negative,0.09599310601583959
1336201211486367744,negative,3.8626393142742006e-07
1336201212664762373,negative,5.914185281476664e-05
1336201214640459784,negative,0.005120881291010223
1336201227370115073,negative,1.7191983506215212e-06
1336201239198126080,negative,0.14747561911283058
1336201247787868163,negative,0.05087203939907124
1336201260907835392,negative,4.3827801078879214e-07
1336201266402357250,negative,0.00018336249511075164
1336201268402896904,negative,0.001584193922605427
1336201274266689537,neutral,0.49789225920557484
1336201276292538368,negative,4.22423629785138e-08
1336201283175211008,negative,5.6470449167189144e-09
1336201284597137409,negative,0.0883333463248959
1336201287021469699,negative,0.13112999914075152
1336201287751200769,negative,0.14156696158817839
1336201287877189633,negative,0.15156214966834794
1336201291547152385,negative,8.865849079478738e-07
1336201295095623680,negative,0.10771954126936868
1336201309754695680,negative,0.13272341996079048
1336201309960216579,negative,4.164200091921214e-10
1336201313214861312,negative,0.0003130193473460766
1336201316188745728,negative,0.06675246778997408
1336201320663945216,negative,0.0029950102160887526
1336201323558162433,negative,0.22595129860201357
1336201325378371586,negative,0.015334806208061384
1336201328373149697,negative,0.027695646916040522
1336201328620675072,neutral,0.5071762778347629
1336201329400832001,negative,0.0013989416657077297
1336201330961080321,negative,0.040282323499136144
1336201334379442177,negative,4.345583933544319e-05
1336201337546166272,neutral,0.3782315155559445
1336201342969409540,positive,0.9981130356931927
1336201342981849089,positive,0.9492248514397698
1336201350636593155,negative,0.0012847478717423757
1336201351181856770,negative,0.00013376964258311798
1336201351236349952,negative,5.360690990823813e-05
1336201351500623873,negative,0.2201581320307604
1336201353031536641,positive,0.750614484560235
1336201354117869568,negative,0.2147446263062714
1336201354952445952,negative,0.006540453738897579
1336201355631886336,neutral,0.5901279292000947
1336201359343775744,negative,1.8491669516185423e-08
1336201366260363264,negative,0.05087203939907124
1336201371654234112,negative,0.0001248347527184439
1336201373612904448,negative,2.3895389551073616e-05
1336201373650726912,negative,0.007987785879808995
1336201381091438593,negative,0.0026960278049502017
1336201385503649792,neutral,0.6155765545157244
1336201388834091008,negative,0.017134135888253774
1336201393242304513,positive,0.7273663338834948
1336201393258909696,negative,0.05236018012237636
1336201394609590274,negative,0.00305407943104384
1336201394852941825,neutral,0.5071762778347629
1336201395092004870,negative,0.09751116197034136
1336201395679031296,negative,1.7191983506215212e-06
1336201409415548929,negative,0.0033452280989299315
1336201410485112832,negative,0.006540453738897579
1336201420878479360,negative,0.007255418868089278
1336201432496824321,negative,0.04461045805192139
1336201448678445059,negative,0.0028578912323728774
1336201450205089792,neutral,0.3643942634333061
1336201478252453891,negative,0.08573451333773291
1336201481549180928,neutral,0.49789225920557484
1336201482954272770,neutral,0.37266934367128896
1336201498687057920,neutral,0.49789225920557484
1336201513035771904,negative,0.0348333240088832
1336201520254246913,neutral,0.49789225920557484
1336201532698714112,negative,0.005658179561787372
1336201536205012993,negative,0.022834885876822246
1336201551459696641,negative,0.0023137537418863193
1336201580874522626,negative,0.031747189614404946
1336201594300489728,negative,0.22549043710632757
1336201604249292801,negative,0.2247286567051241
1336201609160708101,negative,0.21087901841053663
1336201619348701185,negative,0.2247286567051241
1336201619994710016,positive,0.8186505149524709
1336201621794066433,neutral,0.49789225920557484
1336201624533020673,negative,0.0003363932755356321
1336201633043255300,negative,0.00010094071547869903
1336201634683088899,positive,0.7760763299629367
1336201637019463681,negative,0.03722047336455802
1336201639716253697,negative,0.05447057642360582
1336201643423981570,negative,0.0005686798796863146
1336201653159124993,neutral,0.3755229128228051
1336201671106445313,negative,0.06389529479964916
1336201709060808705,negative,0.055057252092284965
1336201715067006976,negative,5.499109337641694e-06
1336201729306746881,negative,0.006546805092853042
1336201731043016705,neutral,0.49789225920557484
1336201736524947457,neutral,0.49789225920557484
1336201748847980545,negative,0.10326853604489819
1336201754946494464,neutral,0.49789225920557484
1336201768393379840,negative,0.01876382617887002
1336201791852212225,negative,0.03850400237636082
1336201795522224128,negative,0.0001298094118430929
1336201801322930177,negative,0.0053643642402834936
1336201808658706433,neutral,0.5590400602959449
1336201811800301568,negative,1.4272401500182745e-07
1336201820667064324,negative,0.3167216194067771
1336201820918657024,neutral,0.49789225920557484
1336201827323424768,negative,4.4652971749331256e-05
1336201828116160513,neutral,0.43686023333485996
1336201828732723200,neutral,0.49789225920557484
1336201833098997761,negative,1.7191983506215212e-06
1336201839025541121,neutral,0.4883726454382719
1336201839566614528,negative,0.00023038296735251938
1336201844876603394,negative,0.0016672633141705442
1336201844910075906,negative,1.9742054849575314e-06
1336201847502221312,negative,0.08207828374534377
1336201847636422656,negative,0.010574117885135617
1336201849876189184,negative,0.03652869567889581
1336201861116928002,negative,0.000968735507337759
1336201885460688896,negative,1.5279536374110012e-06
1336201894281228289,negative,0.1411645043950895
1336201901889777666,negative,0.13272341996079048
1336201921363922944,negative,0.21884606593570094
1336201935788109824,negative,0.2214822674672626
1336201947305697282,neutral,0.3395609695629537
1336201951743242241,negative,0.06766470796287846
1336201955123863552,negative,3.3881474722473344e-05
1336201970474954752,negative,0.0020368651442448722
1336201977617936384,negative,0.0007598977554528695
1336201985490644994,negative,0.02501868077697097
1336202002095878145,negative,2.4242502881542404e-06
1336202018311057409,negative,0.0030621763436411964
1336202021993668608,neutral,0.5018484216489075
1336202030826868736,neutral,0.5372318511317483
1336202032986935296,negative,1.3230494911311595e-08
1336202036937801729,negative,0.014037863368802724
1336202037185409024,neutral,0.49789225920557484
1336202041979527168,negative,0.00012447964076186966
1336202052528189442,negative,0.08305290570090709
1336202054331748352,negative,6.750951972819475e-05
1336202058240831489,negative,0.006330117107348215
1336202061042642945,negative,0.07897225728192121
1336202069380829184,negative,0.03910163323759323
1336202074388828160,negative,0.15590454891793734
1336202078155386880,positive,0.9249128389629966
1336202087902949376,neutral,0.4154728483843578
1336202106093658113,neutral,0.49789225920557484
1336202129632092162,negative,5.258682852792238e-05
1336202136171012096,neutral,0.3919068391247937
1336202159860441089,negative,0.244172557745544
1336202192013959169,negative,0.007255418868089278
1336202195193225217,negative,0.0009939009967181653
1336202237274714113,negative,0.3029968537174699
1336202314223398914,negative,0.0001063509269515923
1336202316928724992,negative,0.038269094296768016
1336202327292690432,negative,0.18198595199259687
1336202355583356929,negative,0.002816323026368408
1336202365926600705,negative,0.08380557299881203
1336202388659638275,negative,0.10385642519617591
1336202414962176001,neutral,0.46318326475361027
1336202429218627585,neutral,0.34512565449712057
1336202449586180101,negative,0.22484836506060074
1336202478874857473,neutral,0.49789225920557484
1336202482158981120,neutral,0.49789225920557484
1336202489998135297,positive,0.8218254745794509
1336202512160989184,negative,0.21884606593570094
1336202523074469888,negative,0.022703671969587457
1336202539449024512,negative,0.02665252586143911
1336202549888692225,neutral,0.5755177419898956
1336202561787990016,negative,0.21079435506580468
1336202567932653571,neutral,0.49789225920557484
1336202573372510208,negative,0.0028578912323728774
1336202580108718084,negative,0.0005204848996897198
1336202614824984576,negative,0.08438888351428034
1336202647968202752,negative,2.5219780891408487e-08
1336202653236305920,negative,6.5771454910295335e-06
1336202727886639105,negative,0.00020323686002244123
1336202732701700101,neutral,0.3794434373490297
1336202737613148161,negative,0.09093770052549077
1336202740029140994,neutral,0.4308124141867918
1336202744072450048,negative,0.00038435729689623995
1336202842340806656,negative,0.31630136468650555
1336202849819234305,positive,0.7629506449911807
1336202871570898944,negative,0.22296328161288223
1336202879732858882,negative,5.258682852792238e-05
1336202880253091841,negative,0.3029968537174699
1336202892538236929,negative,0.02062731970359337
1336202900880715776,negative,0.014593718236557253
1336202917674704896,negative,4.5774919298688165e-07
1336202937148772352,negative,0.0004705070242914021
1336202952973889536,negative,0.011354446539837916
1336202954005680128,neutral,0.5535404176172795
1336202956430041088,negative,4.026953790329256e-05
1336202964189343748,negative,0.0004926199282464588
1336202978538221568,negative,0.011420842082260997
1336203002676383747,negative,0.011700008880892288
1336203011463344128,negative,0.06893550074406875
1336203017230675968,negative,0.038269094296768016
1336203041951846400,neutral,0.403845866062941
1336203054576709632,negative,0.11899805343028577
1336203065100292097,neutral,0.49789225920557484
1336203078182252545,negative,4.185142011350644e-05
1336203078446374918,negative,0.00038587665778827795
1336203093080498176,neutral,0.49789225920557484
1336203104228929536,negative,0.2587123508020072
1336203105348640769,negative,0.2086007535843925
1336203107974471680,negative,0.1782003937351115
1336203112516902912,negative,0.15188566568491688
1336203121572372480,negative,4.6145073291340947e-07
1336203124445487105,negative,5.258682852792238e-05
1336203133035425792,neutral,0.34060641883419984
1336203133974958082,negative,0.00032657851053032554
1336203136239853568,negative,0.1268028451552595
1336203142040530946,negative,0.10416533160014488
1336203145333104640,negative,0.10416533160014488
1336203159094509568,negative,2.9754767418498874e-06
1336203165499355136,positive,0.9932664408547921
1336203171866292228,negative,4.005780036661194e-05
1336203174143791105,neutral,0.6387765042918215
1336203179399188481,negative,0.0019102585343218363
1336203202774052865,negative,0.19940738695886512
1336203227566657536,negative,0.0024752235637290993
1336203238840950784,neutral,0.3960027306781642
1336203245124001792,negative,5.759543247172504e-10
1336203246227091456,negative,0.018765626646651296
1336203246302605314,negative,0.08305290570090709
1336203247015571458,negative,0.08305290570090709
1336203248815001601,negative,0.009307811658913012
1336203252505907200,negative,0.2253832403887022
1336203259887964162,neutral,0.48728019602140255
1336203275150954499,negative,0.02350916086672655
1336203282419617793,neutral,0.5505550505941735
1336203286358106113,negative,2.8144196688855063e-06
1336203299238932480,negative,0.007424862989724163
1336203308923379712,negative,0.06893550074406875
1336203347708133377,neutral,0.49789225920557484
1336203352422682629,negative,0.06389529479964916
1336203373113032705,negative,6.609448837455482e-06
1336203401307299840,positive,0.9762990159694879
1336203403005812739,negative,0.018125343395138164
1336203406193659904,negative,2.4242502881542404e-06
1336203414879916034,neutral,0.4307164096682144
1336203420018102272,negative,0.09724578609068196
1336203430780674048,negative,0.08305290570090709
1336203437327884288,negative,0.0007559585000351472
1336203447641776128,negative,0.16480048776141726
1336203451613794304,negative,0.1661331932330992
1336203465849249792,negative,0.018809583180582228
1336203467778625536,negative,0.029907177120362994
1336203472396541952,negative,0.32506685266967134
1336203478788681729,negative,0.14635663336484295
1336203490029305857,negative,0.05214930016507575
1336203493129019393,negative,0.3017468289597827
1336203534442901504,negative,0.15812565095839362
1336203546740580352,negative,0.05017652951849411
1336203561122803713,negative,0.30951959585708494
1336203578608914433,negative,0.004544341873268532
1336203605058203648,negative,0.3178714717604787
1336203605569904642,negative,0.008840426312788089
1336203607436369920,negative,0.01687560443311319
1336203607717326848,negative,0.1925267997825788
1336203607755014146,negative,0.11954859958584386
1336203608010833920,negative,0.06614588376857429
1336203608308772864,negative,0.02341292172742968
1336203608623353857,neutral,0.49789225920557484
1336203650776006656,negative,0.00017117147228614215
1336203654336933888,negative,0.0005686798796863146
1336203656954322946,positive,0.9186625861981085
1336203667473649665,positive,0.9633894245446962
1336203683693015040,negative,0.22009285856699487
1336203687832772608,neutral,0.49789225920557484
1336203712776134658,negative,5.338869045916587e-05
1336203721273987077,negative,1.2179701398817195e-17
1336203740395794432,negative,1.2327514970987745e-05
1336203751342960640,negative,0.00021729793278794658
1336203754790678528,negative,0.02670343363493447
1336203759031087105,neutral,0.49789225920557484
1336203761769963520,neutral,0.34858491853147383
1336203772322713600,negative,3.5609052688340367e-08
1336203783282388993,negative,0.30966507628440043
1336203791104954368,negative,0.25786362502299304
1336203801905278976,negative,1.7191983506215212e-06
1336203812260888576,negative,0.18994611429755992
1336203824344797184,negative,0.08305290570090709
1336203825821200384,neutral,0.49789225920557484
1336203837527515138,negative,9.234841829010633e-05
1336203841331671041,negative,5.015104375743417e-06
1336203849372200960,negative,4.563407540893036e-13
1336203854791184384,negative,0.08305290570090709
1336188759843299328,negative,0.05717671740375267
1336188759885271040,negative,0.0550757572147164
1336188760330002432,negative,0.023344586765934646
1336188760535552000,negative,0.0013398619798824737
1336188760787214342,negative,0.12704127209880436
1336188761294528513,positive,0.9967945817716503
1336188761328128001,negative,0.0012187290382386904
1336188761718317056,negative,0.006152759847737063
1336188762842271745,negative,0.0001283399264163283
1336188762955501568,negative,0.13797888648711248
1336188764163612672,negative,0.053198323346666285
1336188764540956673,positive,0.7125667435764531
1336188764897628160,positive,0.8997626044376025
1336188782358507523,negative,0.03222872525327316
1336188784086487041,negative,2.551182787487472e-05
1336188797067915265,negative,0.01759166552204467
1336188827048824832,negative,0.0006976537026248164
1336188834816647168,negative,0.0003863308070501275
1336188844467777538,negative,0.16232458851029172
1336188862280949763,negative,0.04129807659406874
1336188862964658177,positive,0.9542180179494639
1336188871349067782,negative,0.0807558836799132
1336188874595438592,negative,0.10913578672010817
1336188875941818369,negative,0.0053594426044057545
1336188904597164033,neutral,0.34977331981833226
1336188906799321088,negative,0.3095214854275759
1336188943935672320,positive,0.7112264328727067
1336188964168937473,negative,0.006417913654254124
1336188965435662336,negative,0.15581202984385298
1336189012059574274,negative,0.06780986615126736
1336189027469422593,positive,0.9953996904920024
1336189052253515776,negative,0.03437440364691455
1336189062386872322,negative,0.09036137954939648
1336189083396222976,neutral,0.49789225920557484
1336189099825356801,negative,0.19378879992746958
1336189112198565889,negative,2.7054849127533467e-10
1336189130288590848,negative,0.0006122268984167899
1336189176845393920,negative,0.09622322763079916
1336189219165835264,negative,0.0003863308070501275
1336189219983781888,negative,0.0016661081073954997
1336189266532200448,negative,0.3155440437366068
1336189290716557312,negative,0.3095214854275759
1336189293757403136,negative,0.0006122268984167899
1336189302808702979,negative,0.012733965306920133
1336189318734491649,negative,0.2632807344860229
1336189322022715392,negative,0.11787738088097499
1336189336023412741,negative,0.24595943038458987
1336189342553952256,neutral,0.34943004777940184
1336189359398203394,negative,0.04965629891540271
1336189381372043270,negative,0.15172392749973
1336189393221115904,positive,0.9998497862296873
1336189402838654976,neutral,0.49789225920557484
1336189452977381378,negative,0.0006122268984167899
1336189457830129664,negative,0.003665008718784615
1336189469939077121,negative,0.15581202984385298
1336189516093288449,negative,0.046179802220023575
1336189565208498177,negative,0.0035229093216555406
1336189578017976322,negative,0.015505696312268315
1336189585425117185,negative,0.0006122268984167899
1336189598943178752,neutral,0.6589851440919592
1336189604592975875,negative,0.0036364809845044516
1336189615087235080,positive,0.8535653817919668
1336189651808292864,negative,0.029115935804614287
1336189662126333952,negative,0.0045387346804708455
1336189673497128960,negative,0.06085870993517048
1336189684586692610,negative,0.008178362527209763
1336189684813205506,negative,9.227918435009694e-05
1336189688135213058,negative,0.053346712378021625
1336189699443085312,negative,0.00018563185175531644
1336189716639657984,neutral,0.46127768308170247
1336189728429920256,negative,0.031970999238316915
1336189732833943553,negative,0.00038130217905042317
1336189736612933632,negative,0.00021814296489438653
1336189744112398336,negative,0.0661350545236162
1336189764450521090,negative,0.006417913654254124
1336189783551295489,negative,0.03191655344291003
1336189795328880640,negative,6.029532462571504e-06
1336189849963999232,negative,0.003912592098331679
1336189961230561281,negative,0.02647301536008791
1336189977177231360,negative,0.05762933132614181
1336190040511287304,neutral,0.34977331981833226
1336190128549732354,negative,0.046179802220023575
1336190131485732867,negative,0.006956996358928153
1336190148237611008,positive,0.9435459429848482
1336190186468872192,negative,2.115187674600521e-06
1336190201291563008,negative,0.0012912837054108212
1336190221034156032,negative,6.512488614142491e-14
1336190250822070277,negative,0.07611053930395888
1336190280056320000,negative,0.0034219415902716687
1336190281251651585,positive,0.7479149425402362
1336190294040039424,negative,0.2854877289148869
1336190382640672768,negative,1.824905768239966e-06
1336190400537702400,negative,0.14913892255646044
1336190446062678017,negative,6.6984751951289906e-15
1336190505076580352,negative,0.0006122268984167899
1336190510717865985,positive,0.784737215185123
1336190514731823104,negative,0.07611053930395888
1336190529709760512,neutral,0.3559720062977488
1336190544339488768,positive,0.9603877078171027
1336190550807080960,negative,0.0060245933641055426
1336190579370119169,negative,0.10913578672010817
1336190595715502085,negative,0.003665008718784615
1336190603512737792,negative,0.046179802220023575
1336190608906530816,negative,3.7654860759493204e-06
1336190637557878784,negative,0.06843455846886981
1336190649134149632,negative,0.01854911921683973
1336190691458871296,neutral,0.35509496682161057
1336190713059536898,negative,2.115187674600521e-06
1336190726623911936,negative,0.3256310312197435
1336190728062431232,negative,5.339862483728925e-05
1336190728649797632,negative,9.146311358234376e-06
1336190729366986757,negative,2.5479180916901153e-12
1336190737877065728,negative,0.15669090983807246
1336190747565936640,negative,0.20081979087130117
1336190776275963905,neutral,0.33828367593078695
1336190788120707073,negative,0.2632807344860229
1336190799168606210,negative,0.3095214854275759
1336190803710857216,negative,0.009472712115707169
1336190822568562689,negative,0.3256310312197435
1336190890730283012,negative,0.16532618850821126
1336190893011955714,negative,0.046179802220023575
1336190897265004544,negative,0.07611053930395888
1336190913635344386,negative,0.00017779636044750954
1336190999220064256,neutral,0.4377896312766332
1336191003116630018,negative,0.0035360097919501757
1336191005209448448,negative,0.15581202984385298
1336191025472212992,negative,0.0807558836799132
1336191081411735554,negative,0.00017128011390340206
1336191113808506880,positive,0.9074224493717291
1336191131168681992,negative,0.0031065334698792777
1336191142790979585,negative,0.006410873891549673
1336191218758381570,negative,0.18367302816818923
1336191232662511616,negative,0.00016614577853525336
1336191279961690112,neutral,0.437369725752128
1336191285175136257,neutral,0.33828367593078695
1336191285581869058,negative,0.06662548124573474
1336191295216381952,negative,0.04129807659406874
1336191318268076032,negative,0.0003863308070501275
1336191354519621632,negative,0.1933028266866435
1336191411264303104,negative,0.006956996358928153
1336191448522305536,negative,0.03813513306701263
1336191524258897926,neutral,0.33828367593078695
1336191535327666176,negative,0.15581202984385298
1336191535738548224,negative,0.13821483681582686
1336191551089807360,negative,4.2796475846092525e-05
1336191573957160961,negative,0.04773722830918124
1336191601195032579,negative,0.07520604904909023
1336191604755996674,negative,0.2426199675183989
1336191622791524353,negative,4.2581459956981163e-19
1336191641401626624,negative,0.0215314523068305
1336191663413350400,negative,5.339862483728925e-05
1336191723886809088,negative,0.0014291507076822634
1336191770539986946,negative,0.19681541669394306
1336191782799990784,negative,2.7095776777266955e-06
1336191784695848961,negative,1.2764842097800943e-05
1336191790102134784,negative,0.0010089035805250302
1336191797115179008,negative,0.02868776016170823
1336191803171753984,positive,0.9997169931251317
1336191815599480832,negative,0.18073850003583933
1336191857324339203,positive,0.7529789437030754
1336191879923240962,negative,0.002292443819441328
1336191904787156993,negative,0.00975602560113806
1336191918305370112,negative,0.0017249776364255283
1336191922822664192,negative,0.04823674417522823
1336191935837507585,negative,1.6564571354837848e-05
1336192019056783362,negative,0.031006040605888754
1336192049540812803,negative,0.020141805842969072
1336192057350746117,negative,0.04386655559651844
1336192064913018880,negative,5.5110599800292434e-05
1336192153169645569,negative,0.0001827152361727686
1336192291866808321,negative,0.006631842297363649
1336192300159012864,negative,0.006956996358928153
1336192314692104192,negative,0.013820070934669889
1336192328856383490,negative,0.007206223306113504
1336192331956039682,neutral,0.49789225920557484
1336192343523864576,neutral,0.49789225920557484
1336192355980992513,negative,2.710114106391807e-08
1336192369599913986,neutral,0.49789225920557484
1336192382467940358,negative,0.08351966214537837
1336192399656312832,negative,1.949659662391371e-07
1336192407528824833,negative,0.02868776016170823
1336192409865252865,negative,0.046179802220023575
1336192457239773186,neutral,0.656112145687685
1336192478987366401,neutral,0.49789225920557484
1336192492098695168,neutral,0.49789225920557484
1336192519814717440,positive,0.9315245923399491
1336192535031508993,positive,0.9122196100813927
1336192536562577421,positive,0.9368387146423514
1336192540672921601,negative,0.0007366199684981438
1336192548050784258,negative,0.02599018702670959
1336192556728725505,neutral,0.49789225920557484
1336192573325664257,negative,0.061616471321761436
1336192620410843136,negative,0.015505696312268315
1336192629348982784,positive,0.968694662704973
1336192642259030016,negative,0.05617467509411278
1336192642347044866,negative,0.00503360050193509
1336192667655483393,negative,0.030300385446792994
1336192692779364352,negative,0.08976820083271074
1336192697736994816,negative,5.339862483728925e-05
1336192772949348352,negative,0.08377880514311375
1336192812984004609,negative,0.007206223306113504
1336192829081624577,negative,0.2426199675183989
1336192843631640577,negative,0.0035360097919501757
1336192898170118144,negative,0.02197107047560544
1336192898384052224,negative,0.04773722830918124
1336192922094592000,negative,0.046179802220023575
1336192933054312448,negative,5.589547212695971e-07
1336192955296718850,neutral,0.47177160727274814
1336193011198406659,negative,0.2632807344860229
1336193018353881091,negative,0.022366790906365987
1336193058782765056,negative,0.0034219415902716687
1336193067552948225,neutral,0.33828367593078695
1336193097051430912,neutral,0.49789225920557484
1336193098771296259,negative,0.014504142630059676
1336193113191137280,neutral,0.656112145687685
1336193193524817921,negative,0.00014987019414087194
1336193220993298433,negative,0.03327474066014811
1336193222218035200,negative,0.0041170735441316405
1336193237120323588,negative,0.0006976537026248164
1336193265553444870,negative,0.0053594426044057545
1336193269026480129,neutral,0.4894438397947411
1336193361695399937,negative,6.3822181057111125e-06
1336193443719213057,negative,0.12286698658544333
1336193453219319809,positive,0.9122196100813927
1336193501084725249,negative,0.0006944062100055913
1336193519741001733,negative,0.3003934056252636
1336193535914205184,negative,0.0003863308070501275
1336193539802345473,negative,0.0006976537026248164
1336193554994126850,negative,3.100022625701244e-05
1336193560249593857,negative,3.610057149507263e-05
1336193592931520513,negative,0.0076278527309894244
1336193595754221570,negative,0.0034219415902716687
1336193607141888001,negative,0.023166941428642347
1336193614343450624,negative,2.115187674600521e-06
1336193673508352001,negative,0.006501292213704752
1336193683427876864,negative,2.115187674600521e-06
1336193686833545217,negative,0.21139109066500397
1336193694320513024,negative,0.0042026278137336556
1336193701207543809,negative,5.857324601305261e-05
1336193722480996352,negative,0.023166941428642347
1336193734015258624,negative,0.008178362527209763
1336193752709410816,negative,0.004430627379523056
1336193754315829250,negative,0.16534008306063838
1336193762783969281,negative,0.01788828347409404
1336193826260738049,negative,0.04000286041587325
1336193839917305857,negative,0.0069865783143507965
1336193888885874690,negative,0.005315087973298132
1336193910562025472,negative,0.0015381278577001702
1336193924952707072,negative,0.22992727176537195
1336193955508195330,neutral,0.48109548738851765
1336194011858661378,negative,0.0035360097919501757
1336194134961311751,neutral,0.3350606181379962
1336194180683624448,negative,0.00018563185175531644
1336194218147123202,negative,0.0556685225586828
1336194241094168577,negative,0.170351166090471
1336194246391427072,negative,3.087397191325407e-06
1336194366810058752,negative,0.00016597698075992062
1336194403749294080,negative,0.001883728356994285
1336194425844871168,negative,5.339862483728925e-05
1336194443104428033,negative,0.00538811585584354
1336194461265694721,positive,0.7618933962047035
1336194506790760448,negative,8.271118996601522e-05
1336194514332028928,negative,1.2937545839620445e-06
1336194607395246081,negative,0.003089471178629912
1336194638915497984,negative,0.2632807344860229
1336194644158320640,negative,2.4193404500981498e-05
1336194664844697600,negative,0.022888142645941932
1336194694380924930,negative,0.0003863308070501275
1336194707228143616,negative,0.2632807344860229
1336194718062043142,negative,0.21939254360948038
1336194791290380290,negative,1.763745196955352e-06
1336194799762751488,negative,4.797156805436822e-05
1336194805047693313,neutral,0.40837927124278295
1336194805311954946,positive,0.8008702081141524
1336194833619312644,negative,0.07611053930395888
1336194856142721024,negative,0.015505696312268315
1336194864447434752,negative,0.00503360050193509
1336194917970956289,negative,0.032436374367169854
1336194945447768064,negative,1.2852039638687874e-05
1336195010039975936,negative,0.05336937646454979
1336195031154233345,negative,0.0045387346804708455
1336195042961186819,negative,0.008468660380408506
1336195055397298176,negative,0.015505696312268315
1336195061214818304,neutral,0.379611556832951
1336195071218229248,negative,0.006501292213704752
1336195133826482178,negative,0.1888305519202755
1336195153594298369,negative,0.0006976537026248164
1336195193393987591,negative,0.0030450932336816535
1336195221353197568,negative,0.2426199675183989
1336195232229187585,negative,0.055789284994487286
1336195238843465730,negative,0.0005722428822255347
1336195284242735105,negative,0.005640619322954226
1336195296091656193,negative,1.5875784613904822e-10
1336195309106552832,negative,0.06695864543577425
1336195311061135360,negative,0.08377880514311375
1336195316077359105,negative,0.04641127297073977
1336195323505610753,negative,2.0605475868810582e-07
1336195359819837443,negative,0.002088292088948515
1336195435027947523,negative,0.09141576099307534
1336195440396488705,negative,4.026953790329256e-05
1336195449427021827,neutral,0.6200590102455651
1336195476664696833,negative,0.11672600744900562
1336195480389382146,negative,3.40382695325613e-05
1336195541911412737,negative,0.01910283031832501
1336195549075222528,negative,0.015835838372757413
1336195594516369409,negative,0.008236021488340772
1336195605475954688,negative,0.023166941428642347
1336195607309017090,negative,0.053346712378021625
1336195627684941824,neutral,0.537254351125865
1336195635976998917,negative,0.046179802220023575
1336195645204520960,positive,0.9573833955193389
1336195669783171073,negative,0.029115935804614287
1336195685771845632,negative,0.008178362527209763
1336195715652087808,negative,0.10563071329036613
1336195757414752257,negative,2.2277659440387147e-05
1336195782916141056,negative,2.6174818906852993e-06
1336195804835377153,negative,0.0003863308070501275
1336195823051403268,negative,0.015060570689741216
1336195847835561986,negative,0.04386655559651844
1336195862804930561,negative,0.0003863308070501275
1336195943734063107,negative,3.0762176839745217e-06
1336195979486388224,negative,0.04823674417522823
1336195980572684289,negative,5.8899003497421326e-05
1336196007261057025,negative,7.230417927358405e-06
1336196019936223232,negative,0.2184640408493351
1336196064639152130,neutral,0.3323665776092204
1336196097572823043,negative,0.03292621015240447
1336196117273440258,negative,3.100022625701244e-05
1336196158142754816,negative,0.0011332886706659608
1336196203034402817,negative,0.00967356258337604
1336196204544352256,positive,0.7112264328727067
1336196309611651073,negative,0.0011669168039642806
1336196309846519808,negative,0.0013667589683569676
1336196310660091905,negative,0.06242298062469573
1336196310907514884,negative,0.00010178350766668118
1336196334349660161,negative,0.018769281154523892
1336196359062491136,neutral,0.5907998223737302
1336196360459194368,negative,0.06280825903680394
1336196367295913984,negative,0.05706288596045153
1336196397838852098,negative,0.002892567116846667
1336196444659752960,negative,9.277699524729063e-07
1336196482685423616,negative,0.06622165743285253
1336196491346468865,negative,0.023166941428642347
1336196538096377856,negative,2.4193404500981498e-05
1336196577476681734,negative,0.0006976537026248164
1336196582040084480,negative,0.0035360097919501757
1336196584652955649,negative,2.778015799801234e-05
1336196618429865984,negative,0.0915570493037476
1336196675610796032,negative,2.710114106391807e-08
1336196704744435713,negative,0.05617467509411278
1336196757814996992,negative,0.023166941428642347
1336196772360761345,positive,0.9286678091982967
1336196793407688704,negative,2.8810781150631846e-06
1336196796339671040,negative,2.710114106391807e-08
1336196835187322881,negative,6.3822181057111125e-06
1336196886022131712,negative,0.07611053930395888
1336196891256778752,negative,0.04596000887145878
1336196918305824769,negative,0.0005067155881315331
1336196969816088576,negative,0.0008739652969941481
1336196985624334336,negative,0.03814400613507357
1336196988417794049,negative,0.046179802220023575
1336197034949357569,negative,0.0034219415902716687
1336197165752913922,negative,0.2632807344860229
1336197180781195264,negative,0.020080531126293773
1336197203719823363,negative,0.004494328677993909
1336197207859617792,neutral,0.4894438397947411
1336197214092353536,neutral,0.4894438397947411
1336197232798916608,negative,0.0012778013279986637
1336197249618075650,negative,0.0040378053815076686
1336197250121347072,negative,0.0008476562456535044
1336197358300880896,negative,0.000919495190385495
1336197484612374528,negative,0.13575652191402635
1336197510877024257,negative,1.8222762203255853e-09
1336197574835965953,negative,0.07611053930395888
1336197581978947589,negative,0.07611053930395888
1336197619996127233,negative,0.1933028266866435
1336197711389892609,negative,0.001924891607757634
1336197716905320448,positive,0.7089413498230189
1336197735003860992,negative,0.08147673801767218
1336197769262899203,negative,0.0033645744473033683
1336197773989965826,negative,0.07611053930395888
1336197876796456962,positive,0.9315245923399491
1336197885948473345,negative,0.015505696312268315
1336197911969845248,positive,0.9368387146423514
1336197946241503232,negative,0.02599018702670959
1336197989593997313,negative,2.478384545366878e-06
1336197998800461824,negative,0.21475145743420948
1336198004034785282,neutral,0.49789225920557484
1336198058644795393,negative,0.10788307598213796
1336198059529826307,negative,0.0003863308070501275
1336198076978126851,negative,0.0011934566383758512
1336198077510807552,negative,0.035042779131741336
1336198078122979328,negative,0.05617467509411278
1336198114080940036,negative,0.16063829512201294
1336198155566723073,negative,0.16630773598500384
1336198188965957632,negative,0.23204439629778126
1336198201687371776,negative,0.008232951302564002
1336198206766546945,neutral,0.4240499756296797
1336198219261489153,negative,0.07164269260066157
1336198228337946624,negative,0.00599618637620116
1336198245970817024,neutral,0.44094788290650255
1336198301201285120,negative,0.022359102769622323
1336198323133317122,negative,0.15298389324302242
1336198340825014276,neutral,0.6010617675389737
1336198369551769601,negative,0.03186842010947434
1336198373876125696,positive,0.8664367678032027
1336198393337700352,negative,0.0006976537026248164
1336198409691140098,negative,0.24329674965608633
1336198446357696512,negative,0.019926231744640147
1336198516541181953,negative,0.0034219415902716687
1336198549210542081,negative,0.19378879992746958
1336198592743186433,negative,0.11261153315948703
1336198594861346818,negative,0.021498908358549385
1336198618471141378,negative,0.0016661081073954997
1336198628520701952,negative,0.002409631163183208
1336198701719703557,negative,2.0841005364465984e-07
1336198704844460032,negative,0.09113958706019039
1336198741586538496,negative,0.00018563185175531644
1336198747466964992,negative,0.0006976537026248164
1336198815829921794,negative,2.813671471980943e-06
1336198824742825985,negative,0.0006976537026248164
1336198826366033920,negative,0.0005118932958768108
1336198836264390656,negative,0.0008043602040561714
1336198890886934530,positive,0.9435459429848482
1336198893177085957,negative,1.7445575930022636e-05
1336198909492924416,negative,7.505535124325928e-07
1336198917218766848,negative,0.006494259287886143
1336198957060407297,negative,0.09039445983221202
1336198962894802944,negative,0.14897871657058548
1336198990837190657,negative,0.015505696312268315
1336199018242854912,negative,0.14897871657058548
1336199032964673536,positive,0.9552104461228307
1336199057539096579,negative,0.004494328677993909
1336199088535195649,positive,0.8515340738469702
1336199094134575107,negative,0.0007726254101826216
1336199100333690886,neutral,0.4153003994706409
1336199140058013696,negative,0.15042599069042545
1336199167992078336,negative,0.06641362820246441
1336199178918178819,neutral,0.4153003994706409
1336199188753731585,neutral,0.49789225920557484
1336199224963248133,negative,0.016966445180945144
1336199257787920385,negative,0.11631362716868213
1336199262854672386,negative,0.14897871657058548
1336199311290290176,negative,0.0003863308070501275
1336199366974038017,negative,0.046179802220023575
1336199379846217729,neutral,0.5127870534818896
1336199456816062464,neutral,0.4153003994706409
1336199509408362497,neutral,0.4153003994706409
1336199517847367681,negative,0.08377880514311375
1336199521081171969,positive,0.9805473147624721
1336199533903015937,negative,0.006956996358928153
1336199534939156480,neutral,0.4153003994706409
1336199613301321734,negative,1.4482392245660505e-06
1336199617558536192,negative,0.1581166240855725
1336199649951092736,negative,5.5110599800292434e-05
1336199662915657728,negative,0.17288430089473286
1336199670331215873,negative,0.001883728356994285
1336199690828865538,negative,0.0028909710294540074
1336199713993986048,negative,0.00018563185175531644
1336199720960573441,negative,0.0014998352411496867
1336199794121904129,neutral,0.4153003994706409
1336199794407116801,negative,0.016821593370410764
1336199843753156608,neutral,0.3475350139006598
1336199865408385026,negative,0.0001919741347704306
1336199875646660608,negative,2.710114106391807e-08
1336199941476139009,negative,0.008178362527209763
1336199983566041089,negative,0.00026261969959137784
1336199999533838337,negative,0.00021814296489438653
1336200032303915008,negative,5.282208861443465e-05
1336200043481636864,negative,5.436101350072112e-06
1336200045650128898,negative,0.003593954738876794
1336200068463005696,negative,0.2632807344860229
1336200138939883520,negative,0.0003863308070501275
1336200150105120768,negative,0.2966193476149338
1336200163526811649,negative,0.015682033513983753
1336200178269790210,negative,0.025041455200938253
1336200184800313346,negative,0.0003863308070501275
1336200223912235008,negative,0.0012802708187817017
1336200247459057665,negative,2.710114106391807e-08
1336200313334865920,positive,0.7112264328727067
1336200322532978689,neutral,0.4153003994706409
1336200425415045121,negative,2.115187674600521e-06
1336200462064885762,negative,0.0035360097919501757
1336200471971770370,negative,0.08207828374534377
1336200525407248384,negative,1.5882085575567013e-05
1336200533758054402,negative,0.07908000850572089
1336200551013367809,neutral,0.4090094182970016
1336200599713566720,negative,6.3822181057111125e-06
1336200628931076096,negative,0.0003863308070501275
1336200720408784896,negative,0.00016597698075992062
1336200731897040898,neutral,0.4153003994706409
1336200764088176647,neutral,0.4153003994706409
1336200860947234817,negative,0.20571053161232383
1336200866638999552,negative,0.0012802708187817017
1336200867134001152,negative,0.2632807344860229
1336200891150503942,neutral,0.4153003994706409
1336200925262831616,negative,0.13875157282500097
1336200934288977921,negative,0.00017127451877983253
1336200934842568705,neutral,0.4894438397947411
1336200951728836610,negative,0.04386655559651844
1336200967453335554,neutral,0.4894438397947411
1336200970792038401,negative,0.00016597698075992062
1336201029264793601,neutral,0.41535087021169415
1336201035082309632,negative,0.2632807344860229
1336201067625918464,negative,0.0012802708187817017
1336201081353809922,neutral,0.49789225920557484
1336201081496293377,negative,0.28839876592668745
1336201144708820994,negative,0.1350590947135194
1336201144843046912,negative,0.020348348784201893
1336201157111377921,negative,0.05340953072285055
1336201174211563520,neutral,0.4153003994706409
1336201200774078464,positive,0.7936776373099421
1336201245409865731,negative,2.2729708664645817e-05
1336201291886981120,negative,2.7387746091570724e-05
1336201317207867394,negative,0.00016597698075992062
1336201326837940226,negative,0.1888305519202755
1336201335746797568,negative,0.0008956873000184792
1336201352217812994,negative,3.100022625701244e-05
1336201393540116481,positive,0.9863017900723866
1336201409742712832,negative,0.0019656026851396224
1336201421314805760,positive,0.9164601679976861
1336201501862191104,negative,0.0012802708187817017
1336201525094395905,neutral,0.4153003994706409
1336201569340108801,negative,0.2539080860783462
1336201604932853760,negative,0.0012802708187817017
1336201610100420609,negative,0.0008956873000184792
1336201610989473792,neutral,0.47671429624241857
1336201613648781312,negative,1.0667168479189973e-09
1336201615796269056,negative,0.0661350545236162
1336201652223823872,negative,0.0002291148858578859
1336201678404481029,negative,0.00019066347958691902
1336201706833588224,negative,0.015505696312268315
1336201714920284162,negative,0.046179802220023575
1336201729784729600,negative,0.0029090211713787488
1336201740358717440,negative,9.026993617725134e-09
1336201751406522370,negative,0.008115192520078817
1336201761644830722,negative,6.3822181057111125e-06
1336201766833180673,negative,0.04145312292105202
1336201799401934848,negative,0.00029744732529072947
1336201821736628226,neutral,0.4153003994706409
1336201825670713345,negative,0.2632807344860229
1336201847997165568,negative,0.2661606409865051
1336201925411344391,neutral,0.4153003994706409
1336201958022123520,negative,0.00019066347958691902
1336201985788403714,negative,0.0012802708187817017
1336202018357207042,negative,0.00012254489468175063
1336202083440218113,negative,0.10799134873618407
1336202120853327874,negative,2.115187674600521e-06
1336202142072311810,negative,0.10799134873618407
1336202173068226565,positive,0.7936776373099421
1336202179078725633,positive,0.9805473147624721
1336202273702227969,positive,0.7112264328727067
1336202299736252416,negative,0.0012802708187817017
1336202300277321730,negative,0.0034219415902716687
1336202359878406147,negative,0.00029744732529072947
1336202368061485056,negative,1.1301377948411466e-08
1336202379117682690,neutral,0.3642153110467526
1336202381835587584,neutral,0.4153003994706409
1336202383165186051,negative,0.00029744732529072947
1336202387724365824,negative,0.00029744732529072947
1336202390584893440,negative,0.0003863308070501275
1336202402622562308,negative,0.006065669306940482
1336202403696304128,negative,0.007695284970520476
1336202431659712514,neutral,0.4153003994706409
1336202437468811265,negative,0.00029744732529072947
1336202444066467842,negative,0.0012802708187817017
1336202478237458433,positive,0.7936776373099421
1336202496948187142,neutral,0.49426355430965463
1336202525062668288,negative,0.055789284994487286
1336202529730949123,negative,0.00029744732529072947
1336202544603869186,negative,0.13030727540905818
1336202589067735045,negative,0.00012692584508804225
1336202668868595712,negative,0.13875157282500097
1336202751001284610,negative,4.026953790329256e-05
1336202776578179072,negative,0.008847170948653558
1336202800871698433,negative,0.1581166240855725
1336202827954343937,negative,0.040147746226936676
1336202836489641984,negative,0.06766470796287846
1336202852495060992,negative,0.003576128119788936
1336202857075367936,negative,0.017403650167452284
1336202940084842498,negative,0.2798947313077043
1336202971961585666,negative,0.023166941428642347
1336203011354406912,negative,0.00029744732529072947
1336203014709895175,negative,0.09813582799936169
1336203015964012544,negative,0.014561146936269299
1336203016958054400,negative,0.00029744732529072947
1336203113967935488,positive,0.9805473147624721
1336203136516694023,negative,3.8207346175775666e-06
1336203143902867456,negative,0.035074645035988734
1336203234994769920,negative,0.00029744732529072947
1336203237402275840,negative,3.100022625701244e-05
1336203249381224449,negative,5.129819688586176e-14
1336203306935463938,negative,0.00029744732529072947
1336203315022061568,negative,0.2613886497040578
1336203329236586497,negative,6.7389127643031e-05
1336203395519148043,negative,0.0035360097919501757
1336203406927482882,negative,0.258424023236446
1336203431338446849,negative,9.0538764871109e-06
1336203448354828288,negative,0.035042779131741336
1336203506164903937,negative,0.00046510744085158037
1336203518525452289,negative,0.3256310312197435
1336203526427598854,positive,0.9805473147624721
1336203539006148608,negative,0.00029744732529072947
1336203539836784642,negative,0.00022831736800016
1336203569037529088,positive,0.8692400001313588
1336203569712783360,negative,0.31820487300311295
1336203573873532928,negative,0.00029744732529072947
1336203584829067265,neutral,0.34977331981833226
1336203590583656448,negative,2.813671471980943e-06
1336203597718171653,negative,0.023166941428642347
1336203640844005376,negative,0.0034219415902716687
1336203653070299137,neutral,0.35711365824271835
1336203654672498688,neutral,0.35711365824271835
1336203656178253829,neutral,0.35711365824271835
1336203661349801984,negative,4.026953790329256e-05
1336203667410653186,negative,0.010339362439721764
1336203676772405248,negative,0.006956996358928153
1336203698939293697,negative,0.05407329772709921
1336203751795912704,neutral,0.4153003994706409
1336203824382570497,positive,0.7477858413470242
1336203831173066754,negative,0.00029744732529072947
1336203855927914497,negative,5.95902412087418e-06
1336188760849989632,neutral,0.4048573683963207
1336188760967368705,negative,1.6881877261966943e-06
1336188760984260608,negative,0.043234111189161026
1336188761089003521,negative,0.0673063373001575
1336188761965690882,neutral,0.41613827423799926
1336188763194544128,negative,0.00013294494134020326
1336188763417014272,negative,0.0002753898868041687
1336188763874021376,negative,0.0008954638637711919
1336188764033466368,negative,0.1388165480771174
1336188764377538560,negative,0.07272264160277214
1336188771721678849,negative,0.00012447964076186966
1336188775114956800,negative,0.2247286567051241
1336188776268304385,positive,0.9656968162814368
1336188783461617664,negative,0.05150605835110808
1336188792563261440,negative,0.01649232241087058
1336188793536327681,neutral,0.45658060482042184
1336188793616027650,negative,0.020588114251645306
1336188797420232704,negative,0.0012388817011437
1336188801010511875,negative,0.00012447964076186966
1336188801249636352,negative,0.16825190747814214
1336188802440818689,neutral,0.4269153534523556
1336188807226351616,negative,0.2247286567051241
1336188819960459264,negative,0.0012181745954279108
1336188821738680320,negative,1.0653611547027893e-06
1336188823018098688,negative,0.19249102362110404
1336188833411555331,negative,0.013334751915496278
1336188835198361600,neutral,0.5496678701602578
1336188835705856000,positive,0.9163216275761746
1336188836469219331,negative,3.2971013178507615e-05
1336188840713785344,neutral,0.3499352441185855
1336188843129593858,negative,0.04241853269950235
1336188843431780352,neutral,0.5071762778347629
1336188844857823233,negative,0.00031807015746818047
1336188859986612224,negative,0.008067144311244284
1336188874071166976,negative,0.2247286567051241
1336188880056356871,negative,5.3239396281863054e-05
1336188881146789890,negative,0.1836672226687598
1336188920959262720,negative,0.008270212589352151
1336188921193984001,negative,0.17746900404910285
1336188921319927808,negative,3.8527289544305096e-05
1336188923702337536,negative,0.004277511146664857
1336188927292698626,positive,0.9686767341515257
1336188931864453120,negative,0.2247286567051241
1336188937111560192,negative,0.004277511146664857
1336188943184896001,negative,1.7665514088703937e-05
1336188946544549888,neutral,0.49789225920557484
1336188946557054977,negative,1.225260717495925e-07
1336188959316127744,negative,0.013018671264072867
1336188960255696900,negative,0.1126401385853293
1336188965909639168,negative,0.2247286567051241
1336188977074749441,negative,0.08576811527541589
1336188977301295108,negative,0.2247286567051241
1336188978568044544,negative,0.17795131623371466
1336188984276488193,negative,6.750951972819475e-05
1336188993587834880,negative,0.047254481163089466
1336189001624027136,neutral,0.457870745805884
1336189004123922432,positive,0.7753921402191785
1336189006393061377,negative,2.0866351112927736e-06
1336189011937931264,negative,0.0010051894696469928
1336189015339503617,negative,0.20639899929819125
1336189024973688832,negative,0.002241005138668064
1336189029377773569,negative,1.7191983506215212e-06
1336189033194553344,negative,6.690186697327808e-07
1336189040777945090,negative,0.0021286505586496232
1336189047249756161,negative,0.004868076443137242
1336189054132625408,neutral,0.3691455965681202
1336189056905056256,positive,0.954287394651051
1336189059136434178,negative,0.2247286567051241
1336189063963893761,neutral,0.5071762778347629
1336189066229002240,positive,0.9547128525338767
1336189070649733120,negative,4.1152452858822655e-05
1336189072310726657,neutral,0.3357724872061368
1336189119840522240,negative,0.016126773249548906
1336189119987376128,negative,1.7191983506215212e-06
1336189120469757953,negative,0.14865795621882724
1336189125851025409,negative,1.7191983506215212e-06
1336189146407325696,negative,7.406326313982066e-06
1336189150727323649,negative,1.7191983506215212e-06
1336189161775226882,negative,0.21921412548362115
1336189163465543680,negative,0.31558087544454516
1336189165294260224,negative,0.10042731110228705
1336189165726277633,negative,0.2247286567051241
1336189165898174464,negative,6.721439998032326e-07
1336189176350453761,negative,0.0010051894696469928
1336189180439883776,negative,0.2247286567051241
1336189184000880641,negative,2.356081350511702e-06
1336189205790208000,negative,0.26483012628064356
1336189209372106753,neutral,0.5071762778347629
1336189219283365888,negative,0.029928515004036243
1336189228435300355,neutral,0.5071762778347629
1336189230742007810,negative,6.721439998032326e-07
1336189236932988928,negative,0.004277511146664857
1336189244453302273,negative,9.273310962150673e-05
1336189246751862786,neutral,0.5071762778347629
1336189252699230208,negative,0.00012011816516648454
1336189257501782016,neutral,0.5071762778347629
1336189260895035395,negative,9.423305592233204e-05
1336189262568550400,neutral,0.5495922250151081
1336189266129522689,negative,4.11669798203053e-06
1336189311637708800,negative,6.219679015514307e-05
1336189315907457026,negative,0.011977645866754871
1336189317111291910,neutral,0.5136446707795853
1336189321834090498,negative,0.056335342134130655
1336189323503312896,negative,0.2247286567051241
1336189345963847682,neutral,0.40588081164240364
1336189347184390144,neutral,0.3331649605206095
1336189359050067970,negative,0.18979385973029791
1336189372828246016,negative,0.07345347354090671
1336189396836466689,negative,1.1991623181949774e-05
1336189401123045378,negative,2.579237730511361e-13
1336189406881968128,negative,5.26208756551934e-07
1336189407209037827,negative,0.0007907060029620134
1336189408106704896,negative,0.17835192571030348
1336189410212196354,negative,0.043259450222885985
1336189413030817793,neutral,0.3331649605206095
1336189413433479168,negative,2.6765379258714856e-07
1336189419477487618,negative,0.004277511146664857
1336189420853223424,negative,0.02439049679703112
1336189422002302976,negative,0.004277511146664857
1336189424816640000,positive,0.9579065504024102
1336189425580187648,negative,0.056276107398773506
1336189429052887040,negative,0.00025393596738069156
1336189439035453446,negative,0.029071337363158343
1336189439987638274,neutral,0.40389460186828446
1336189454529286144,negative,0.04895855943077453
1336189456441880578,negative,0.11551686161584974
1336190105057439744,negative,1.6733845388128815e-05
1336190107792109568,positive,0.7553593099976417
1336190109679403009,neutral,0.36687520823582037
1336190112045076481,negative,0.06462262972574012
1336190128335839232,negative,0.30109049170032803
1336190132353961984,negative,0.07881482927263136
1336190132932595712,negative,6.690186697327808e-07
1336190136971911169,negative,0.0012181745954279108
1336190137772908544,negative,0.00026222852941379593
1336190150712455169,negative,0.20639899929819125
1336190157255561216,negative,0.05897235857735733
1336190170194972673,negative,0.2247286567051241
1336190172652777476,negative,0.012161915281136125
1336190174334775303,negative,4.166038164025922e-07
1336190175010041856,negative,0.012912431686642382
1336190176943624193,neutral,0.45854565419078946
1336190187685126144,negative,0.00840838951894236
1336190189706862593,negative,0.25944123201858094
1336190190327500801,negative,1.7191983506215212e-06
1336190194559688704,negative,0.0001586344377346464
1336190196442787842,negative,0.1274429032201637
1336190198456184832,negative,0.004339036803339034
1336190207767539712,neutral,0.3435529751425703
1336190208824500224,neutral,0.4574030080570115
1336190221684256768,negative,6.690186697327808e-07
1336190233348616194,negative,0.18979385973029791
1336190238507610114,negative,0.2247286567051241
1336190238822080513,negative,0.0008733087128916884
1336190240457895936,negative,0.028104957322931844
1336190243163299840,negative,2.2298334158516175e-06
1336190249303744512,negative,1.627351129632608e-05
1336190369223090178,negative,0.08450003896211766
1336190370808520705,negative,0.007829318528282003
1336190372662423552,negative,0.0018939388635556508
1336190376131096577,negative,0.0010021560481050132
1336190380648390656,negative,0.0021286505586496232
1336190398579040257,negative,0.0012056617985645817
1336190398616772609,negative,0.007624409849385564
1336190406539689986,negative,6.690186697327808e-07
1336190410595704834,neutral,0.3329113341375157
1336190411619016705,negative,1.4303192111205777e-06
1336190413166817283,negative,0.0075602670623277
1336190416425644034,neutral,0.33147704208812795
1336190424193626113,negative,0.00023217510326101364
1336190425556803585,negative,4.8030656220292196e-05
1336190427314216960,negative,0.00018473036188640954
1336190437703479296,neutral,0.6561639937584003
1336190453830529028,negative,0.0031052611114051635
1336190461694812160,negative,7.040673761898642e-05
1336190467671732224,negative,0.004277511146664857
1336190468275773440,neutral,0.5372318511317483
1336190471731818496,negative,0.00012447964076186966
1336190472973242368,negative,0.00037926419960276344
1336190486730694656,negative,1.7191983506215212e-06
1336190491340271617,negative,0.25373156096610366
1336190502157180928,negative,0.2247286567051241
1336190504212508673,negative,0.017013102013610868
1336190510390800385,negative,0.01770212436208448
1336190516774514690,negative,0.0075602670623277
1336190518313807872,neutral,0.47840844706262076
1336190518338850816,negative,0.004277511146664857
1336190519844605953,negative,9.860193584848778e-08
1336190689038757888,negative,0.03917116353972097
1336190694482907138,negative,0.07865149437468989
1336190705442680833,negative,7.131304227462445e-05
1336190714775015424,negative,0.009113138918431364
1336190724547768320,negative,2.4200424181382e-07
1336190728066756609,neutral,0.5071762778347629
1336190738959380480,neutral,0.5372318511317483
1336190743019311104,negative,1.0924632116076132e-07
1336190747180224518,negative,0.22252779164072473
1336190751768780800,negative,1.7191983506215212e-06
1336190760396394496,negative,0.03138213958128638
1336190767493120002,neutral,0.5071762778347629
1336190773189021696,negative,0.18979385973029791
1336190779614703617,negative,0.01689745864456313
1336190788749860865,negative,0.0898859173980726
1336190796962390017,negative,0.025527489402781312
1336190798375874560,negative,0.002898784810733864
1336190804197445633,negative,1.7191983506215212e-06
1336190809297793025,negative,6.750951972819475e-05
1336190809381761024,negative,0.22549043710632757
1336190811617320960,negative,0.0031052611114051635
1336190822954496000,negative,0.01815125066886038
1336190823411503105,negative,0.0003054832328253692
1336190832248987648,negative,0.007457207816034536
1336190834585251841,negative,0.2247286567051241
1336190836506124290,negative,0.0036380460440132
1336190929800208384,negative,0.003304717280488076
1336190941389090821,negative,0.0019851740522082596
1336190942949347329,neutral,0.3332856921008272
1336190955121209344,negative,7.213983342546448e-12
1336190958791131137,negative,0.2247286567051241
1336190959613308929,negative,0.10117715946283505
1336190964424011777,neutral,0.5071762778347629
1336190970484961285,negative,0.2247286567051241
1336190980299616256,negative,0.12712890869219548
1336190982128357376,neutral,0.3369752194298851
1336190984619778048,neutral,0.3670576190987781
1336190984649142272,neutral,0.49789225920557484
1336190989929746433,negative,0.0012056617985645817
1336190997693411329,negative,0.2247286567051241
1336190998263848960,positive,0.9137872173273885
1336191003401850880,negative,1.213902417666634e-13
1336191008850255873,neutral,0.35273561967201195
1336191008967684097,negative,0.08444542159807641
1336191011190697985,negative,0.000283733484396869
1336191032841498627,neutral,0.42755866745518784
1336191036599775232,neutral,0.43960948954025836
1336191044476690433,negative,0.18579309265815516
1336191047806881797,negative,1.09061400996214e-05
1336191054366826497,neutral,0.5071762778347629
1336191065213251584,negative,0.0019302611963277672
1336191067763466241,negative,1.9438002474565714e-07
1336191074977652737,negative,0.05117440639700099
1336191081692717058,negative,0.08990678484404516
1336191082955235329,negative,0.03947520384433996
1336191092069285888,negative,0.012489058514232853
1336191093059145729,negative,0.02002464256031609
1336191138651398144,negative,0.017440720977705722
1336191142833098752,negative,0.08784328308715707
1336191148411523073,positive,0.8379728836873578
1336191152693850112,negative,0.30109049170032803
1336191154140962816,negative,0.0003130193473460766
1336191157978734592,negative,6.721439998032326e-07
1336191163741708289,negative,2.087555200246462e-06
1336191166702870528,negative,0.004406161221784879
1336191169685041152,negative,7.989933916656133e-09
1336191176718708738,negative,0.0898859173980726
1336191188609757184,negative,1.072721916416959e-05
1336191196276936705,negative,1.7191983506215212e-06
1336191198692827138,negative,1.471882983620237e-06
1336191204380332032,neutral,0.6196666765938542
1336191219454513153,negative,0.27604171204275996
1336191220943470593,negative,1.2394173500973074e-07
1336191223082704898,negative,0.021312096280108803
1336191231978696705,positive,0.8227580701447129
1336191233803292674,neutral,0.5495922250151081
1336191238005985280,negative,0.00025648132032773024
1336191240354865158,negative,0.12707314939547495
1336191253558546433,neutral,0.45854565419078946
1336191257618640897,neutral,0.41109667334131383
1336191281291284483,negative,0.010113612595705295
1336191286668374016,neutral,0.3619968460619691
1336191297019916288,neutral,0.49789225920557484
1336191299167240192,negative,0.2469188615255173
1336191309799976960,negative,0.00019407811706119131
1336191310508810242,negative,0.1448211019262047
1336191338014904325,negative,0.00911747721029606
1336191338597867522,negative,0.2933275950121153
1336191339801800704,negative,0.016192976722017766
1336191340095315968,neutral,0.5071762778347629
1336191343379554304,neutral,0.41331154166425377
1336191348303523840,negative,0.004277511146664857
1336191350711074816,negative,0.12439537591998326
1336191357749239809,negative,0.012161915281136125
1336191359502479360,negative,0.2247286567051241
1336191368151130116,negative,0.0015270352554468975
1336191369191321601,positive,0.9378048380158202
1336191370403454976,negative,0.1520812634342893
1336191371330379778,negative,0.05311564772679495
1336191378339098624,negative,0.2247286567051241
1336191384060112896,negative,0.009915325518233655
1336191390225674241,negative,0.0007305752122865484
1336191395938373632,negative,0.1640064666746681
1336191398190702594,negative,0.000834163527553111
1336191407820705797,negative,0.0036380460440132
1336191414439440384,neutral,0.5495922250151081
1336191429123694594,negative,0.006041398213262594
1336191430356819971,negative,1.7150474045872205e-10
1336191437239508992,negative,0.11803692012409668
1336191439060029441,negative,0.007987785879808995
1336191444609019904,negative,4.147145653062813e-07
1336191449487056897,negative,0.15317533190601143
1336191452821467136,negative,0.0026427676379612505
1336191460060893184,neutral,0.5071762778347629
1336191467342110721,negative,9.56871031453336e-07
1336191469972041728,negative,0.11600027192901424
1336191472274710528,negative,0.2247286567051241
1336191473247727616,negative,0.0021523852940610413
1336191473990000641,neutral,0.34204090801782494
1336191475609202690,negative,0.08893379995457705
1336191478763229184,neutral,0.37618986031535473
1336191481481203713,negative,4.489926736996918e-05
1336191485742620673,neutral,0.5495922250151081
1336191488015872000,negative,1.3084176013027787e-05
1336191488993202177,negative,7.066760008669022e-05
1336191489295179776,negative,0.004277511146664857
1336191490339577861,negative,0.0007560080183860925
1336191500258971648,negative,0.27923941595269497
1336191501190090752,negative,0.03175568134901045
1336191502238801921,negative,0.2247286567051241
1336191508509286400,neutral,0.5495922250151081
1336191515408748547,negative,5.10609742631773e-10
1336191528247701504,negative,0.00044456353996812206
1336191534539001857,neutral,0.44353297049406665
1336191535923167235,negative,0.24179424095030289
1336191543640788992,negative,0.18979385973029791
1336191544102105088,negative,0.08675644068887371
1336191550100017153,negative,2.2378816944891584e-07
1336191556148207622,negative,0.2759700704447623
1336191558824112129,negative,1.4894803157804521e-09
1336191571654553600,neutral,0.5495922250151081
1336191574049492992,negative,0.029071337363158343
1336191584623357952,negative,1.0580346383383394e-06
1336191588326924288,negative,0.0055739190106772266
1336191603438886912,negative,3.8626393142742006e-07
1336191608799301632,negative,9.95517949154512e-06
1336191622464278534,negative,0.00010451414361990898
1336191623882043392,negative,0.30109049170032803
1336191627422031872,negative,0.04722436181186787
1336191628030128128,negative,0.00586259014157138
1336191639031742467,neutral,0.5495922250151081
1336191640541802496,negative,0.003349724398970434
1336191640873152513,neutral,0.5071762778347629
1336191649060417537,neutral,0.5071762778347629
1336191649735716865,neutral,0.5071762778347629
1336191649756672001,negative,0.007457207816034536
1336191655313981443,negative,0.11016712329933258
1336191660716249089,negative,0.0036536686850816478
1336191660737359872,negative,0.0055739190106772266
1336191664793268224,negative,0.0010021560481050132
1336191668144496640,negative,0.08492182174707734
1336191670954635264,negative,0.029071337363158343
1336191679368470528,positive,0.9999767633055595
1336191683592065025,negative,0.0021286505586496232
1336191695826849794,negative,0.0012056617985645817
1336191697496236033,neutral,0.6219332912659806
1336191705708687360,negative,0.03587417083036424
1336191715431112705,negative,0.2247286567051241
1336191716794257408,negative,0.13834301768778634
1336191730006315012,negative,4.643193737420944e-08
1336191737509933056,negative,7.365894599795131e-05
1336191744350715905,positive,0.7753921402191785
1336191747576262659,negative,0.10022113387915049
1336191750218592256,negative,0.0055739190106772266
1336191753964154881,negative,0.000283733484396869
1336191762906406912,negative,2.2378816944891584e-07
1336191772339257345,negative,0.004277511146664857
1336191775149584384,negative,0.2534743328309334
1336191776407875584,negative,1.533420634175845e-08
1336191776449818624,negative,0.00020402502472737478
1336191789158502402,negative,0.12712890869219548
1336191789259091968,negative,0.00013609676140446443
1336191796616060928,negative,0.005496521896995324
1336191797824024576,negative,0.07955570541394522
1336191811862355968,neutral,0.33978191901078764
1336191819244298242,negative,3.8626393142742006e-07
1336191820909465600,negative,0.2247286567051241
1336191831432900609,neutral,0.48728019602140255
1336191839678894081,negative,0.0010021560481050132
1336191840236793856,negative,0.2247286567051241
1336191845265797120,negative,2.2378816944891584e-07
1336191845274181632,neutral,0.5495922250151081
1336191853557792769,negative,4.809944971213905e-19
1336191863934562304,negative,0.000724235618761816
1336191867910836226,negative,8.507108781788185e-06
1336191868141355008,negative,3.121249287262083e-07
1336191870569914368,negative,0.015030881585496562
1336191871446523905,negative,0.005496521896995324
1336191880913149952,negative,4.11669798203053e-06
1336191883865956352,negative,0.005496521896995324
1336191894800445440,negative,0.001410286181445828
1336191898109812738,neutral,0.35808523527258007
1336191903893688321,negative,0.000283733484396869
1336191905110044673,neutral,0.5071762778347629
1336191908201201664,neutral,0.5071762778347629
1336191918011715585,neutral,0.5505550505941735
1336191927159492609,negative,0.015621975753946655
1336191935325728768,negative,0.0004988763956312827
1336191938161045504,negative,0.2247286567051241
1336191948093263874,negative,0.011844546710555992
1336191950064668672,negative,0.22794737229719092
1336191954061840386,negative,0.23972773971202263
1336191954384809985,negative,0.000111342805925398
1336191955391406081,negative,0.0005486493309236959
1336191969538748416,negative,2.6930425137075658e-05
1336191971308810240,negative,0.0008733087128916884
1336191973296906240,negative,6.690186697327808e-07
1336191980540489729,negative,4.4193714640919733e-10
1336192005219647489,negative,0.2469188615255173
1336192010798108672,negative,0.14892446542116092
1336192014396878848,negative,1.7191983506215212e-06
1336192017727152128,negative,0.005496521896995324
1336192020709306374,negative,2.7141902833055115e-08
1336192030117154817,negative,0.0031052611114051635
1336192031346094080,neutral,0.5136446707795853
1336192034907058176,negative,0.2247286567051241
1336192036022710273,negative,0.03706689679897731
1336192039789084672,negative,0.00048772999734724066
1336192041735360513,negative,2.876681992196106e-07
1336192050312536065,negative,2.2636634522431915e-18
1336192054230126593,neutral,0.4377896312766332
1336192059800231936,negative,0.0036506294248087132
1336192060609716224,negative,0.0005787178081881781
1336192106851864579,negative,0.2247286567051241
1336192107204272129,negative,0.0010021560481050132
1336192114313621504,negative,0.012043374163956682
1336192128305811456,negative,0.004277511146664857
1336192132013568000,positive,0.9281521754358479
1336192141895208961,negative,0.010955072067978015
1336192147503112194,negative,3.733548502028373e-05
1336192158211125248,neutral,0.5071762778347629
1336192160807477248,negative,0.04741869753717307
1336192163093340160,negative,0.0173487282095745
1336192168915046401,negative,0.2247286567051241
1336192177664364544,negative,0.30109049170032803
1336192182873681920,negative,0.00012447964076186966
1336192184886976512,negative,0.0014656597313452175
1336192185847312385,neutral,0.5071762778347629
1336192186044403712,negative,0.004277511146664857
1336192192499499009,negative,0.14250001097925594
1336192194823262208,negative,0.0036380460440132
1336192200510681090,negative,7.809991566456577e-07
1336192201282494464,negative,0.1539026230634744
1336192206265344000,negative,3.8626393142742006e-07
1336192207519440896,negative,1.7191983506215212e-06
1336192217157918721,negative,0.0001808211913054488
1336192221603913728,negative,3.8626393142742006e-07
1336192226800627713,negative,0.02093721204845707
1336192227484168197,negative,8.835427879863547e-06
1336192228973285376,neutral,0.5098073982927889
1336192234992119808,negative,0.08182779319405563
1336192240293736449,negative,0.006400457005132638
1336192255288365058,negative,0.000822142727031567
1336192300981002246,neutral,0.34204090801782494
1336192315233361921,negative,0.03231636588082904
1336192319356362754,negative,0.0284509541169225
1336192325387685889,negative,1.7191983506215212e-06
1336192334602653696,negative,0.003912136526250572
1336192337140178945,negative,0.2247286567051241
1336192337358282754,negative,1.7191983506215212e-06
1336192342861238272,negative,1.4303192111205777e-06
1336192350754836480,negative,0.0012596517677059302
1336192351874801664,negative,3.8626393142742006e-07
1336192364206051329,negative,0.000111342805925398
1336192378093199363,negative,0.12716303346247326
1336192381004238849,neutral,0.5071762778347629
1336192386570088449,negative,4.643193737420944e-08
1336192397911404544,negative,0.2247286567051241
1336192398356062216,negative,0.2247286567051241
1336192399446585345,negative,0.011224746282337805
1336192400662941696,negative,2.0194010127095523e-05
1336192405804994560,negative,0.2247286567051241
1336192420183240706,negative,0.004277511146664857
1336192420258701312,neutral,0.5071762778347629
1336192430979354625,negative,0.01820221480391321
1336192434150100992,negative,0.005496521896995324
1336192441079107584,negative,0.2247286567051241
1336192508703993856,negative,0.027492911354850266
1336192510356574209,negative,1.1287421581926103e-06
1336192511195242496,negative,0.000283733484396869
1336192511568711680,negative,0.2297984884374534
1336192525330247687,negative,0.005496521896995324
1336192529876709376,negative,0.2247286567051241
1336192532863062016,negative,2.4088386626381296e-06
1336192534696108033,negative,0.12806593311428657
1336192536478617600,negative,0.3038171336655576
1336192541281161217,negative,0.0002632791794850676
1336192548319072256,neutral,0.5871089289510618
1336192557756239874,negative,0.2217746252052112
1336192567545745410,negative,0.004277511146664857
1336192572692312065,negative,0.08266581527040938
1336192575393460224,negative,0.006395195580233121
1336192576458792962,negative,1.9766998841925163e-06
1336192576672698368,negative,0.0014568740909776028
1336192576823701506,negative,0.005496521896995324
1336192579231240192,negative,0.00018473036188640954
1336192580447596544,negative,0.013880893589698429
1336192581751934978,negative,0.029035333925236943
1336192582808956930,negative,0.2247286567051241
1336192587615580160,negative,0.10795851127181336
1336192605839888384,neutral,0.4336588633595935
1336192606582280192,negative,0.04241853269950235
1336192620813557761,negative,1.7191983506215212e-06
1336192622709231616,negative,0.0036380460440132
1336192627885170688,positive,0.7030930516476239
1336192637661933568,negative,6.721439998032326e-07
1336192672642392065,negative,5.980796981731278e-17
1336192675339530241,negative,0.013880893589698429
1336192676446789632,positive,0.8113248625172313
1336192683040239616,negative,0.09513088348114376
1336192687461048321,negative,2.583705433196974e-07
1336192687553171458,positive,0.7253711263792313
1336192691344990208,negative,5.9900175327131395e-09
1336192704519184385,negative,0.0002104524013971634
1336192709103640579,negative,0.2543926416334619
1336192712102572032,negative,8.502474180816559e-08
1336192712752549889,negative,1.7191983506215212e-06
1336192714740731904,negative,2.4088386626381296e-06
1336192721934049281,negative,0.0029763284076467704
1336192721996935168,negative,6.690186697327808e-07
1336192725960552449,neutral,0.5071762778347629
1336192732482695168,negative,0.015426901641941063
1336192732675465217,neutral,0.5071762778347629
1336192744872611841,negative,0.028692006668483983
1336192747854848000,neutral,0.3419378670411089
1336192747913555968,neutral,0.5071762778347629
1336192751990353920,negative,0.0055739190106772266
1336192756310568960,negative,0.002898784810733864
1336192759128936450,negative,0.2247286567051241
1336192764627865600,negative,0.23951828870581493
1336192769233186819,negative,0.00012178647091961286
1336192771342929923,negative,0.30109049170032803
1336192785494446081,negative,1.316885209796854e-05
1336192790166986753,negative,0.033205742169825615
1336192795573243904,negative,0.2247286567051241
1336192816418967553,negative,0.0010898209749492039
1336192820240023554,negative,0.0036380460440132
1336192852133474304,neutral,0.5745657481775354
1336192852171386882,negative,0.00299584996904074
1336192864053850113,negative,6.690186697327808e-07
1336192869204336641,negative,1.7191983506215212e-06
1336192870240358403,negative,0.24642709452360673
1336192881476980736,negative,0.29773550511591373
1336192881753731072,negative,3.1371292571916037e-05
1336192889060114432,neutral,0.5071762778347629
1336192895741726721,neutral,0.49789225920557484
1336192903169908737,negative,2.6816208595921843e-06
1336192904092676096,negative,0.31820487300311295
1336192906638618624,negative,0.19888480697372599
1336192907166973953,negative,0.005496521896995324
1336192917778669568,negative,0.006990507432521008
1336192918374199298,negative,0.003304717280488076
1336192948439052288,negative,0.004406161221784879
1336192948669722625,negative,0.06102247733073086
1336192949475037186,neutral,0.5495922250151081
1336192950775259138,negative,0.001216394405368403
1336192956643086339,neutral,0.49789225920557484
1336192964125712384,positive,0.9862044773641202
1336192969834192896,negative,0.0031052611114051635
1336192970769494016,negative,0.027159851788040847
1336192976691728385,negative,0.27923941595269497
1336192979392811010,negative,0.2247286567051241
1336192981695492097,negative,0.1535592857556971
1336192986057744390,negative,0.0055739190106772266
1336192988628840448,negative,1.7191983506215212e-06
1336192992735092739,negative,0.005496521896995324
1336193007469682689,neutral,0.3556131050110785
1336193010535632896,negative,0.05883724278853968
1336193012867723265,negative,0.013605679081510775
1336193058941980675,negative,0.0036380460440132
1336193060921806848,positive,0.9807275228051766
1336193064126337026,neutral,0.38644990261077017
1336193072099680256,positive,0.9784046771361528
1336193075635482625,negative,0.062302883329764996
1336193082447060993,neutral,0.6475691718681155
1336193091729055744,negative,1.448890829808843e-10
1336193104798420992,negative,1.7191983506215212e-06
1336193108288139264,negative,1.3614966445507539e-06
1336193122624270338,negative,7.969634465717242e-09
1336193134473211905,neutral,0.5071762778347629
1336193135337033728,negative,0.012691139210147294
1336193140152262656,negative,1.7191983506215212e-06
1336193140601057280,negative,4.4652971749331256e-05
1336193147760734208,negative,0.0017142142218961817
1336193158435065857,neutral,0.5071762778347629
1336193159752261632,negative,0.07384451377755037
1336193171517267971,negative,0.0077889592181981425
1336193171802492928,neutral,0.33692715015515684
1336193181415743490,negative,0.004113350196889775
1336193183945019392,negative,0.0055739190106772266
1336193187573096455,negative,0.2247286567051241
1336193190525747201,negative,3.8626393142742006e-07
1336193200407527425,negative,0.035039294538817496
1336193264538578951,negative,0.0003966993221570759
1336193272226701312,negative,0.09513088348114376
1336193273883455489,negative,0.00021787746418105915
1336193278438498304,negative,0.1076786409244757
1336193280313323520,negative,0.1274429032201637
1336193290371260416,negative,0.0007011158193077192
1336193294368444416,negative,0.004583881089288981
1336193304313159682,negative,0.01534820579296411
1336193310029979649,positive,0.7030930516476239
1336193310495567875,negative,2.4088386626381296e-06
1336193311959379968,negative,0.2152236890865581
1336193315516141571,negative,0.224835191444062
1336193332201009153,negative,0.2247286567051241
1336193332213669889,neutral,0.5071762778347629
1336193335933857798,negative,0.028633930467143968
1336193340681965569,negative,0.046031121441506256
1336193341688590337,negative,0.005496521896995324
1336193342439383044,negative,0.0055739190106772266
1336193346298019840,neutral,0.5631581906597997
1336193347518664704,negative,0.049903926305757094
1336193348605005825,negative,0.05150605835110808
1336193355345252358,negative,0.30109049170032803
1336193357236858880,negative,6.350144458115574e-09
1336193368053805058,negative,0.2247286567051241
1336193375951859715,neutral,0.5071762778347629
1336193379353456642,negative,0.17717578913099286
1336193380263604224,negative,0.004277511146664857
1336193395958689794,negative,0.30109049170032803
1336193854261907456,negative,4.340740303156031e-05
1336193861090205696,negative,2.8062607676417045e-13
1336193863292252160,negative,0.0007909894513014575
1336193866890964997,negative,0.2247286567051241
1336193868694315010,negative,0.2247286567051241
1336193870380617729,negative,0.2247286567051241
1336193876223270912,negative,1.7191983506215212e-06
1336193881998823425,negative,9.066826139901026e-06
1336193885958250496,negative,0.0055739190106772266
1336193894007050241,negative,0.03050726196506219
1336193898205511680,negative,0.1520812634342893
1336193901414244352,negative,0.02805547176432403
1336193905721831425,negative,0.05491962026522553
1336193908796219393,negative,4.9103578710430025e-14
1336193911333793793,negative,3.263818022311898e-06
1336193920603140096,negative,6.750951972819475e-05
1336193921442074627,negative,1.7191983506215212e-06
1336193927368634368,negative,0.025730578603657392
1336193928656277515,negative,0.10771954126936868
1336193930497581060,negative,0.1457450014959543
1336193930820370433,negative,0.000611137920654274
1336193935979532289,negative,0.052904028878079566
1336193942962929667,negative,0.010783912271725638
1336193945919864832,negative,0.15006343922023127
1336193953889202176,negative,0.26407737538283016
1336193958154821634,negative,1.233687374380667e-06
1336193958926577664,positive,0.9579065504024102
1336193974525173760,negative,2.4685952404916027e-06
1336193976676872193,negative,0.005496521896995324
1336193979549794304,negative,0.1457450014959543
1336194074253135874,negative,0.0007702131879150948
1336194075511369729,negative,0.03275023297706766
1336194087871938560,negative,0.00020402502472737478
1336194091714011136,negative,0.21238758382890718
1336194096512294914,negative,0.10303780684879094
1336194104334671874,negative,0.18497929084264883
1336194104791871491,neutral,0.42411560656216535
1336194109699186689,negative,0.11833566462368045
1336194117013999618,negative,0.0364444652617261
1336194123733327875,negative,1.7191983506215212e-06
1336194126518345729,negative,0.000283733484396869
1336194128774893568,negative,0.11545824178064892
1336194129336934400,negative,0.1644156504184116
1336194153076695047,neutral,0.43357408486064775
1336194162413146114,negative,0.30109049170032803
1336194163658739712,negative,0.04241853269950235
1336194171523264513,negative,0.024548039112971303
1336194174719242243,negative,2.4817402278022594e-06
1336194187721490437,positive,0.9892099683102197
1336194189076226049,negative,0.003284824065170215
1336194196391288832,negative,0.1457450014959543
1336194201491558400,negative,0.000822142727031567
1336194203383115777,negative,0.011236900629175605
1336194210236534784,negative,0.0003130193473460766
1336194303736090624,negative,0.01266239377480441
1336194304235155456,negative,0.014240810307101934
1336194306013597696,negative,2.031485751781147e-11
1336194318743318529,negative,0.21014229646621002
1336194327316402176,negative,0.07069672288596644
1336194335956676608,negative,0.011881652961005212
1336194344110469122,negative,1.1566073326794615e-05
1336194350515154944,negative,0.004277511146664857
1336194352113127425,negative,0.08127725778341821
1336194352503205888,negative,0.16704553658576202
1336194359851692032,negative,0.011286399442765674
1336194368148033537,negative,0.1457450014959543
1336194369615958016,negative,6.38786682181564e-05
1336194381095837697,negative,5.675835005994874e-05
1336194381896888320,negative,0.0036506294248087132
1336194388351922176,negative,0.03830344634504329
1336194392390914048,neutral,0.5071762778347629
1336194393427111936,negative,0.2247286567051241
1336194400410456065,negative,0.004277511146664857
1336194412095922177,negative,4.219726054973617e-05
1336194423491866626,negative,0.005413011249027096
1336194428537614336,neutral,0.5071762778347629
1336194432312496131,negative,0.1448211019262047
1336194444861657088,negative,1.4507864612754624e-06
1336194444912189444,negative,0.015621975753946655
1336194450712834049,negative,0.07045970263926839
1336194451090378754,negative,2.6765379258714856e-07
1336194524977246208,negative,0.0051104868477027865
1336194531591589888,negative,0.2247286567051241
1336194533005156357,negative,0.005496521896995324
1336194545185415168,negative,0.0034768874260537722
1336194554433839104,negative,0.2247286567051241
1336194559915806720,negative,0.016651102398618632
1336194560880480256,negative,0.011126075501681279
1336194560909783041,negative,0.005835081354177794
1336194565389361152,negative,0.0013691793533939023
1336194576827166724,negative,0.05126448176367735
1336194581092839427,negative,0.0031675272082378587
1336194581273038848,negative,0.09028699660344701
1336194589812658176,negative,8.384466623161548e-05
1336194589947031552,negative,0.0017901876058158141
1336194590253060098,negative,0.00011538081222831332
1336194594082611200,negative,0.004277511146664857
1336194599543578626,negative,0.11627640032920289
1336194609278578688,negative,5.30559399240528e-07
1336194619588141058,neutral,0.45460081872029395
1336194620951318528,negative,0.2247286567051241
1336194626756243459,negative,0.026895284744029316
1336194629318963200,negative,0.2247286567051241
1336194635186778113,negative,0.0031052611114051635
1336194637531410433,negative,0.12273219141099188
1336194638953189376,neutral,0.3435529751425703
1336194642421944321,positive,0.9581364086021033
1336194643516485633,negative,0.0036316724278525093
1336194653977260032,negative,0.2247286567051241
1336194655206010880,neutral,0.5071762778347629
1336194662000803840,negative,1.4303192111205777e-06
1336194668229439489,negative,3.737743296829973e-05
1336194670888509442,negative,0.01534820579296411
1336194676441968640,negative,5.914068644449231e-05
1336194681877696512,negative,0.05126448176367735
1336194739964620800,negative,0.2722334440759191
1336194741248143361,negative,1.0468520309539318e-12
1336194742518951938,neutral,0.5071762778347629
1336194748537688064,negative,0.004277511146664857
1336194752702627840,negative,0.2247286567051241
1336194754439213057,negative,0.026643633446348066
1336194766975987713,negative,0.0031052611114051635
1336194782247317504,negative,0.002165260571812504
1336194783673462786,negative,0.0011806218787193232
1336194786995417088,negative,0.00012447964076186966
1336194797653139457,positive,0.9880346966823037
1336194799385202688,neutral,0.5071762778347629
1336194803432873985,negative,0.2247286567051241
1336194810718416897,negative,0.0752690896602867
1336194812714881030,negative,0.2247286567051241
1336194818695856128,negative,0.23972773971202263
1336194820088471552,negative,0.03815411738779761
1336194820579135489,negative,1.7191983506215212e-06
1336194826736300032,negative,1.9054367498578968e-06
1336194833451524098,neutral,0.5071762778347629
1336194837100584960,negative,0.005496521896995324
1336194837431939073,negative,0.00011499866128728575
1336194845459816450,negative,2.4088386626381296e-06
1336194850442653696,negative,6.536684354228828e-15
1336194854108467202,negative,7.344898861687436e-05
1336194861226135552,negative,0.0002574805293748007
1336194874090151936,negative,3.4813077622487756e-05
1336194881639870466,negative,0.005496521896995324
1336194885397856258,negative,0.0002564856954809121
1336194897603305472,neutral,0.33402218903110614
1336194906277228544,negative,0.0011007016676152683
1336194912845434882,negative,6.690186697327808e-07
1336194941790326784,negative,0.024548039112971303
1336194949486874625,negative,0.2746656039679823
1336194949763751937,negative,0.0075602670623277
1336194950652899328,negative,1.4292555238216282e-06
1336194956017491968,negative,0.0081041691440184
1336194959330959360,neutral,0.46702653804345307
1336194969413926913,negative,0.013630098998411614
1336194976787685376,negative,0.0010051894696469928
1336194997373308929,negative,0.11627640032920289
1336194999386509312,negative,0.0075602670623277
1336195000217071616,negative,0.30109049170032803
1336195003266310150,negative,0.03502614042922808
1336195005116018689,negative,0.2247286567051241
1336195005879345153,negative,3.8626393142742006e-07
1336195010233049088,negative,0.00019407811706119131
1336195016260251649,negative,0.004277511146664857
1336195028306243584,negative,6.721439998032326e-07
1336195031024029697,negative,0.013605679081510775
1336195031292526592,negative,0.02587647496158389
1336195032186023936,neutral,0.5071762778347629
1336195042600476673,neutral,0.6510246118862986
1336195043661664256,negative,0.07045970263926839
1336195049076482049,negative,0.007987785879808995
1336195051517521920,negative,2.788332134356721e-07
1336195053237235712,negative,0.0706888888644311
1336195060002680832,negative,5.586854201299436e-07
1336195063735590914,negative,4.677083926524317e-07
1336195067061538822,negative,0.10255572478566627
1336195067661471744,negative,0.2247286567051241
1336195069611794432,negative,0.0385196619331339
1336195070010126337,negative,0.004277511146664857
1336195070471639040,negative,0.013880893589698429
1336195071880859649,negative,2.2323519294209634e-09
1336195072010940416,neutral,0.49789225920557484
1336195073604800513,negative,0.0002291614479799738
1336195082941247489,negative,0.00423722343478226
1336195084421828608,negative,0.018682626903632562
1336195088330891264,negative,0.0017260390840361495
1336195089828376576,negative,0.0001004825991154978
1336195092407857154,negative,0.0249109588429872
1336195093410312193,negative,0.04241853269950235
1336195093678723073,negative,0.0013807466853426322
1336195112217571328,negative,0.010248491657804502
1336195112414683136,negative,0.004979076751040051
1336195116831285254,negative,0.06322583608872144
1336195118777372677,negative,3.3705712167007776e-05
1336195120857755648,neutral,0.5071762778347629
1336195127430279171,negative,0.06152548340994541
1336195133079957505,negative,0.002898784810733864
1336195145000235013,negative,0.0022806313430021345
1336195146296201217,negative,0.08232104660471552
1336195148661796864,negative,0.005496521896995324
1336195151383977984,neutral,0.3385252644667176
1336195154202517505,negative,1.7191983506215212e-06
1336195156735905794,negative,0.0009997422254786358
1336195163140579329,negative,2.0678872616035334e-06
1336195165464236033,negative,0.07090505253666853
1336195169121660933,negative,0.013339047054502153
1336195170463854593,negative,0.2247286567051241
1336195172640632833,negative,0.013339047054502153
1336195176289742848,negative,0.18913625101876727
1336195196560654337,negative,0.2247286567051241
1336195213484830721,negative,3.363477936727558e-10
1336195219730141185,negative,0.005496521896995324
1336195222301241344,negative,0.03984483658649979
1336195222687125504,negative,6.690186697327808e-07
1336195234045308929,negative,0.2804258529746722
1336195236373082113,negative,8.404127543169066e-05
1336195241867665415,negative,0.004277511146664857
1336195246472921089,negative,0.049064991086973785
1336195248888950784,negative,4.9125427511069075e-05
1336195252517015553,negative,0.0055739190106772266
1336195267599720448,negative,0.007899104924547406
1336195281872969734,negative,0.26483012628064356
1336195283554799616,negative,0.16684709552500912
1336195286704807937,negative,0.0055739190106772266
1336195288084729856,neutral,0.5495922250151081
1336195304576598016,negative,0.010100639407995158
1336195311388172289,negative,0.0075602670623277
1336195336843325445,neutral,0.5071762778347629
1336195350349160448,negative,0.00012447964076186966
1336195359408840704,negative,0.040407761218407175
1336195361535369216,negative,0.0031675272082378587
1336195363095633920,negative,9.075318800762807e-07
1336195363695374336,negative,0.05150605835110808
1336195364647530502,neutral,0.49789225920557484
1336195367780618240,negative,0.029441093966007352
1336195378777997313,negative,0.01649232241087058
1336195386093019136,negative,0.2247286567051241
1336195394213208065,neutral,0.5590400602959449
1336195408054272001,negative,0.32840643840634337
1336195418779074560,negative,0.00025986867835618645
1336195421031575553,negative,0.013880893589698429
1336195421765390337,negative,0.001691535232409211
1336195439016677377,neutral,0.5495922250151081
1336195439884955649,neutral,0.3499352441185855
1336195443349286912,negative,0.049064991086973785
1336195449427021825,negative,3.5636325595359234e-07
1336195453671665668,negative,0.14747561911283058
1336195455206690817,neutral,0.5071762778347629
1336195455537954817,negative,0.25373156096610366
1336195456309878786,negative,0.04530395442501563
1336195457010331654,negative,0.14747561911283058
1336195482377445377,negative,0.0027766947162223637
1336195489247576064,negative,0.2247286567051241
1336195500513619968,negative,0.1535592857556971
1336195502606594048,neutral,0.641764307605432
1336195518431715328,negative,5.7161706742687096e-05
1336195518746275841,negative,9.442302621341513e-06
1336195519526424576,negative,0.2466460099377274
1336195521153732608,negative,3.6748668346789785e-05
1336195523716460544,negative,3.9085977155167527e-07
1336195528443486208,negative,0.000283733484396869
1336195531085930497,negative,6.690186697327808e-07
1336195534630039554,negative,2.0207578650273976e-05
1336195541361942528,negative,3.481880957702432e-05
1336195554812948484,neutral,0.43960948954025836
1336195554930536448,negative,0.02685409080784686
1336195554972471302,negative,0.21238758382890718
1336195555572191232,negative,7.202074350584365e-05
1336195559120637952,negative,1.7191983506215212e-06
1336195564623556608,neutral,0.49789225920557484
1336195566418731008,negative,0.0036316724278525093
1336195571795759105,negative,0.0024369724067328357
1336195575021264897,negative,0.2780078147996837
1336195577852342272,negative,0.013339047054502153
1336195581237211136,negative,0.013339047054502153
1336195582835167232,negative,1.7191983506215212e-06
1336195584676532224,negative,0.013339047054502153
1336195588224933889,negative,0.013339047054502153
1336195592158994432,negative,0.013339047054502153
1336195595896303617,negative,0.013339047054502153
1336195597687160837,negative,2.3229742143069097e-05
1336195617320824835,negative,0.004277511146664857
1336195618692198400,negative,0.2723130791153722
1336195620948893697,negative,0.029071337363158343
1336195622450376705,negative,1.7502922909163747e-05
1336195627647057921,neutral,0.5498681983961673
1336195631573065728,negative,1.4141173364973662e-08
1336195631761637376,negative,1.7191983506215212e-06
1336195633787580418,positive,0.788842407640148
1336195635301715971,negative,0.2247286567051241
1336195642566213632,negative,0.039757491398104326
1336195643929464837,negative,0.002514124917107429
1336195650237685761,negative,0.07384451377755037
1336195684203175936,negative,0.11627640032920289
1336195695020179456,neutral,0.4888596113959692
1336195698916798465,negative,0.03282639916206153
1336195701189955584,neutral,0.5071762778347629
1336195702532304897,neutral,0.5071762778347629
1336195707645136898,negative,0.2247286567051241
1336195708546912265,negative,0.024548039112971303
1336195714397974528,negative,0.027971211632436214
1336195718168666112,negative,0.12958229210646202
1336195720534220802,negative,4.0026378590516236e-05
1336195724430766084,negative,0.08778798262592226
1336195725869293569,negative,0.005681613302619631
1336195726464970754,negative,3.505128343359384e-05
1336195726536282112,neutral,0.49789225920557484
1336195726901194752,negative,0.005257152778470998
1336195727056199680,negative,0.2247286567051241
1336195740637474816,negative,0.1520812634342893
1336195756370247681,positive,0.9786246115511149
1336195758333300737,negative,0.0019828244976486387
1336195775404060672,negative,0.05838581172579735
1336195776976887808,positive,0.999283826300271
1336195787160571904,negative,0.2247286567051241
1336195796342087682,negative,0.004277511146664857
1336195796644098048,neutral,0.34204090801782494
1336195798376144896,negative,0.0001293911155026411
1336195801811361793,negative,0.2247286567051241
1336195806328541190,negative,2.2725619471692957e-05
1336195807259860994,negative,1.3652050873053204e-05
1336195813970759680,negative,0.0008692834650773356
1336195820312539136,negative,0.0055739190106772266
1336195821826674689,negative,0.2587238652492935
1336195828608688128,negative,5.116395977063628e-06
1336195835588177921,negative,5.411811299784222e-08
1336195837244952578,negative,3.023070119631649e-06
1336195841392963584,negative,6.690186697327808e-07
1336195870627344384,negative,0.00020402502472737478
1336195874456788995,negative,0.164719733505123
1336195882614722560,negative,0.007457207816034536
1336195883155787777,neutral,0.5030332264438171
1336195883961114626,neutral,0.5495922250151081
1336195890105692161,negative,0.000834163527553111
1336195896351002626,negative,0.03973650811533231
1336195899320627200,neutral,0.5071762778347629
1336195902143418368,negative,0.00031934439511581463
1336195905851154432,neutral,0.594551546862081
1336195914931838976,negative,0.046031121441506256
1336195931537084416,negative,0.08232104660471552
1336195942513586176,negative,0.2247286567051241
1336195943130165248,negative,0.01280562315818517
1336195948649861120,negative,1.7191983506215212e-06
1336195958678417410,negative,6.99409451171107e-08
1336195962847506433,negative,4.726445649158283e-12
1336195963141169152,neutral,0.5495922250151081
1336195967280885762,negative,0.0009223639209692116
1336195971487850499,negative,1.7191983506215212e-06
1336195974071513091,negative,0.0034921309769005873
1336195974893613056,negative,0.00018473036188640954
1336195975954767873,negative,0.005058473250788434
1336195977867358210,negative,0.2247286567051241
1336195979985309697,negative,1.286632388721888e-07
1336195996485902339,negative,1.7191983506215212e-06
1336195996628504576,negative,0.10771954126936868
1336195999027482624,neutral,0.5071762778347629
1336196001594560512,negative,0.0005501570344302889
1336196016329068546,neutral,0.40389460186828446
1336196028664524801,negative,0.02051919559790961
1336196029549522944,negative,9.529476650786224e-05
1336196056992931840,neutral,0.49789225920557484
1336196058066558979,negative,0.022538690953242232
1336196061598265345,negative,0.1520812634342893
1336196064630726656,positive,0.8549893654024656
1336196066509615105,negative,0.0036380460440132
1336196082624303104,negative,0.2247286567051241
1336196097178472452,negative,5.514695478699126e-08
1336196100143915011,negative,1.062106207857404e-08
1336196107307782144,negative,0.00020402502472737478
1336196114836549632,negative,8.18992268208934e-13
1336196127041916930,negative,0.08719390324808056
1336196137716334592,negative,1.7191983506215212e-06
1336196140245594114,negative,5.227285922657405e-07
1336196142959370240,negative,0.30109049170032803
1336196143286349824,negative,0.2247286567051241
1336196151557632000,negative,1.7191983506215212e-06
1336196151746367488,negative,0.00018473036188640954
1336196154384642054,negative,0.005043832223310791
1336196157014503426,negative,0.013748720191033924
1336196162177687552,negative,0.08719390324808056
1336196165059096577,negative,0.024512522546508295
1336196165944160256,negative,0.2247286567051241
1336196174169206785,negative,4.0026378590516236e-05
1336196190161932288,negative,0.016552357253620673
1336196202870673411,negative,1.4303192111205777e-06
1336196205781639168,negative,1.7191983506215212e-06
1336196207002054656,negative,0.2247286567051241
1336196212832264193,negative,0.024470011302742893
1336196214623248384,negative,4.11669798203053e-06
1336196265076531200,negative,0.2247286567051241
1336196305949954050,negative,4.0026378590516236e-05
1336196309649399810,neutral,0.49789225920557484
1336196309678661633,negative,0.00016867367888181593
1336196317488566272,negative,0.07601675266077361
1336196324824403968,negative,0.0055739190106772266
1336196327672307713,negative,1.8423562896550795e-06
1336196333678411776,positive,0.9916267998813433
1336196339588235264,negative,0.2247286567051241
1336196343346450434,negative,0.16113009361034783
1336196353979011072,negative,0.0055739190106772266
1336196358714388481,negative,0.04829233968062702
1336196359486124032,negative,0.0021693122274363394
1336196359737765890,positive,0.8850754791818591
1336196360484360194,negative,1.0587979938767953e-06
1336196360597549057,negative,2.252709426959692e-06
1336196360907927554,negative,3.419094645763883e-06
1336196374816313344,negative,0.034234019217828544
1336196380000464896,negative,1.8568103380303896e-06
1336196382265389057,neutral,0.5914089136958602
1336196387151732736,negative,4.928604566241761e-13
1336196389806764033,negative,0.2247286567051241
1336196398027509760,negative,1.7191983506215212e-06
1336196409515593728,negative,2.3780760806878657e-05
1336196438967996416,negative,1.7191983506215212e-06
1336196443258953728,neutral,0.3435529751425703
1336196443519004674,negative,0.07345347354090671
1336196451903434755,neutral,0.5071762778347629
1336196470664429568,negative,0.00016768095113046954
1336196470698029056,negative,0.03885036062703162
1336196472006709255,negative,3.591004125675392e-10
1336196481515102211,neutral,0.3332856921008272
1336196495285121024,negative,0.017229471981496415
1336196505288445955,negative,0.21012241285131958
1336196510845812737,negative,0.2247286567051241
1336196525588877312,negative,0.0007208175977291088
1336196530089451522,negative,3.5576058309194464e-10
1336196532928794624,negative,3.5549787942967987e-07
1336196539665018880,negative,1.7191983506215212e-06
1336196546921078784,negative,0.14892446542116092
1336196548837990401,negative,5.5809502643243915e-14
1336196562133905409,negative,1.7191983506215212e-06
1336196563828346886,negative,0.0002462776035558092
1336196566181441537,negative,0.015621975753946655
1336196567607496710,negative,1.981189712407456e-08
1336196567636832257,neutral,0.5495922250151081
1336196578076454913,neutral,0.5279785067593381
1336196583038222336,negative,4.0026378590516236e-05
1336196583466135553,negative,0.0015323468987646352
1336196586506874880,neutral,0.3355155199772639
1336196589904424961,negative,0.0013402956180333997
1336196590130892800,neutral,0.5071762778347629
1336196591691190272,positive,0.9421851676003103
1336196593289056256,negative,0.04299857293575434
1336196621625856001,neutral,0.49789225920557484
1336196633671831552,negative,0.2811034103324359
1336196633760059394,negative,9.356228410072152e-10
1336196643759251458,neutral,0.45854565419078946
1336196644212240385,negative,0.015030881585496562
1336196647123038208,negative,0.0055739190106772266
1336196648741978119,negative,0.0009773369493269216
1336196652277911554,negative,0.28257033379023555
1336196657403355137,negative,1.7191983506215212e-06
1336196666794385409,negative,5.7420120361268375e-06
1336196671840063492,negative,0.00020402502472737478
1336196680761417730,negative,1.5733501720716204e-06
1336196694619385857,negative,0.07764687453473383
1336196696989175808,negative,1.7191983506215212e-06
1336196697752473600,negative,0.012728143606630294
1336196703800659972,neutral,0.46127768308170247
1336196709408509955,negative,0.2526692324933932
1336196713200152576,negative,0.00423722343478226
1336196720070422530,negative,0.12737950578118182
1336196730904252417,negative,0.16453108603897887
1336196739699761153,negative,0.00012447964076186966
1336196744800071680,negative,0.13749564859776497
1336196747723501569,neutral,0.46702653804345307
1336196750244253696,negative,0.007552339233585427
1336196751448039425,negative,7.159087659052605e-07
1336196757185675264,negative,1.7191983506215212e-06
1336196764416815105,negative,0.01817358786005368
1336196778488713217,negative,0.0055739190106772266
1336196780460036097,negative,0.1078048172560327
1336196814597451777,neutral,0.36440385825114957
1336196816090656768,negative,7.189524966230262e-07
1336196817558654976,negative,2.1854904144056768e-05
1336196821094318081,negative,0.0032302397341439
1336196826895056903,negative,0.03177627858935796
1336196832599400448,negative,0.08778798262592226
1336196832716787714,neutral,0.5071762778347629
1336196834658684928,negative,0.01649232241087058
1336196842669957121,neutral,0.5495922250151081
1336196851616387072,negative,0.1588786010721078
1336196851939291137,negative,0.00021787746418105915
1336196861766594560,negative,0.004277511146664857
1336196866615226368,neutral,0.5071762778347629
1336196869173747712,negative,0.30109049170032803
1336196872378044418,negative,0.03587417083036424
1336196873456132096,positive,0.999283826300271
1336196887918075904,negative,0.00020858894447437027
1336196889591558144,negative,0.2247286567051241
1336196896050671617,negative,0.004277511146664857
1336196913784365058,negative,0.01534820579296411
1336196914807791616,negative,0.039535140781164206
1336196924123344897,negative,4.152507103701825e-05
1336196934655225856,negative,3.0141165606364593e-06
1336196946692890624,negative,0.0055739190106772266
1336196948601278464,negative,0.0003400370480755158
1336196954804596739,negative,2.1695740670206605e-08
1336196960710176768,neutral,0.5071762778347629
1336196960815099904,negative,0.31292621952793565
1336197470989201409,negative,0.007457207816034536
1336197475087085568,negative,0.0036506294248087132
1336197479038152704,negative,0.2247286567051241
1336197479809896450,negative,0.306979053453726
1336197484742205442,negative,0.2247286567051241
1336197485061156866,neutral,0.46127768308170247
1336197506561171457,negative,0.00027193013458906844
1336197516933656577,negative,0.2247286567051241
1336197517181026306,negative,0.00016768095113046954
1336197525146112002,negative,0.039839302366350235
1336197532389683200,neutral,0.5495922250151081
1336197539238989824,negative,0.00021972128549308648
1336197540409126913,negative,0.011964438023222524
1336197547933773824,negative,0.0385196619331339
1336197554044854273,negative,0.23660012904879926
1336197555663773697,negative,0.2247286567051241
1336197559212101632,negative,1.7191983506215212e-06
1336197564555816960,negative,0.01649232241087058
1336197566346764289,negative,0.007987785879808995
1336197567307083776,neutral,0.5071762778347629
1336197579068100608,negative,0.0008952035895963322
1336197600370962433,negative,0.002649618847266806
1336197600727457793,negative,0.013178680481539076
1336197611989200897,negative,6.690186697327808e-07
1336197612584783872,neutral,0.49789225920557484
1336197615013257216,negative,1.7191983506215212e-06
1336197704083451905,neutral,0.5495922250151081
1336197721758167041,neutral,0.4316860379528893
1336197722865471488,neutral,0.5071762778347629
1336197727835869185,negative,2.561213666167397e-05
1336197730356649985,negative,4.11669798203053e-06
1336197730713149440,negative,0.006343969677174125
1336197734458650624,negative,0.2247286567051241
1336197753945399303,negative,0.30109049170032803
1336197755878961157,negative,0.00016935775401748208
1336197757179195394,negative,6.990014945244814e-06
1336197767014752257,neutral,0.5071762778347629
1336197770886008833,negative,0.1274429032201637
1336197773847384064,negative,4.3827801078879214e-07
1336197778968629248,negative,0.027695646916040522
1336197780214345730,negative,0.0008952035895963322
1336197781128704000,positive,0.990963964576384
1336197791052427265,negative,0.0023878424149539083
1336197802448318465,negative,0.027695646916040522
1336197807233961984,negative,0.2247286567051241
1336197817417732103,negative,0.2959181523256975
1336197818759835648,negative,0.025179870562982057
1336197822702641152,negative,1.7191983506215212e-06
1336197825659609090,negative,0.08450003896211766
1336197829937799168,negative,0.015001110636049265
1336197831196090371,negative,1.7191983506215212e-06
1336197918911471616,negative,0.011733878760886914
1336197925404340225,negative,0.02482065668515862
1336197927837061121,negative,0.001144817377264813
1336197929577697281,negative,0.1274429032201637
1336197939698528256,negative,0.00024215915994380748
1336197942173110275,negative,9.926879243199525e-10
1336197945323032576,negative,1.7191983506215212e-06
1336197956387614721,neutral,0.35273561967201195
1336197956484038656,negative,0.00469123766942154
1336197957872472065,neutral,0.41901263796461236
1336197958476255232,negative,0.06729506610108225
1336197967636619266,negative,0.025730578603657392
1336197973512921088,negative,0.2247286567051241
1336197983424004097,negative,0.2247286567051241
1336197987253452800,negative,0.1528916553840968
1336197991024250881,negative,0.2247286567051241
1336197997995188226,negative,0.0009104967782213092
1336198001405161472,negative,5.429677631210968e-05
1336198002223042562,negative,0.006503480485937991
1336198009479114752,negative,2.230196279224651e-09
1336198010880004096,negative,0.0006127503637570269
1336198016328351745,negative,1.7191983506215212e-06
1336198017985081344,neutral,0.5071762778347629
1336198022980653057,negative,1.7191983506215212e-06
1336198023047737346,negative,2.6765379258714856e-07
1336198029783740417,negative,0.005662439742988372
1336198031662870528,negative,6.178764652222643e-12
1336198033156005888,negative,0.2247286567051241
1336198039871123459,negative,0.0017429567849514696
1336198042765189120,negative,0.014229859085822028
1336198043117510657,negative,0.000283733484396869
1336198052973985792,negative,0.2247286567051241
1336198055750676480,negative,1.7191983506215212e-06
1336198064097398786,negative,0.00031962278245827415
1336198128878428160,negative,0.012025169318524513
1336198135257960450,negative,0.00883932531425704
1336198142312767489,negative,3.210148589752213e-10
1336198149220806656,negative,0.31211428330641944
1336198162076164102,negative,0.005496521896995324
1336198171463053313,negative,0.0385196619331339
1336198195941093377,negative,0.16113009361034783
1336198205013430272,negative,1.7191983506215212e-06
1336198210168221696,negative,0.04257247684967798
1336198211170689026,negative,0.30360794324641327
1336198217654931457,negative,0.004277511146664857
1336198218867150848,negative,0.11127154111846803
1336198225464877056,negative,0.038269094296768016
1336198234163863559,negative,0.00035183916473534153
1336198237708021760,neutral,0.49789225920557484
1336198242590199808,negative,0.18979385973029791
1336198244607512576,negative,0.000283733484396869
1336198248445435904,negative,0.02271693045647589
1336198250710306817,negative,0.07728337909662333
1336198265453174786,negative,0.00820247326119936
1336198280762494976,negative,2.5107775175598358e-05
1336198281156653056,neutral,0.3570590789461125
1336198285225287681,negative,0.30109049170032803
1336198346160173059,negative,1.8275597770217099e-06
1336198395309010944,negative,0.14747561911283058
1336198396219154434,negative,0.0006311814633330146
1336198399612346369,negative,0.00414091712993179
1336198404729233408,negative,0.2247286567051241
1336198406646112256,negative,1.7191983506215212e-06
1336198416062427137,negative,0.0005005389286521979
1336198418297982976,negative,5.207380184415398e-05
1336198420764258304,negative,1.082993030098198e-06
1336198425818357760,positive,0.875453845254203
1336198437247696899,neutral,0.5071762778347629
1336198443983753219,negative,1.7191983506215212e-06
1336198455019118592,negative,0.005496521896995324
1336198456453586946,negative,2.200724480295279e-05
1336198464196186112,negative,3.269444338411874e-05
1336198477714493441,negative,0.005706509526858074
1336198483515224070,neutral,0.5386452296392228
1336198490225930240,negative,0.2247286567051241
1336198497457098752,negative,0.08870381616988138
1336198500820934656,negative,0.049670573490559644
1336198509549281281,negative,3.8626393142742006e-07
1336198510669139968,negative,2.922301048740098e-06
1336198522358689792,negative,0.0009534228331337294
1336198536241692675,negative,7.450021050294096e-09
1336198548304637952,negative,0.08174015047771156
1336198555242024960,negative,0.008572616699206522
1336198566864433152,negative,0.0001595895927127373
1336198575160762368,negative,0.2069010494404683
1336198582353924097,negative,4.364903522701643e-09
1336198587525574658,negative,0.1946935448497546
1336198599777116165,negative,2.2263102057627978e-08
1336198608165679104,negative,0.2247286567051241
1336198614939557889,neutral,0.3309666183595131
1336198616353026048,negative,0.2247286567051241
1336198618487799809,negative,0.004677005232283684
1336198619771203585,negative,0.2247286567051241
1336198626687770627,negative,5.929900182632376e-08
1336198630328438784,negative,0.0013683388851837349
1336198632329146369,negative,0.03598279578246489
1336198640151498755,positive,0.9421851676003103
1336198647420215297,negative,0.0001808211913054488
1336198655750139904,negative,0.0023878424149539083
1336198660347064321,negative,0.00012447964076186966
1336198667238338561,negative,0.07955570541394522
1336198668106555392,negative,0.06614588376857429
1336198674460909568,negative,0.08951480711177211
1336198679871557634,negative,1.7191983506215212e-06
1336198683788918788,negative,0.1762130465045299
1336198688780201984,negative,0.2247286567051241
1336198695113682945,negative,1.4837034099352127e-06
1336198702772465664,negative,1.7191983506215212e-06
1336198708388528128,neutral,0.5591817371670827
1336198711333056512,negative,1.7191983506215212e-06
1336198711479848962,negative,1.7191983506215212e-06
1336198730685431809,negative,0.2247286567051241
1336198756732166145,neutral,0.5071762778347629
1336198759097765890,neutral,0.38129073659477497
1336198768446869504,negative,0.0034121485026871057
1336198769944256512,negative,0.012164356634635817
1336198770325938182,negative,0.0055739190106772266
1336198779083485184,negative,1.7191983506215212e-06
1336198781117722625,negative,0.001058177159926552
1336198785593176064,negative,0.010473492869693818
1336198788541804544,negative,1.0719591153442052e-07
1336198796536111107,neutral,0.5495922250151081
1336198798398255104,negative,0.2247286567051241
1336198800570896386,neutral,0.641764307605432
1336198801049194496,negative,0.020898842912847118
1336198806233260032,negative,0.0008167917366830352
1336198813414027267,negative,1.7191983506215212e-06
1336198823115333632,negative,0.00032671911635461675
1336198826374410241,negative,0.2375465664951907
1336198826416197632,negative,0.00015929287916573948
1336198829335461888,negative,0.2247286567051241
1336198832242237443,negative,0.03133718270032327
1336198839640985600,negative,0.10579795352614133
1336198853570261000,neutral,0.35402931960554973
1336198860658659328,negative,0.002898784810733864
1336198891369336834,negative,1.7191983506215212e-06
1336198892027785216,negative,0.04257247684967798
1336198908465307648,positive,0.7004208888244865
1336198910046560259,negative,0.015621975753946655
1336198913641111554,negative,1.7191983506215212e-06
1336198927276707840,neutral,0.3332856921008272
1336198931752030209,negative,0.0017260390840361495
1336198934277083142,negative,0.005496521896995324
1336198934327332864,negative,0.0053233857014550285
1336198951544958977,negative,0.14590546449331504
1336198955021918209,neutral,0.5071762778347629
1336198962739621889,negative,0.00021149154459418793
1336198967068160001,negative,0.1076786409244757
1336198974294945792,negative,0.021862839926968566
1336198976790536192,negative,0.002649618847266806
1336198980527644673,neutral,0.47141431181369436
1336198985531330560,negative,0.1240031834082984
1336198987452440576,negative,1.21911790947362e-11
1336198996235325441,negative,0.129237917846027
1336198998953086977,negative,0.0055739190106772266
1336199003596271616,negative,9.773367271353589e-05
1336199008256135175,positive,0.998372171051536
1336199021376008192,negative,0.21548285998422043
1336199025813561344,positive,0.9904368865771556
1336199049557446657,negative,0.011605176773095744
1336199060563300352,positive,0.8619306009143554
1336199061192454150,negative,6.990014945244814e-06
1336199074484285445,negative,0.05150605835110808
1336199078909112321,negative,0.2247286567051241
1336199084588363783,neutral,0.4461733275406525
1336199087532732416,negative,2.1695740670206605e-08
1336199109624164353,negative,2.0779457677488762e-12
1336199116184035332,negative,0.00012447964076186966
1336199117027110913,negative,0.0055739190106772266
1336199123096264704,negative,0.2247286567051241
1336199124606214144,negative,0.023123432264763842
1336199129878433793,negative,0.0443200463750333
1336199140095639552,negative,1.7191983506215212e-06
1336199145032441856,neutral,0.41331154166425377
1336199145707634689,negative,0.2247286567051241
1336199159196516353,negative,0.009357000335180173
1336199162099097601,positive,0.9263088548677441
1336199183221420037,negative,0.2247286567051241
1336199190511292419,negative,0.014229859085822028
1336199191228506114,negative,0.017013102013610868
1336199191773798405,negative,3.8626393142742006e-07
1336199195846467585,negative,0.012164356634635817
1336199210207760384,negative,0.1356825800360846
1336199221310083073,negative,5.358446212589022e-05
1336199223008702464,negative,3.3502910469630385e-05
1336199240410951681,negative,2.1670125225814745e-05
1336199244668026881,negative,4.917328462827708e-08
1336199260505657344,negative,0.036168914980505
1336199260895727621,negative,0.2247286567051241
1336199262502350848,negative,0.2247286567051241
1336199275571720192,negative,0.004277511146664857
1336199279275175936,negative,0.004277511146664857
1336199280940490753,neutral,0.5372318511317483
1336199283725508608,negative,0.013633905592549789
1336199295930863616,negative,6.721439998032326e-07
1336199296077717505,negative,0.15784872887475487
1336199310766202881,negative,0.2247286567051241
1336199312041271297,negative,0.0029692415917423197
1336199322178752513,neutral,0.458452529704962
1336199325563621378,negative,0.30704871821427804
1336199328180932608,negative,0.0763184514243951
1336199329971724288,negative,0.2043692370913819
1336199330529734656,negative,0.0038050004763637304
1336199337219538944,negative,0.2715986399098022
1336199342500229122,neutral,0.38129073659477497
1336199360393129985,negative,0.00012447964076186966
1336199362838319106,negative,6.750951972819475e-05
1336199364348358662,negative,1.7191983506215212e-06
1336199371461943296,positive,0.9863145095785224
1336199388700549121,negative,0.05777207437610128
1336199410124910593,neutral,0.34204090801782494
1336199413774000129,negative,0.004033604158960967
1336199415384707072,neutral,0.40733488664377315
1336199418106671104,negative,1.4802439001273324e-13
1336199441947254784,neutral,0.39319518466564296
1336199442735763456,neutral,0.60458824846874
1336199448570056704,negative,0.14960508765670266
1336199454219784193,negative,0.05150605835110808
1336199464114155521,negative,0.15006934102421465
1336199465351270400,neutral,0.5352343853751623
1336199466626523137,negative,0.2450168294564013
1336199483055628288,neutral,0.5071762778347629
1336199483240144896,negative,6.146415799912351e-09
1336199486138445825,negative,0.013178680481539076
1336199492463374337,neutral,0.40605773029141534
1336199492929007617,positive,0.7899198485664493
1336199508837937154,negative,0.08147658052199243
1336199516052189184,neutral,0.3435529751425703
1336199519902420992,negative,0.2247286567051241
1336199522117177345,negative,0.04461714872160298
1336199522591141889,negative,0.005496521896995324
1336199529675313152,negative,0.30109049170032803
1336199531713736707,negative,1.7191983506215212e-06
1336199537082380290,negative,4.188911860714042e-09
1336199542094618624,negative,0.2247286567051241
1336199542820253696,negative,3.587777786018699e-05
1336199558771187718,negative,0.0005387102674266198
1336199569906880518,neutral,0.47819279245426566
1336199570452344832,negative,0.0055739190106772266
1336199572708855809,negative,3.9408601400602034e-05
1336199579218268161,negative,1.7191983506215212e-06
1336199580954873857,negative,4.563407540893036e-13
1336199583878311936,negative,0.047515801552552986
1336199588106149888,negative,0.2247286567051241
1336199591130230785,negative,0.009882513273369007
1336199597664989185,negative,0.011881652961005212
1336199632695783424,negative,0.00465024367045766
1336199637544341505,negative,5.8742672488537866e-05
1336199646507655168,negative,1.7191983506215212e-06
1336199652337651719,negative,7.227740987732586e-07
1336199655009509377,negative,0.0004624676529036232
1336199680464744451,negative,1.0466221315520688e-09
1336199687225925633,negative,0.14315438755810364
1336199706960125958,negative,8.616865358809374e-07
1336199716837711872,neutral,0.3448789537043245
1336199730271977473,negative,0.2247286567051241
1336199731698147329,negative,3.1371292571916037e-05
1336199733598167042,negative,0.2247286567051241
1336199737553383426,negative,0.30109049170032803
1336199741676417024,positive,0.7840108193736911
1336199743198867457,negative,1.7191983506215212e-06
1336199743987470336,neutral,0.39319518466564296
1336199747737149440,negative,0.2247286567051241
1336199754578087936,negative,0.0004790152463960337
1336199761280585729,negative,2.6121198615382194e-05
1336199766536024065,negative,0.07384451377755037
1336199769287376897,negative,1.7191983506215212e-06
1336199774454886402,neutral,0.5071762778347629
1336199786190483457,negative,0.2247286567051241
1336199809003241472,negative,1.7191983506215212e-06
1336199810475548672,neutral,0.5071762778347629
1336199811184222208,negative,0.2247286567051241
1336199815131242496,negative,0.000724235618761816
1336199817069006850,negative,0.03275805674869764
1336199821296873476,negative,3.8626393142742006e-07
1336199836379525127,negative,1.7191983506215212e-06
1336199851198058496,negative,0.19308520274707902
1336199864225583104,negative,0.2247286567051241
1336199887071875072,negative,0.005043832223310791
1336199887331995648,positive,0.726895673730196
1336199891098460160,negative,1.7191983506215212e-06
1336199892251840513,negative,6.690186697327808e-07
1336199892792979457,negative,0.004677555754860195
1336199901923876864,neutral,0.5071762778347629
1336199908840378369,negative,0.0004442826661344929
1336199922589323264,neutral,0.513136929509853
1336199925273649152,negative,1.7191983506215212e-06
1336199926032818177,negative,0.0007208175977291088
1336199931397337088,negative,0.04927401146136369
1336199940201205760,neutral,0.5495922250151081
1336199941392371712,negative,0.0018269788916239146
1336199942373830656,positive,0.9437507273538077
1336199963311710210,negative,4.5726226607713297e-10
1336200003933630464,negative,0.017134135888253774
1336200008345980930,negative,0.16305889594729991
1336200015405060097,neutral,0.5071762778347629
1336200015686103040,negative,0.09731620596684615
1336200017019858945,negative,0.0008853639424463409
1336200023630098433,neutral,0.5071762778347629
1336200031863328769,negative,0.2247286567051241
1336200032463319041,negative,0.0018457880433815617
1336200059038224384,negative,0.1162570170772868
1336200060313296898,positive,0.7029180914446871
1336200060913250304,neutral,0.5071762778347629
1336200065011113984,negative,0.0031052611114051635
1336200068811132929,neutral,0.44846293211155425
1336200069666791424,negative,0.10438601281798111
1336200075962355713,neutral,0.5071762778347629
1336200083365371907,negative,1.7191983506215212e-06
1336200084623564800,negative,0.07345347354090671
1336200084627845120,negative,0.30679265707593195
1336200090529120256,neutral,0.483331563254134
1336200101669134336,negative,6.690186697327808e-07
1336200107574771714,neutral,0.5071762778347629
1336200113522294784,negative,0.2247286567051241
1336200115464245248,positive,0.9901698397688382
1336200122305286146,negative,0.0004624676529036232
1336200126298169346,negative,0.0036380460440132
1336200126591852544,neutral,0.4507454498615163
1336200139317370880,neutral,0.5503084371945912
1336200147953397762,negative,0.030363420309827888
1336200171689013248,negative,0.04814924726186632
1336200176353112064,negative,6.146415799912351e-09
1336200184104169472,negative,0.015030881585496562
1336200196221448192,negative,0.2247286567051241
1336200198444474368,negative,4.287554956757324e-05
1336200209114820609,negative,2.117967470779836e-06
1336200209534226432,negative,0.07601675266077361
1336200220686823424,negative,0.2247286567051241
1336200229524267008,neutral,0.49789225920557484
1336200229595480064,neutral,0.3510202237708689
1336200237501788163,negative,0.01630218108649891
1336200243478720512,negative,0.1299800787041118
1336200252601344000,negative,9.23304413567733e-05
1336200254350364673,negative,0.002112099184347039
1336200256866951170,negative,0.2247286567051241
1336200268371914752,negative,0.002113612924953205
1336200277133848577,negative,0.0055739190106772266
1336200292669460480,negative,0.0016371605636026152
1336200294754095104,negative,0.00022257868821965143
1336200307966160896,negative,1.7191983506215212e-06
1336200310478532608,negative,1.7191983506215212e-06
1336200314303770624,negative,0.06993430841501422
1336200320112791553,negative,0.15139345005958244
1336200320234315777,neutral,0.5071762778347629
1336200323770224640,negative,0.03815411738779761
1336200330845908993,negative,0.0036380460440132
1336200331567501315,negative,2.4088386626381296e-06
1336200364606054400,negative,0.005109297758785129
1336200379428708353,negative,8.272321119633553e-05
1336200382373093378,neutral,0.513136929509853
1336200401658458113,negative,1.533420634175845e-08
1336200402770026496,negative,1.2868941417735845e-06
1336200422026072064,negative,0.09460992311975046
1336200425960333312,neutral,0.49789225920557484
1336200427570753537,negative,5.258097694476e-07
1336200434290020352,neutral,0.5071762778347629
1336200436005490689,neutral,0.5495922250151081
1336200443840622592,negative,0.011885305003478255
1336200457845354496,negative,7.261970475379828e-05
1336200464917032965,negative,0.004406161221784879
1336200468998053889,negative,0.05418350022110874
1336200476258234370,negative,0.03212433838531924
1336200484575698944,negative,0.07955570541394522
1336200488983945218,negative,4.11669798203053e-06
1336200503961800706,negative,7.747698964516628e-07
1336200539005063169,negative,0.2247286567051241
1336200544558444544,negative,8.989030773308173e-07
1336200548299706369,negative,0.0002651993126819178
1336200550493401090,negative,0.00021149154459418793
1336200552779313157,negative,0.10579795352614133
1336200558777147393,neutral,0.39710432007426716
1336200564263297026,negative,0.0054246335266612804
1336200578876190720,negative,0.0003074570978977581
1336200587826774022,negative,0.00019597620744236677
1336200593396928512,negative,0.006626898291964878
1336200594797760514,negative,0.14865795621882724
1336200603039494144,negative,0.036644390788331656
1336200603844931585,negative,0.03275805674869764
1336200610379673600,positive,0.7398165698561904
1336200610404651008,negative,0.004021902104194566
1336200614355853312,negative,0.0055739190106772266
1336200614460657664,positive,0.7621058565782315
1336200629539233792,negative,2.1894213418050556e-09
1336200630491344896,negative,3.8626393142742006e-07
1336200633574174722,negative,0.0055739190106772266
1336200646614261762,negative,3.1371292571916037e-05
1336200652737945603,negative,0.0008633391565961129
1336200656990908417,negative,0.0055739190106772266
1336200660367323137,neutral,0.3687912887864503
1336200663651536898,neutral,0.5071762778347629
1336200665614446592,negative,6.146415799912351e-09
1336200671033430016,negative,0.15133441943611786
1336200673503944706,negative,0.19308520274707902
1336200682068733961,negative,1.837689961882929e-05
1336200682865651712,negative,0.023476907920929373
1336200692260868096,negative,0.002898784810733864
1336200692684480513,negative,1.7191983506215212e-06
1336201419523813377,negative,0.01730959465904324
1336201421344153603,negative,0.00012447964076186966
1336201424028385282,negative,1.7191983506215212e-06
1336201426540883968,negative,0.0005943072912333619
1336201427602042881,negative,0.2247286567051241
1336201430663884800,negative,0.01768569713705011
1336201441325821952,neutral,0.49789225920557484
1336201446534987778,negative,0.027810388068505745
1336201451102724096,negative,0.00012447964076186966
1336201455561129985,neutral,0.5495922250151081
1336201458363064320,negative,1.7191983506215212e-06
1336201464205733889,negative,0.00018473036188640954
1336201477052915712,negative,1.7191983506215212e-06
1336201480064425985,negative,0.005498725821193808
1336201482048299011,negative,0.3167216194067771
1336201486271963142,negative,0.027695646916040522
1336201493490360322,negative,0.00012447964076186966
1336201494685691904,negative,0.0031052611114051635
1336201500360642560,negative,1.07384587164683e-05
1336201506232655872,negative,1.6168911498272318e-08
1336201509349056515,negative,1.7191983506215212e-06
1336201510666035202,negative,0.0018018007646163623
1336201511366344704,neutral,0.5071762778347629
1336201518953984000,negative,0.007493712450043618
1336201533382295555,negative,0.004277511146664857
1336201536918200320,negative,0.00521127532041049
1336201537727516674,negative,1.7191983506215212e-06
1336201538784653312,positive,0.939291221798097
1336201550226604034,positive,0.9686920653561322
1336201552722214912,neutral,0.5071762778347629
1336201564000821251,negative,0.0008692834650773356
1336201574444658688,negative,0.00022257868821965143
1336201574671147008,negative,0.00032657851053032554
1336201580220178432,negative,0.01112378346809149
1336201647782055937,negative,0.01789676863505761
1336201648767582208,negative,6.690186697327808e-07
1336201679465754624,negative,0.00011497105822613352
1336201685685846016,negative,3.0439567276937634e-06
1336201705407602688,negative,0.01730959465904324
1336201712235843584,negative,0.0026718646847690027
1336201719496237056,negative,4.147145653062813e-07
1336201719865368578,negative,0.0005589961753337785
1336201729814245376,negative,6.690186697327808e-07
1336201737858916352,neutral,0.49789225920557484
1336201738458701824,negative,0.2247286567051241
1336201740933337091,negative,0.0031052611114051635
1336201760474599429,negative,0.07414833241600664
1336201763108630528,negative,0.009673293424029741
1336201763687317505,negative,0.2247286567051241
1336201851805577216,positive,0.676100403163282
1336201858138787840,neutral,0.5071762778347629
1336201859577618432,negative,0.08305290570090709
1336201862039613441,negative,0.2247286567051241
1336201866598887424,negative,0.08305290570090709
1336201872030507008,negative,5.987839475917607e-05
1336201875608150017,negative,3.704031352653704e-08
1336201884617613313,negative,0.08488733787555222
1336201890992779265,negative,0.2247286567051241
1336201893081534464,neutral,0.5495922250151081
1336201894558126080,negative,0.1457450014959543
1336201896441339904,negative,1.7191983506215212e-06
1336201898886647808,negative,0.0018119721600766013
1336201906490847235,negative,0.0031052611114051635
1336201906625114112,negative,0.08305290570090709
1336201907908599809,negative,0.08305290570090709
1336201910337105920,negative,0.09861818216981204
1336201935456591872,neutral,0.5495922250151081
1336201944738660353,negative,0.2247286567051241
1336201945149812739,negative,0.08719390324808056
1336201945472770049,negative,1.7191983506215212e-06
1336201947141918720,negative,0.015030881585496562
1336201951281876994,negative,0.08305290570090709
1336201955845279744,negative,0.08305290570090709
1336201962862211073,neutral,0.6274708568440207
1336201963680137217,positive,0.7908664530879232
1336201965647355906,negative,0.2247286567051241
1336201977538088961,negative,0.16684709552500912
1336201980176261121,negative,0.03310364865626163
1336201980545523712,negative,0.0002666722730612256
1336201998727864321,negative,1.7191983506215212e-06
1336202057724829697,negative,0.08305290570090709
1336202078734135297,negative,0.08305290570090709
1336202092533313536,negative,2.919373662363115e-06
1336202094102114308,negative,0.2247286567051241
1336202105200275456,negative,0.047852555880853596
1336202108618629121,negative,0.14442090242407044
1336202109029650432,negative,0.08305290570090709
1336202116906557440,negative,0.1393598483752562
1336202117120454656,negative,0.023088631025067016
1336202119632793604,negative,1.85973328618061e-12
1336202131175567360,negative,0.30109049170032803
1336202136657399808,negative,0.017010987671568622
1336202145520119808,negative,0.08305290570090709
1336202154621759489,negative,0.30679265707593195
1336202155603222529,negative,0.015945794627499413
1336202171591880704,negative,0.0003501412777753428
1336202174016212993,negative,0.0014052022859583138
1336202179301023744,negative,0.30468958915460226
1336202186431340544,negative,0.00490586988706187
1336202190084591616,negative,9.066826139901026e-06
1336202192081080320,negative,0.055565396702889305
1336202211068669953,negative,0.02052242294566157
1336202221466361857,negative,0.027695646916040522
1336202229943070720,negative,0.004127358238549644
1336202245243854848,negative,0.08305290570090709
1336202269935640576,neutral,0.49789225920557484
1336202285005873153,neutral,0.5071762778347629
1336202285546958851,negative,0.027695646916040522
1336202302001012739,negative,0.08305290570090709
1336202304148680704,neutral,0.5495922250151081
1336202305180491776,negative,0.08305290570090709
1336202310725169152,negative,0.01534820579296411
1336202311899754498,neutral,0.5071762778347629
1336202327770935297,negative,0.046430951521740156
1336202335723413505,negative,0.2247286567051241
1336202353691799555,negative,0.01545610446473516
1336202355172405249,negative,0.08305290570090709
1336202361241542657,negative,0.08305290570090709
1336202361811791872,negative,0.013516944135993225
1336202368820662272,negative,0.08305290570090709
1336202370754224129,negative,0.018765626646651296
1336202378417111042,negative,0.2247286567051241
1336202380191420420,neutral,0.45460081872029395
1336202380807790592,negative,0.008227449196619123
1336202381554487297,negative,0.0055739190106772266
1336202381579722752,negative,0.0024369724067328357
1336202384503156737,negative,9.67965909528934e-06
1336202384960315393,negative,2.816658892255106e-05
1336202391499268099,neutral,0.5372318511317483
1336202404568633344,negative,9.423305592233204e-05
1336202442094985216,negative,0.00023150211442064827
1336202444288774144,negative,0.2247286567051241
1336202444850642944,neutral,0.5495922250151081
1336202454648623104,neutral,0.5071762778347629
1336202464400265216,negative,0.2778159216577611
1336202469525884929,negative,1.6996656296183653e-05
1336202473967505408,neutral,0.44353297049406665
1336202492682657793,negative,0.22891315180656766
1336202522135044096,negative,2.6930425137075658e-05
1336202529948934146,negative,0.015030881585496562
1336202530167074818,negative,0.023088631025067016
1336202530443976704,negative,0.025757990530277587
1336202533191159808,neutral,0.5372318511317483
1336202550001856520,negative,6.721439998032326e-07
1336202551419662339,negative,0.024892562347720526
1336202552061341697,negative,7.235893139442039e-12
1336202560496164865,negative,3.6419229929528945e-14
1336202563054690306,negative,0.03264213345734297
1336202563239235584,neutral,0.5150911265520572
1336202563402731524,negative,0.27442296042962033
1336202576220614657,negative,1.7191983506215212e-06
1336202583199911937,negative,1.7191983506215212e-06
1336202585209008128,negative,0.2247286567051241
1336202593408851968,negative,0.08305290570090709
1336202593740201986,negative,0.012842214923071355
1336202593962487809,negative,0.013605679081510775
1336202600203628544,negative,1.2730183948953045e-05
1336202604335009792,negative,0.000283733484396869
1336202607149412353,negative,1.7191983506215212e-06
1336202624727658496,negative,0.010574117885135617
1336202625608523777,negative,0.0010567605544361091
1336202642960297984,negative,0.2247286567051241
1336202647213404161,negative,1.7191983506215212e-06
1336202648106708992,negative,0.0011070919727393788
1336202650510118912,negative,1.3388043661756477e-10
1336202658093391888,negative,0.0064448189147091215
1336202669741006849,negative,0.05150605835110808
1336202670353379328,negative,0.2830540368489178
1336202675361374208,negative,1.079091568758672e-05
1336202677580001282,negative,0.023961564086077795
1336202680079826945,negative,1.7191983506215212e-06
1336202681468284928,negative,0.0008414930630390123
1336202684181995520,positive,0.9437507273538077
1336202686895677440,negative,0.09513088348114376
1336202703215595520,negative,3.372159947914641e-13
1336202715588943873,neutral,0.5495922250151081
1336202716394172416,negative,0.06622165743285253
1336202724015300610,negative,1.7191983506215212e-06
1336202724434702336,negative,1.7191983506215212e-06
1336202767648632832,neutral,0.5071762778347629
1336202776817315842,negative,0.07764687453473383
1336202780898430977,neutral,0.42411560656216535
1336202788410257410,negative,4.84121001794286e-07
1336202797625339905,neutral,0.5954662896661052
1336202815832670208,negative,0.2247286567051241
1336202816705208320,negative,4.399844398090046e-09
1336202825257381888,negative,0.08305290570090709
1336202826486321154,negative,3.2271536828564683e-10
1336202852713127936,negative,0.006381828868819327
1336202853325615106,negative,0.009912275303630843
1336202858849591296,negative,1.7150474045872205e-10
1336202879489761281,positive,0.9437507273538077
1336202887182098437,negative,0.08305290570090709
1336202894387929088,negative,0.19308520274707902
1336202895222509568,negative,0.08305290570090709
1336202910489829376,negative,0.0036506294248087132
1336202923957768192,neutral,0.5844986534818807
1336202941946982400,negative,0.032494255579819185
1336202946728644609,negative,0.007285582985438164
1336202946917306369,neutral,0.4396091427402031
1336202948028878848,negative,4.152507103701825e-05
1336202950365093891,negative,0.08305290570090709
1336202950549639168,negative,0.0443200463750333
1336202951862317057,neutral,0.5071762778347629
1336202955033284609,negative,0.08305290570090709
1336202966630592512,negative,0.042598635117955454
1336202969939898370,negative,0.08305290570090709
1336202971907022848,negative,1.7191983506215212e-06
1336202983151968256,negative,0.018765626646651296
1336202983239872513,negative,0.25373156096610366
1336202983714017280,negative,0.005496521896995324
1336202995437015040,neutral,0.40389460186828446
1336203005499236354,negative,0.09513088348114376
1336203013569073152,negative,5.120474471171576e-07
1336203022544801794,negative,1.7563470285855256e-05
1336203023928930305,negative,0.0010152230627007088
1336203024486817793,negative,0.01280562315818517
1336203028664365056,negative,0.00012447964076186966
1336203036738416640,negative,0.08305290570090709
1336203041997869056,negative,0.04749206253278335
1336203050332037120,negative,1.7191983506215212e-06
1336203063288279041,negative,0.018765626646651296
1336203065230127106,positive,0.954287394651051
1336203067331645440,negative,0.00012448313619243398
1336203069491716096,negative,0.006812235075395696
1336203073220456448,negative,0.08305290570090709
1336203076076777472,negative,0.08305290570090709
1336203091251695622,negative,0.08305290570090709
1336203095186018304,negative,4.0322990044054705e-05
1336203104614834177,negative,0.14443876587170928
1336203105839542272,neutral,0.5071762778347629
1336203106791645184,negative,0.28311474483410703
1336203123090657281,negative,0.005496521896995324
1336203126051893248,negative,2.340153359388541e-09
1336203129004691456,neutral,0.49789225920557484
1336203130917318656,negative,0.00018263142435981613
1336203135581294596,negative,0.08305290570090709
1336203139171692545,negative,0.3178714717604787
1336203161917300736,neutral,0.3687912887864503
1336203163058151424,negative,0.04749206253278335
1336203167357427712,negative,0.00020402502472737478
1336203169924341762,negative,0.00032657851053032554
1336203171656585217,negative,0.012661016492909086
1336203202413408256,neutral,0.5071762778347629
1336203202455285760,negative,1.23098562722113e-06
1336203208935477248,negative,0.08305290570090709
1336203210411819010,negative,4.0026378590516236e-05
1336203217508704258,neutral,0.5071762778347629
1336203217772875776,negative,0.2247286567051241
1336203219551268864,negative,0.2247286567051241
1336203236139732992,negative,0.00804998093064036
1336203253332254722,negative,0.08305290570090709
1336203257992056832,negative,0.01208958752028943
1336203261586468864,negative,6.690186697327808e-07
1336203265307004928,negative,0.0055739190106772266
1336203269736198144,negative,0.03051504680544711
1336203269954281473,negative,0.08305290570090709
1336203274249261060,negative,0.0010021560481050132
1336203303882022912,negative,0.223095376869151
1336203303982665733,negative,0.01280562315818517
1336203306088222721,negative,0.0055739190106772266
1336203312119603200,negative,0.21012241285131958
1336203314569089026,neutral,0.49288743694416853
1336203321124638720,neutral,0.5071762778347629
1336203323444105216,neutral,0.5495922250151081
1336203331014897664,negative,0.00011497105822613352
1336203333934206976,negative,7.501903640923615e-05
1336203382697037829,negative,0.29344313707481123
1336203385331052546,negative,0.0005251005328071222
1336203394214744064,negative,0.25373156096610366
1336203408538296321,negative,0.0036380460440132
1336203418290049024,negative,6.172337332131903e-06
1336203440326848512,negative,0.003560901489873014
1336203447310430209,negative,0.2247286567051241
1336203451752177665,negative,0.08305290570090709
1336203456374312960,negative,0.31292621952793565
1336203483330924545,negative,0.08305290570090709
1336203493548449794,negative,0.23660012904879926
1336203496929030144,negative,0.08305290570090709
1336203500598915073,negative,3.4038935398310143e-08
1336203501958000641,negative,0.16113009361034783
1336203505506377731,negative,0.007899104924547406
1336203508131876867,negative,0.001688176234942312
1336203509138599936,negative,0.0001167895485707994
1336203515035856896,negative,0.0036380460440132
1336203540516261888,negative,0.2008585393769695
1336203545528266752,neutral,0.5495922250151081
1336203551157137409,negative,0.0055739190106772266
1336203566646702081,negative,0.0023878424149539083
1336203567644995584,negative,0.1387474041018698
1336203574473318400,negative,0.040857516547440346
1336203574741766145,negative,3.8626393142742006e-07
1336203576696303619,negative,0.064339358342844
1336203579741224961,negative,0.31292621952793565
1336203594576654336,negative,0.30777194381866574
1336203600155078656,negative,0.10771954126936868
1336203628672151553,negative,0.30109049170032803
1336203629515198464,neutral,0.5071762778347629
1336203633629814784,negative,1.252564660867355e-07
1336203635164844032,neutral,0.5240031269357623
1336203650289569793,negative,0.30109049170032803
1336203651371700224,negative,0.009882513273369007
1336203654139932673,negative,0.029125624029788903
1336203660037074947,negative,6.990062588596167e-15
1336203661647679488,negative,8.984404656507932e-13
1336203669293965313,negative,0.00043379153591780026
1336203669692436481,negative,2.117967470779836e-06
1336203673182101504,negative,1.7191983506215212e-06
1336203677116325894,negative,3.0071528294914105e-06
1336203691217575936,negative,0.2868150126811013
1336203694786945026,neutral,0.5071762778347629
1336203699165728770,negative,0.2247286567051241
1336203702177247233,negative,0.0006315045819909503
1336203713875238914,neutral,0.6547080638984439
1336203726793674753,negative,0.0055739190106772266
1336203732615376897,negative,0.28936095785749827
1336203733005320192,negative,1.7191983506215212e-06
1336203734427168769,negative,0.0005190506995873417
1336203739246497794,negative,0.018765626646651296
1336203744770486274,neutral,0.3428466946680528
1336203754643673089,negative,0.06729506610108225
1336203766698303488,negative,0.05150605835110808
1336190664996958210,neutral,0.4176513357546192
1336191466620809216,neutral,0.4176513357546192
1336191480566779904,positive,0.7637918514202691
1336194816074518533,neutral,0.4176513357546192
1336196934634246148,negative,0.0006235488294324422
1336197155023937537,negative,0.31062133515766494
1336198947749195778,neutral,0.4176513357546192
1336201267740340226,neutral,0.3542518885950165
1336201794771365888,neutral,0.4176513357546192
1336202227665543172,neutral,0.4176513357546192
1336202674610565120,neutral,0.4176513357546192
1336189235607478272,negative,0.07182550350105615
1336191392264069121,neutral,0.49789225920557484
1336192217812185088,negative,7.481707276874875e-06
1336193623038242817,negative,0.16310265746128633
1336194001343553542,neutral,0.49789225920557484
1336195282766270464,negative,0.1377949037110859
1336196659794075653,negative,0.17672755989941588
1336194920646914055,negative,0.001158096634339763
1336195072967098368,negative,0.001158096634339763
1336197386524213250,neutral,0.49789225920557484
1336197456581767171,negative,0.00021282248445820604
1336197789743788032,negative,0.001158096634339763
1336198742916132864,negative,0.001158096634339763
1336198888441700352,negative,0.001158096634339763
1336201496208150529,negative,0.005208746337708005
1336201556564320256,negative,0.001158096634339763
1336202593475809280,negative,0.0011131190940776433
1336188772946468864,neutral,0.5651393015448372
1336188794668773376,negative,0.0020558535811287535
1336188799886503936,negative,0.05790344717653552
1336188808103071750,negative,1.292436430346077e-05
1336188961509806081,neutral,0.47697210391394973
1336188979671085058,negative,9.005548924239949e-09
1336189007840092161,negative,0.05666588501179393
1336189011925209089,negative,0.28358585514806284
1336189032196411393,negative,1.699509521501024e-07
1336189126660526081,negative,0.08577263536733551
1336189224584962048,negative,4.6104143336333035e-05
1336189279953973249,negative,0.0018350628473569365
1336189284240527362,negative,0.16001160636784192
1336189327068553216,negative,0.0001471676900175959
1336189339554942976,negative,0.0001471676900175959
1336189369888149505,negative,1.497415884894136e-13
1336189381137358848,negative,0.0039546145987583905
1336189390993801216,negative,0.009065870271805315
1336189452796956672,negative,0.00023140459745180303
1336189464524320768,negative,0.006481359387165518
1336189547626033152,negative,0.0020558535811287535
1336189548754333697,negative,0.01613291145735509
1336189585664172032,negative,1.1024093502085497e-06
1336189589783015425,negative,0.23015956107402277
1336189595734724610,negative,0.0020558535811287535
1336189599538929665,negative,5.104058668555503e-05
1336189612490895368,negative,0.09904338802648052
1336189659513319424,negative,0.0005701702463784084
1336189704065134593,neutral,0.36937728021866806
1336189714639056898,negative,3.845053709461266e-10
1336189743311147010,negative,5.632235862835124e-05
1336189761535479808,negative,7.234481768317583e-05
1336189802123816964,negative,2.7377783606115503e-06
1336189830800216065,negative,0.05666588501179393
1336189838999969792,negative,0.00045718610681644533
1336189848953171969,negative,0.0015084291487692002
1336189857597632514,negative,0.00895289740733173
1336189876413280273,negative,1.5698768531177156e-08
1336189914015096833,negative,0.002750596484884937
1336189932147191809,negative,0.022332133638292555
1336189953634668544,negative,0.01010354326687626
1336189973519855616,negative,9.506804570725411e-12
1336190011155361792,positive,0.880095007927251
1336190057712136192,negative,0.30108720442723663
1336190073205886978,negative,2.156691387472313e-05
1336190085289664514,negative,3.7194657879198958e-09
1336190094848495616,negative,0.19330176973539123
1336190099873271808,negative,8.169734774923683e-07
1336190150955704321,negative,9.903286397048304e-05
1336190158983606273,negative,0.003697392673916774
1336190188150812673,negative,3.0466127280153865e-06
1336190203577458688,negative,0.05304650223620676
1336190240617336834,negative,0.00032258109126855587
1336190248334856195,negative,0.24509811951123517
1336190302927925249,negative,2.0996324660058073e-08
1336190306484707328,negative,0.014039697407443725
1336190308695085057,neutral,0.39205505277009706
1336190324704751617,negative,0.00044718249976855143
1336190437116166145,negative,0.006885241604407449
1336190472071557121,negative,0.03674229160397507
1336190533304193024,neutral,0.40332461381892903
1336190546449227777,negative,1.0654218097293247e-10
1336190551780102144,negative,0.0020558535811287535
1336190555026575361,negative,0.00012840282427953534
1336190562207088640,negative,0.05304650223620676
1336190568188219393,neutral,0.35109421447724276
1336190569144586241,negative,0.06609986145952967
1336190611188310017,negative,0.001281162313735207
1336190624991686656,negative,1.736770172686861e-09
1336190633422237698,negative,0.0015460537262021227
1336190775961346048,negative,5.632235862835124e-05
1336190778100559873,negative,0.012475554013915185
1336190887018164224,negative,0.00031486791920580574
1336190931918348288,negative,0.05641679359383723
1336190942382968833,negative,0.0006049778402874627
1336190948754284544,neutral,0.47697210391394973
1336190974456958981,negative,5.658127321140216e-06
1336191012012584961,negative,0.05666588501179393
1336191023723188226,negative,2.9441399629384615e-07
1336191041590980617,negative,0.0001471676900175959
1336191071433281541,negative,0.3058911358003523
1336191080384106497,negative,0.0006571643097909109
1336191148499546112,negative,0.006762258319229879
1336191150693240832,negative,8.775519661376169e-05
1336191161611022337,negative,0.00272083497946921
1336191218628227072,negative,0.05666588501179393
1336191259547865088,negative,0.013650153226730492
1336191281198981120,neutral,0.40332461381892903
1336191289725841408,negative,9.846012983766546e-05
1336191314363355142,negative,0.010368106523928413
1336191332419768320,negative,0.05666588501179393
1336191370315358208,negative,0.05666588501179393
1336191373599535105,negative,0.04040120466262259
1336191386278879237,negative,0.21121216595640213
1336191399717441537,negative,0.3058911358003523
1336191457045213190,negative,1.212189699477366e-05
1336191513072553984,negative,0.05666588501179393
1336191514733633539,negative,0.05666588501179393
1336191560229285888,negative,0.034194530204726646
1336191573202178049,negative,0.3058911358003523
1336191585520812032,negative,3.250428207357069e-05
1336191715884093448,negative,0.0036128588612094736
1336191754458910720,negative,0.016226014710243847
1336191798142758916,negative,1.623005520434677e-05
1336191859006255108,negative,2.7770362556596726e-10
1336191872931389440,negative,0.05666588501179393
1336191928690483200,negative,7.853979329131064e-06
1336192013834870784,negative,0.0012461270413744736
1336192019161608192,negative,2.1789335248354777e-08
1336192064799842305,negative,0.018894332466046382
1336192081019211777,negative,0.21121216595640213
1336192093711196161,negative,0.05666588501179393
1336192130868518912,negative,0.033884029380945965
1336192318609690632,negative,0.033884029380945965
1336192322271318016,negative,0.011162705769003335
1336192347894329344,neutral,0.5143447214613424
1336192431864287234,negative,0.05666588501179393
1336192513317728256,negative,0.010368106523928413
1336192527242842118,negative,0.004837234057312308
1336192554564546560,negative,0.04040120466262259
1336192569961832449,negative,1.757246329867544e-08
1336192576710381570,negative,0.010368106523928413
1336192577289261056,negative,0.008020507944175683
1336192631341264897,negative,0.00022862602220406316
1336192653633990657,negative,0.21121216595640213
1336192681014333441,negative,0.018014810884331288
1336192748022607874,negative,0.17645614726651745
1336192776355143681,neutral,0.6409902376728382
1336192786530332672,negative,0.01653365019545691
1336192867136663552,negative,0.010368106523928413
1336192908811177984,negative,0.00044718249976855143
1336193048536109057,negative,1.4654322417438742e-07
1336193058833043457,negative,3.1035190726740584e-05
1336193089849929729,positive,0.7285273562006747
1336193232057884672,negative,0.0004472254117918927
1336193399809044482,negative,2.3506822135758502e-07
1336193476241870849,negative,0.007560544346196567
1336193524224626689,negative,0.08026738229064231
1336193525340319745,negative,0.010368106523928413
1336193549294034944,negative,0.033884029380945965
1336193572350124032,negative,0.0020558535811287535
1336193600393277440,positive,0.9625446832618098
1336193614624550915,negative,8.640529322341e-08
1336193677811724288,negative,0.1102037683832941
1336193679493656577,negative,0.0006571643097909109
1336193709529051137,negative,0.18656069962069166
1336193716298592257,negative,0.0036128588612094736
1336193736225730560,negative,1.339783805543619e-13
1336193759483203584,negative,0.04738906074093043
1336193776486912000,negative,0.0016800958160469324
1336193781050335232,negative,3.1035190726740584e-05
1336193799970836480,negative,0.05666588501179393
1336193806245498881,negative,0.006499546935102714
1336193810053775360,negative,0.025110978519786106
1336193935404830720,positive,0.7208747956003837
1336193957722812417,negative,1.6183868510692774e-05
1336194021623001091,negative,1.3526169834994859e-06
1336194056003710978,negative,0.08577263536733551
1336194075041685504,negative,1.1731564665863586e-10
1336194124727410688,negative,0.06714662125369827
1336194150132297728,negative,0.07798033557258457
1336194164892069890,negative,0.21121216595640213
1336194179047829504,negative,8.640529322341e-08
1336194188665380865,negative,0.05641679359383723
1336194212098961411,negative,0.0005252628750007503
1336194222093832192,negative,0.3058911358003523
1336194407905767425,negative,0.05666588501179393
1336194411861045248,negative,0.007292747076216826
1336194414436298752,negative,0.016177525494063
1336194456194781185,neutral,0.4697010403328649
1336194596972453891,negative,0.00026325072776704593
1336194604438327297,negative,0.19924545451767137
1336194854808743937,negative,0.08831730016394972
1336194857627504644,negative,5.104058668555503e-05
1336195048795475969,negative,0.0005304640983164867
1336195244933734400,negative,0.07798033557258457
1336195351154405378,negative,0.02820601856850542
1336195358972661765,negative,0.05666588501179393
1336195414761103362,negative,0.14547135869393832
1336195424932278272,negative,2.0560396481627544e-08
1336195438765027328,negative,0.01653365019545691
1336195451381432321,negative,0.0001471676900175959
1336195479428861953,negative,0.00045886253391198107
1336195496927502339,negative,0.05666588501179393
1336195502979731459,negative,0.007621986037712315
1336195560165027840,negative,7.645049752713669e-10
1336195602418425859,negative,3.1035190726740584e-05
1336195751500648448,negative,0.1507900264601329
1336195763160936449,negative,0.0014867591435231958
1336195780395159552,negative,0.013286860221542789
1336195786103730176,neutral,0.4482716566294095
1336195805191884800,negative,0.16162955086206265
1336195834954862598,negative,0.0020558535811287535
1336195900977389576,negative,1.9846734138916437e-09
1336195907126239234,negative,2.306069636569811e-06
1336195936259878915,negative,1.9275806939229745e-08
1336195955213922304,negative,0.3058911358003523
1336195996385239043,negative,0.05304650223620676
1336196019902705664,negative,6.057615421359832e-07
1336196095181946881,negative,0.16162955086206265
1336196158490861568,negative,0.3058911358003523
1336196162332856323,neutral,0.33437657162567436
1336196222823100419,negative,5.104058668555503e-05
1336196236970348545,negative,0.05666588501179393
1336196274954117120,negative,0.010368106523928413
1336196351160438784,neutral,0.6132801218349259
1336196364741521408,negative,0.024559124694996274
1336196395972358144,negative,0.005848181399022026
1336196456370204672,negative,0.3058911358003523
1336196569129955328,negative,2.039596420806918e-05
1336196629913853952,negative,0.0020558535811287535
1336196679070969856,negative,0.0020267138869958243
1336196697144365056,negative,5.483772647864552e-06
1336196707965612033,negative,0.014043847175906581
1336196742518333441,negative,0.019155756753799092
1336196784029392896,negative,0.0075602670623277
1336196789842620417,negative,0.0020558535811287535
1336196808981114880,negative,0.3058911358003523
1336196845345923072,negative,0.01653365019545691
1336196849590472704,negative,0.010368106523928413
1336196930385420288,negative,0.0006976869944744729
1336196948697739265,negative,0.048343895535007106
1336196983426592768,negative,0.010368106523928413
1336197127446388737,negative,0.028303716590390594
1336197128742383616,negative,2.6734807257848825e-06
1336197174128939010,negative,2.7377783606115503e-06
1336197237723029506,negative,0.00027577180891235313
1336197251564179457,negative,0.21121216595640213
1336197311165247488,negative,9.903286397048304e-05
1336197375216521216,negative,0.06122667266872669
1336197434624495617,negative,0.003650044914595431
1336197441650110464,negative,2.413073678542232e-08
1336197571681742850,negative,0.0011020766491160073
1336197583564398592,negative,0.21121216595640213
1336197590338170883,positive,0.8942765227089889
1336197590350696450,negative,9.903286397048304e-05
1336197636576129024,negative,1.6183868510692774e-05
1336197651465957376,negative,0.0006511527250462815
1336197654913675265,negative,1.1049260487672567e-05
1336197679223861248,negative,0.05641679359383723
1336197737398800386,negative,0.0020558535811287535
1336197862791720960,negative,0.0006960353057789499
1336197883536740354,negative,4.147145653062813e-07
1336197917196001280,negative,0.3058911358003523
1336197991473049600,negative,0.05641679359383723
1336198024364744704,negative,2.7377783606115503e-06
1336198029242757120,neutral,0.49000020163341823
1336198037203349504,negative,0.033884029380945965
1336198039938199552,negative,0.0020558535811287535
1336198090458587137,negative,0.3287769557124057
1336198194208907265,negative,0.05666588501179393
1336198245069021184,neutral,0.40332461381892903
1336198381744558080,neutral,0.40332461381892903
1336198460777836544,positive,0.880095007927251
1336198461327364096,negative,8.273964175915834e-08
1336198587156471808,negative,0.013033855595725112
1336198598569172998,negative,0.20550868870956696
1336198655896858627,negative,0.05140481031993731
1336198682065121281,negative,0.21121216595640213
1336198688910270464,negative,9.991777579743418e-07
1336198714428444672,negative,0.010368106523928413
1336198825422299136,negative,0.07938646638675181
1336198837317246976,negative,0.05666588501179393
1336198845777252352,negative,0.05641679359383723
1336198873866448897,negative,0.005483351742892656
1336198936546201602,negative,1.0394596907184416e-08
1336198978346643456,negative,0.010368106523928413
1336199037624705024,negative,0.1957718147832269
1336199044725690369,negative,0.028004901043055513
1336199207502422017,neutral,0.37609422587007374
1336199275731148800,negative,0.08641564331781784
1336199330575867904,neutral,0.34506746393620424
1336199357939462145,negative,0.05641679359383723
1336199458791493633,negative,0.00034979345274693683
1336199587669942276,negative,0.2651657161454706
1336199618451922947,negative,0.0034963939253611744
1336199646616592387,negative,4.6939252806668415e-08
1336199726975373313,negative,2.5432675501262484e-08
1336199850468241410,negative,5.457557766504241e-05
1336199853957902337,negative,0.0001850210823163487
1336199855635619841,negative,0.16162955086206265
1336199872601616385,negative,4.2887642358590785e-11
1336199876544225280,negative,2.6472947189621855e-05
1336199954847703040,negative,0.22002117588714584
1336199981900840962,negative,2.5839602666129418e-08
1336199984174297089,negative,0.05666588501179393
1336199998149627904,negative,0.012175067197301624
1336200009662910465,negative,0.05666588501179393
1336200015077908480,negative,0.05641679359383723
1336200055804596224,positive,0.9996838463964721
1336200069880696833,negative,0.003723918413546581
1336200092412502017,negative,0.010480551274287955
1336200096464195588,negative,0.08026738229064231
1336200112981372930,negative,5.581083037193932e-07
1336200120728252416,negative,0.05666588501179393
1336200211375345664,neutral,0.49789225920557484
1336200309463535616,negative,0.010368106523928413
1336200338714595328,negative,4.6104143336333035e-05
1336200345656176640,negative,0.05641679359383723
1336200418595131393,negative,5.104058668555503e-05
1336200435359764482,negative,0.010767985919086752
1336200591220027394,negative,0.033884029380945965
1336200599558369281,negative,0.001764184088803694
1336200602561470464,negative,0.0006571643097909109
1336200668554649601,negative,0.028303716590390594
1336200676792279041,negative,0.024559124694996274
1336200690851586048,negative,0.21121216595640213
1336200706219511808,negative,4.6104143336333035e-05
1336200736405786624,negative,3.310730686050946e-08
1336200742848311296,negative,0.1383362637758166
1336200764151255040,negative,0.05641679359383723
1336200787404447747,neutral,0.4047214283799102
1336200791854624769,negative,0.06260745681415979
1336201069362286592,negative,0.0012073099796444157
1336201069957963777,negative,5.490968953224143e-07
1336201085359415296,negative,1.9042961828825235e-09
1336201123389186055,negative,0.003929492815542712
1336201149184176128,negative,0.013512286925678428
1336201252917678080,negative,2.6589673251002356e-09
1336201259326566400,negative,1.497415884894136e-13
1336201290989391873,negative,2.4574715552421205e-08
1336201293996634112,negative,3.221389564360242e-08
1336201305547829248,negative,0.002975253103591149
1336201363211096065,negative,0.022433790888337836
1336201393754042370,negative,2.9328428001298524e-05
1336201409017077760,negative,0.010368106523928413
1336201433654312960,negative,0.0035508269474925896
1336201440000311297,negative,0.005060536895773936
1336201493104500739,negative,6.746881594384743e-05
1336201543943680000,negative,0.02068267567253056
1336201603142053890,negative,0.05641679359383723
1336201604463128582,negative,3.3259132771058767e-11
1336201700680601600,neutral,0.39205505277009706
1336201753490944006,negative,0.3058911358003523
1336201760147468289,negative,0.06714662125369827
1336201781274161152,negative,0.05666588501179393
1336201838224310275,neutral,0.49789225920557484
1336201874425384961,negative,0.0003310081751920254
1336202034207461377,negative,0.006435052208900857
1336202064641347584,negative,0.010368106523928413
1336202090306269184,negative,0.0007264344593229812
1336202136435056640,negative,0.16162955086206265
1336202154323939329,negative,2.6621632661970882e-05
1336202181737779200,neutral,0.49789225920557484
1336202182601928704,negative,0.013775083391252588
1336202257650638855,negative,0.00022291622366479592
1336202294849892354,negative,2.412735300941151e-05
1336202301049073665,negative,4.789110275856942e-06
1336202322955923457,negative,0.00046820772711132465
1336202377830014979,negative,0.30108720442723663
1336202506465124353,neutral,0.46712197788461607
1336202514727923712,negative,0.008241286984149951
1336202550874353665,negative,0.21121216595640213
1336202608696938496,negative,0.16162955086206265
1336202612853661698,negative,0.05666588501179393
1336202614569054210,negative,0.15945082851845138
1336202651856322562,negative,0.05666588501179393
1336202659213283334,negative,2.7377783606115503e-06
1336202765018816513,negative,4.206224428825753e-07
1336202931603955713,negative,2.7377783606115503e-06
1336202954681016321,negative,0.05870541960608397
1336203035106811906,negative,0.0006571643097909109
1336203063451922433,negative,2.7377783606115503e-06
1336203127410872322,negative,5.391533109680848e-06
1336203181550940160,negative,0.19044003631877754
1336203209917014021,negative,0.02101934542207701
1336203218720796672,negative,0.033884029380945965
1336203231458955266,negative,0.00881705245026348
1336203251260268545,negative,6.01380530981472e-05
1336203268930867202,neutral,0.40332461381892903
1336203304821530624,negative,3.9120009612682904e-07
1336203331421806592,negative,0.3058911358003523
1336203369023725568,negative,0.02101934542207701
1336203413835624448,negative,9.903286397048304e-05
1336203415203016704,negative,0.05641679359383723
1336203429891497984,negative,5.719219056583629e-17
1336203462808363009,negative,8.994043384283294e-11
1336203488578166784,negative,8.357552791835982e-08
1336203565040328705,negative,0.026510802879266653
1336203591942598656,negative,0.00013572353752380888
1336203664969621506,negative,0.05641679359383723
1336203699308417025,positive,0.880095007927251
1336203709282447362,negative,4.824036588847184e-08
1336203733433249797,negative,0.0016800958160469324
1336203738483204097,negative,1.6705523880396407e-05
1336203766446628864,negative,0.08831730016394972
1336203771249045504,negative,0.003570716649534863
1336203803343925248,negative,0.08026738229064231
1336203818288209921,negative,0.0009413480291751807
