Tweet_ID,Sentiment_Label,Probability_pos
1244021445585522688,negative,0.0025148426651480306
1244021445954539520,negative,2.4625419291539924e-06
1244021447141593089,negative,0.16744410205963486
1244021447321718784,negative,0.010081319029035554
1244021447409860610,positive,0.7201443853634351
1244021447472951300,negative,5.472143408457204e-11
1244021447674269697,negative,3.4861666027022085e-05
1244021447678255110,negative,0.1613137914828878
1244021447770681347,negative,1.4052733124185839e-15
1244021447800086528,negative,7.784024509325636e-05
1244021447808278528,negative,0.014738670276161464
1244021447934255104,negative,0.011009513613211916
1244021447959302151,negative,0.0029896636549050265
1244021447963619329,negative,0.3249154284067048
1244021447980396544,negative,0.1264265214102222
1244021448001441792,neutral,0.398930659744539
1244021448005443584,neutral,0.46127768308170247
1244021448013996033,negative,0.06318398422313701
1244021448018210816,negative,0.03635270460390069
1244021448043311106,negative,0.1208085251190016
1244021448123047936,negative,2.4974045691729062e-09
1244021448181571584,negative,0.028551363165446524
1244021452241809408,negative,8.540086129547671e-08
1244021452250193921,negative,0.16784061584557314
1244021452350906370,negative,0.01705068163691813
1244021456276721664,negative,0.1336756943467511
1244021456310329344,positive,0.9633618146570545
1244021456410943489,negative,7.553739288625853e-05
1244021456440360962,negative,0.15100042416498058
1244021456519954433,negative,0.00020968008331468372
1244021456578777089,negative,0.04195507544975591
1244021456645705728,negative,1.597926539894354e-06
1244021456721178632,negative,0.10477861661984245
1244021456775905280,negative,0.21921412548362115
1244021457006530561,negative,0.02026267066529297
1244021460114591744,positive,0.9999856756496889
1244021460676591616,neutral,0.5136446707795853
1244021460823351297,negative,0.019504183002691324
1244021460970110977,negative,0.0001740357534866108
1244021460978544640,neutral,0.390828263951581
1244021461033070593,negative,4.2658070194981215e-06
1244021464753491969,negative,0.06108013323853682
1244021464795435008,negative,0.002152361200297656
1244021464954798083,negative,0.02487341848260582
1244021465088954371,negative,0.04780796223384403
1244021468746395649,neutral,0.3882336472652652
1244021468972945408,negative,0.003631429095454684
1244021468985466882,negative,0.003631429095454684
1244021469006397440,negative,0.030152675773725088
1244021469044248576,negative,0.02617496394117456
1244021469052633090,negative,0.006679077964235363
1244021469090365440,neutral,0.5285739844330637
1244021469090373632,negative,0.29578735966816605
1244021469136457729,positive,0.912759500358069
1244021469295894529,negative,0.00013627512039011535
1244021469304115201,negative,0.09934271626015083
1244021472802344960,negative,1.9156150675329074e-05
1244021473053900800,negative,0.003631429095454684
1244021473167249410,positive,0.9542043903517397
1244021473175617538,negative,0.23297952494498014
1244021473196589057,negative,0.002662962074531981
1244021473314029569,negative,0.025159004582940184
1244021473422999555,negative,0.13818596935199232
1244021473456594946,negative,0.0030000867467045093
1244021473515356161,negative,0.17743763908610094
1244021473573994500,negative,0.2436814626983927
1244021473716498432,negative,0.20311292718666088
1244021477386657793,neutral,0.3552322237209022
1244021477411864576,negative,0.004643938231216682
1244021477424467968,negative,7.614472124157863e-06
1244021477457813505,negative,0.0005405656263860874
1244021477810323458,negative,8.246938030139487e-05
1244021477822926848,negative,0.006891679323850784
1244021477860614145,negative,0.06654477614078282
1244021477923532801,negative,0.00991245693035184
1244021481593622528,negative,0.00021650538191336698
1244021481656459264,negative,0.00022596392489243963
1244021482046578688,negative,0.012552375365951132
1244021486068936704,negative,0.2936737934896987
1244021486131785728,negative,0.017114924583802815
1244021486173724673,negative,0.19725588035876065
1244021489063669760,negative,0.039593201011815404
1244021489923391488,neutral,0.5487864504463008
1244021490078617600,negative,0.006271069570548663
1244021490082816000,neutral,0.49789225920557484
1244021490263240709,negative,0.19510700565908626
1244021490405847041,negative,0.00866015673125607
1244021494163877888,positive,0.9108708108950582
1244021494205812736,neutral,0.3686664316408296
1244021494205894656,negative,0.02579050155996067
1244021494398812160,negative,0.003631429095454684
1244021498131685377,positive,0.7502460644554114
1244021498249084928,negative,0.12038875869077047
1244021498307895296,positive,0.7728124821341665
1244021498383302656,negative,0.29150453131543796
1244021498534297600,negative,4.450653116208682e-05
1244021498681180161,negative,0.00020660898355470144
1244021498714755074,negative,0.008369079072825364
1244021502250553344,negative,9.69627843222924e-05
1244021502552481792,negative,0.038160157494937307
1244021502598688768,negative,0.013079293816547323
1244021502602862594,negative,0.3249154284067048
1244021502716059648,negative,0.2813522796506713
1244021502762192896,neutral,0.3543868866873423
1244021502883672066,negative,0.1522229164025353
1244021502904799233,negative,0.05777134802137812
1244021502980296705,neutral,0.49789225920557484
1244021503227842560,neutral,0.594599042221389
1244021506704846849,positive,0.7898565583048688
1244021506713300993,positive,0.8767624715904464
1244021506797195264,negative,0.013079293816547323
1244021506897739776,negative,0.02617496394117456
1244021506910359553,negative,0.20123648768446117
1244021506948108288,negative,0.10329697416313957
1244021507157680134,negative,0.0003737064592320757
1244021507199770625,negative,0.02579050155996067
1244021510941159425,negative,0.24433771768210805
1244021510953668612,neutral,0.4898631585877994
1244021511083753473,negative,0.29026578395088193
1244021514728546305,negative,0.0016495384908292408
1244021514871230465,negative,4.8946302533206706e-05
1244021514942525440,negative,0.006891679323850784
1244021515093508096,negative,0.00024716152257926423
1244021515164823553,positive,0.9011628040379348
1244021515433246720,neutral,0.5287874960061721
1244021515529658368,negative,0.05445331772901715
1244021515714166786,negative,8.86698968342931e-05
1244021515731025920,negative,0.080075576613875
1244021515840040961,negative,0.05703621878857906
1244021515844280320,negative,0.20153984567746405
1244021518683832320,negative,0.001079613590020828
1244021519111651330,negative,0.09161156495561204
1244021519623348225,negative,0.1419849997970458
1244021519686254592,negative,0.00016615112911891778
1244021523427573760,negative,0.000709974258879645
1244021523565940737,neutral,0.34581187806444724
1244021523737989120,negative,0.02579050155996067
1244021523863801857,neutral,0.4889044353725198
1244021524140404736,negative,0.02579050155996067
1244021527575556096,neutral,0.48625396084263595
1244021527642877952,negative,0.008967158279753197
1244021527676321793,negative,9.844865332606657e-06
1244021527735160835,negative,0.022563262581948674
1244021527756058625,negative,0.00032912844320481105
1244021527814615040,negative,8.239138421881944e-05
1244021527898656768,negative,0.025533019171249914
1244021528137695232,negative,1.6719519095053524e-08
1244021528171286530,negative,0.10904059319062714
1244021531673604096,negative,0.013619568225124017
1244021531874930690,negative,0.0002465815952823106
1244021531925086208,negative,0.17917007765969223
1244021531971379203,positive,0.8767624715904464
1244021531983917056,neutral,0.49789225920557484
1244021532017467392,negative,6.416580814399413e-06
1244021532084645889,negative,0.012652817569050732
1244021532118192128,negative,0.02579050155996067
1244021532181114880,positive,0.7775356845058728
1244021532214640641,negative,0.23434961843659413
1244021532277583875,negative,0.02488203910188357
1244021532348702720,positive,0.9903731951947874
1244021536098582528,negative,0.13038828687484083
1244021536413175808,negative,0.0030702717606050462
1244021536492789762,negative,0.10512160417131929
1244021536568356864,negative,0.023453351307945992
1244021536593494016,neutral,0.5086135964481541
1244021536639651840,negative,0.07896120887806979
1244021536639660033,negative,3.244136293292473e-06
1244021536710852608,negative,0.00392613497381608
1244021540158570497,positive,0.7898565583048688
1244021540343238656,negative,4.622258486566205e-05
1244021540397764612,negative,0.24498044725977666
1244021540548743168,negative,0.05177277466832924
1244021540586426368,neutral,0.34581187806444724
1244021540615786498,positive,0.8767624715904464
1244021540678766592,negative,0.0013133679196910308
1244021540708126721,negative,0.01972726136476299
1244021540733272065,negative,0.05821091833556173
1244021542452973570,negative,0.0006378948026740095
1244021544482942977,positive,0.8767624715904464
1244021544613031936,negative,0.043242445551721465
1244021544629817344,negative,0.0026981932380042307
1244021544755572736,negative,0.00016615112911891778
1244021544763998210,negative,0.014803474008022805
1244021545074413568,negative,0.03064587611536818
1244021548572446722,negative,0.022432335999294756
1244021548589162496,negative,0.0003955899789342437
1244021548715032576,negative,0.02579050155996067
1244021548987478016,neutral,0.34581187806444724
1244021549054771203,negative,0.3016148513208588
1244021549234978816,negative,0.002749260162305774
1244021549251919873,negative,0.0007430819486975865
1244021549260251137,positive,0.7898565583048688
1244021549344096256,negative,0.03782248172372877
1244021552452186114,negative,0.28759384345081074
1244021552867422211,negative,0.0005405656263860874
1244021553051860995,negative,0.0008662069245942248
1244021553098035200,negative,0.2460223590799103
1244021553412612097,negative,0.012652817569050732
1244021553525817345,negative,0.00024101882172233537
1244021556336099328,negative,0.10186415076435176
1244021556768096258,negative,2.471520283662685e-07
1244021556881301504,negative,1.937697162011063e-06
1244021556956860418,negative,0.0006390444891854684
1244021557007089665,neutral,0.34581187806444724
1244021557074235393,negative,0.05771397167816779
1244021557086883840,negative,0.006657515497818801
1244021557376233474,neutral,0.49789225920557484
1244021557443395585,negative,0.30429910713205127
1244021557472768000,neutral,0.3382669104862468
1244021557556625408,negative,0.018966196418778163
1244021561239252992,negative,0.028343672435985758
1244021561268592640,negative,0.021451602629445534
1244021561293758464,negative,0.003631429095454684
1244021561562214404,negative,0.3139607748872519
1244021561658683394,negative,0.002792592753776792
1244021561696423936,positive,0.9989718526063094
1244021561771855872,negative,0.0018214130805200945
1244021565374726144,negative,0.12750888013739684
1244021565458702336,negative,0.07723699834480302
1244021565521526786,negative,0.005260775403274126
1244021565529956352,negative,0.006629213659679178
1244021565836136448,negative,0.01257246086633895
1244021566083682305,negative,0.002727408624962977
1244021569665589248,negative,0.0009752669618580515
1244021569707331585,negative,0.0007717944544706959
1244021569720143874,positive,0.9982445798241057
1244021569753620481,negative,0.0030132106389244313
1244021570189705222,negative,0.07861228322712495
1244021570273792001,positive,0.9988456985617375
1244021573906059264,neutral,0.38543429603731477
1244021573922754562,negative,0.0017981650016121226
1244021573964660737,negative,0.11017153200745614
1244021573973049344,negative,0.028040500843071806
1244021574153502721,negative,0.07122676380754497
1244021574166032384,negative,0.0004938530946125513
1244021574237220866,negative,1.6753326764372166e-08
1244021574237409280,negative,0.05471482163519855
1244021574262493184,negative,0.30467006301428284
1244021574312824832,neutral,0.6509492584112082
1244021574518202368,negative,0.014956796384921256
1244021578146471937,negative,0.006327157387840349
1244021578163159040,negative,0.12665008361255967
1244021578268053506,negative,2.0114198586716926e-05
1244021578268119041,negative,1.464137459180055e-05
1244021578477821953,negative,0.0012616460997212494
1244021582156177410,negative,8.540086129547671e-08
1244021582282067968,negative,0.0040673261953114905
1244021582344753155,negative,1.870402110449988e-08
1244021582688894976,negative,0.06727029572861151
1244021582756040706,negative,0.022563262581948674
1244021582789574657,neutral,0.5371694837892061
1244021582789586947,negative,0.09850105809457532
1244021586342092801,neutral,0.34581187806444724
1244021586509824000,negative,0.00037398942273412014
1244021586635689987,negative,1.5848239213335562e-06
1244021586778378241,negative,0.037150650595830885
1244021587017371648,negative,0.00020805056966684052
1244021587046805504,negative,0.12000596308658347
1244021587109691394,negative,0.0058139861026809455
1244021587193585664,neutral,0.36546415525409987
1244021590364508161,negative,5.326199534451738e-07
1244021590448377856,neutral,0.4830846073012753
1244021590528069632,negative,0.0001909679186393763
1244021590691545088,neutral,0.5409568034535329
1244021590729412610,negative,3.5983164912702517e-10
1244021591194861568,negative,0.0053068206658719325
1244021594659356672,negative,0.05418792981368876
1244021594814586881,negative,5.57527319514003e-07
1244021594894319618,negative,0.016369907511396102
1244021594961346560,negative,0.002276631864099465
1244021594986557440,positive,0.9672099512267963
1244021595007582209,negative,0.02579050155996067
1244021595053658114,negative,6.493376748204777e-06
1244021595099848704,negative,1.818734847240216e-16
1244021595183685632,negative,0.002276631864099465
1244021598534991872,negative,0.020559993451717953
1244021598899879936,negative,0.030346643382901575
1244021599038308352,negative,0.04574771943301815
1244021599117942784,neutral,0.34581187806444724
1244021599147364352,negative,0.11141058786159133
1244021599239573504,negative,0.0013859142522034788
1244021599331893250,negative,0.0009266943779166034
1244021602867728384,negative,0.003631429095454684
1244021603232632832,neutral,0.3499352441185855
1244021603241013249,negative,0.02579050155996067
1244021603245178881,negative,0.20771934817642312
1244021603354247170,negative,0.0018454578313750916
1244021603404402694,negative,0.012652817569050732
1244021603446464512,negative,2.180655695779039e-05
1244021603534585856,neutral,0.5410702560054874
1244021603547127809,negative,2.180655695779039e-05
1244021603618500608,neutral,0.35366157416392574
1244021603668840449,neutral,0.3771958450706084
1244021607183659008,negative,8.742004955473368e-07
1244021607347216385,negative,0.21993542343709632
1244021607577858048,negative,0.019777013565301496
1244021607737237504,negative,0.007658807184457379
1244021607833747456,negative,0.25452165827242157
1244021607875506178,negative,0.0009405835588412403
1244021607955398656,negative,0.1520925234194633
1244021607993139202,negative,0.004448838869062616
1244021608009928707,negative,0.01681361962600288
1244021611864494082,negative,0.0005849538368486528
1244021612027858944,negative,0.007542657087234683
1244021612044783619,neutral,0.49511589986369725
1244021612074029056,negative,2.6013868731726904e-06
1244021615698083842,neutral,0.49789225920557484
1244021615924477952,negative,4.215847581120864e-06
1244021615941292032,negative,0.038160157494937307
1244021616067203072,negative,5.85097328230331e-08
1244021616146821120,positive,0.8767624715904464
1244021616146886659,negative,0.008387114765752452
1244021620223639552,negative,2.1535078653675176e-05
1244021620294815746,neutral,0.34581187806444724
1244021620311756803,negative,0.22900542627936912
1244021624069914624,negative,0.0031626502309345878
1244021624313016326,negative,2.7192135571825965e-05
1244021624443154432,neutral,0.610725249282255
1244021624485163009,negative,0.128272471887104
1244021628427816961,negative,5.154980032583068e-06
1244021628448788483,negative,0.02579050155996067
1244021628452962305,negative,0.005923149161474511
1244021628624932868,negative,6.492214999944772e-05
1244021633037336576,neutral,0.34581187806444724
1244021637097254918,negative,0.019347926457790227
1244021637147693056,negative,0.20027286487444754
1244021637307138049,negative,0.02579050155996067
1244021640738070528,negative,0.10232728047198526
1244021640884781058,negative,3.7494711897445326e-07
1244021640935112704,negative,0.0007601478314039625
1244021640989749249,negative,0.1424829771831002
1244021641006518272,neutral,0.49789225920557484
1244021641014845443,negative,0.00026540564890200843
1244021641258184704,negative,0.2820386637943614
1244021641404919808,neutral,0.5261942750053904
1244021644915605506,negative,0.0013270842104981615
1244021645150486528,negative,0.0017697931613046179
1244021645200818176,negative,0.1487449582094241
1244021645238550528,negative,0.00020660898355470144
1244021645301465088,negative,0.0035637764863258132
1244021645465006080,negative,0.1487449582094241
1244021645637025794,negative,0.022383640455256225
1244021645645418496,neutral,0.49789225920557484
1244021645712515073,negative,0.0004931707036863305
1244021645804740609,negative,0.24433771768210805
1244021645947199493,negative,7.034240696579492e-05
1244021648992452610,negative,0.007111731120747263
1244021649210572802,negative,2.1535078653675176e-05
1244021649311256576,negative,0.017873053078339265
1244021649583661061,negative,2.6013868731726904e-06
1244021649617367041,negative,0.00012020821018243161
1244021649625751554,negative,0.01466475408368392
1244021649676161025,neutral,0.390828263951581
1244021649814491138,negative,0.07728154121894935
1244021649856442368,negative,0.04943767567444571
1244021653572595712,neutral,0.6436652494440961
1244021653631270915,negative,0.2052325208711741
1244021654008795136,negative,0.003071330078648378
1244021654101032961,negative,0.0006239097380215572
1244021657880211457,negative,0.02579050155996067
1244021657989042177,negative,2.5535769327104655e-05
1244021658047975424,negative,0.26919803456861946
1244021658337398784,negative,0.0009172366517947964
1244021661898289153,negative,0.0006558724386297878
1244021661986365441,neutral,0.34581187806444724
1244021662007341057,neutral,0.6000554229818177
1244021662120624128,negative,0.12887373736091562
1244021662212816897,negative,0.020600043732720875
1244021662292406273,negative,0.019347926457790227
1244021662300995587,negative,0.0004319636665471605
1244021662326108161,negative,0.18532246411329753
1244021662418374656,positive,0.7898565583048688
1244021666126184448,negative,0.0001886112206461086
1244021666256015360,negative,0.06357930412221938
1244021666293972993,negative,0.02403244580222474
1244021666306560001,negative,0.2897680907619539
1244021666566623232,negative,0.062078244041998354
1244021666587521026,negative,0.08069223272341064
1244021666679795713,negative,0.010501593545211432
1244021666755289091,neutral,0.34581187806444724
1244021670286893057,negative,0.21852262871578798
1244021670286950402,negative,6.677711633407536e-11
1244021670689542145,negative,0.24505514554177624
1244021674615414784,negative,0.005571273539542835
1244021674791575553,negative,0.02617496394117456
1244021674909077505,negative,2.1535078653675176e-05
1244021675005554688,negative,0.0009405835588412403
1244021675026456576,negative,6.416580814399413e-06
1244021675345301504,negative,0.09256270526222822
1244021678700666880,negative,0.151631961768421
1244021678755188736,negative,0.3216430279456804
1244021678860046337,negative,0.007936355788960285
1244021679011041282,neutral,0.5834349188701404
1244021679069814784,neutral,0.48446956834371113
1244021679115862016,negative,0.11774318931089112
1244021682874056704,negative,0.007915212560538558
1244021683318636544,negative,7.066639119473401e-07
1244021683415134208,negative,9.792352165330136e-05
1244021683456856065,negative,0.02677446300400566
1244021683612266498,negative,0.1784486251371786
1244021686900490240,negative,9.673396078769155e-05
1244021687194202112,negative,9.526552707859201e-05
1244021687269634049,negative,0.005505020288250526
1244021687303032832,negative,9.844865332606657e-06
1244021687303036928,negative,1.464137459180055e-05
1244021687361785862,negative,0.0005139932928702723
1244021687433265154,negative,0.003097772101975843
1244021687684866050,negative,5.6440715444635266e-05
1244021687697518592,negative,0.06150527282887546
1244021690985742338,negative,0.003266113987302708
1244021691380125699,positive,0.8606775766878324
1244021691635904513,negative,0.07477672205860339
1244021691866648576,negative,0.004437823249399757
1244021695247044610,negative,3.205808900373104e-06
1244021695272321025,negative,0.00011800680983610362
1244021695427547136,negative,0.25207241731302077
1244021695490506754,negative,0.013305334958140704
1244021695519883264,negative,0.02617496394117456
1244021695792496641,positive,0.9998508206937696
1244021699370266624,positive,0.8427059656704835
1244021699642785792,negative,0.029469799319874337
1244021700066500611,negative,0.00871510235400129
1244021700112658432,negative,0.0034600350441461344
1244021700225835009,negative,6.7928838549528925e-06
1244021703698767873,negative,0.0004568750091738106
1244021703946178563,negative,8.997230604084944e-08
1244021703984009217,negative,0.03991780596680187
1244021704034324480,negative,0.025159004582940184
1244021704042651649,negative,0.007092740778771518
1244021704092987392,negative,0.007338083750353769
1244021704265019394,negative,0.0005066372705363237
1244021704277594112,negative,0.03339892283184497
1244021704336302083,negative,7.545975863683763e-08
1244021707444301826,negative,0.007674673187013502
1244021708283052032,negative,0.08069223272341064
1244021708299874304,negative,0.2973156016983682
1244021708434087936,neutral,0.3552322237209022
1244021708618678273,negative,0.19924545451767137
1244021712229892096,negative,0.30115721554399527
1244021712309583874,negative,0.0009417264267630954
1244021712406171648,negative,0.009209429554740382
1244021712418635777,negative,3.6526650465178796e-06
1244021712468856843,negative,0.21304823257374442
1244021712469086210,negative,0.20027286487444754
1244021712762609664,negative,0.07089110593741
1244021712884293633,negative,0.0005849538368486528
1244021713052094464,negative,0.004778291105272175
1244021713169457154,negative,2.1179578229461675e-06
1244021716529094658,negative,2.0831982244728294e-07
1244021716550123522,negative,1.4621857425639218e-05
1244021716571041792,negative,0.009294346060065753
1244021716571095040,negative,0.04564579782629775
1244021716621365250,neutral,0.5861765239986066
1244021716730417154,negative,3.794623049734295e-05
1244021716780793856,negative,0.012660302731543817
1244021716969381888,negative,0.00016615112911891778
1244021720362729473,negative,0.0058790053216845545
1244021720949948418,negative,0.005912108539939532
1244021720958128133,negative,0.172007533741969
1244021720979210241,neutral,0.34581187806444724
1244021721138696195,negative,0.23699969500365867
1244021724833878016,neutral,0.5272247306094303
1244021724863217664,negative,0.005422640779698749
1244021724917751808,negative,0.005186732020307045
1244021724938715139,negative,0.020741800195146445
1244021725135802369,negative,0.022158509007758304
1244021725160931328,negative,0.0005849538368486528
1244021728847843329,neutral,0.3779179494792384
1244021728994566144,negative,0.1902468900431735
1244021729003032580,negative,0.003607515908885364
1244021729170804736,negative,0.00018903273265826143
1244021729229524994,negative,0.016903654506635845
1244021729267154944,negative,0.0011571872829325752
1244021729300819970,negative,0.003264603665788209
1244021733092397056,negative,0.0002601237474912909
1244021733163745281,negative,0.0045190238386638324
1244021733226450944,negative,0.000939534491105882
1244021733239197697,negative,0.006897426311504352
1244021733289603073,negative,0.003631429095454684
1244021733495123970,negative,0.30626725207231975
1244021733557927936,positive,0.8479407881417317
1244021733834752001,negative,5.637269483859811e-05
1244021737508999169,positive,0.7339687636731184
1244021737605550080,negative,0.004851505573309127
1244021737622306817,neutral,0.3343540322937185
1244021737659998208,positive,0.9520069460034777
1244021737748135936,negative,0.023907641867358293
1244021737785827328,negative,0.19108174264870034
1244021738159177732,negative,0.317626749779072
1244021741778853888,neutral,0.34581187806444724
1244021741799833600,negative,0.067205366260674
1244021742043041795,neutral,0.3359039687117764
1244021742051475458,negative,0.00031824554209348906
1244021742143750144,negative,0.00184811783641116
1244021742277988352,negative,0.07738059547332773
1244021745834655746,neutral,0.3640219222500439
1244021745864015873,negative,3.4765177176579924e-09
1244021745956372482,negative,0.1716436807056903
1244021745985687552,positive,0.7718169277741598
1244021746040213504,negative,0.02148568954270433
1244021746254123008,negative,0.007043150043456739
1244021749919948801,negative,0.0018183980042499525
1244021749966127107,negative,0.03248728285522912
1244021750033244160,negative,0.00023867594591452245
1244021750075097089,neutral,0.3459097320192274
1244021750087770112,negative,0.00337411272107555
1244021750188380162,negative,0.08783194342588421
1244021754126884864,negative,0.09714527576921675
1244021754470817793,negative,4.0259217369396585e-11
1244021754802176000,negative,0.07888518888259648
1244021758560256000,negative,0.0005912104651743345
1244021758631567360,negative,0.00025830408749513505
1244021758899953664,negative,2.550389038933421e-06
1244021758958669826,negative,0.10605329874833264
1244021762406395904,negative,9.526552707859201e-05
1244021762549067776,negative,1.3920461668226608e-05
1244021762620186625,negative,0.026132104466601063
1244021762687414274,neutral,0.34581187806444724
1244021762720849922,negative,0.00037398942273412014
1244021762867834883,negative,8.581558264821111e-05
1244021766940491780,negative,1.1019062091536461e-07
1244021766940512258,negative,0.0004932035822733983
1244021767225643008,neutral,0.390828263951581
1244021771017347076,neutral,0.6120886767952053
1244021771092791301,negative,8.256255193218637e-05
1244021771105378304,positive,0.9263507403379335
1244021771273199617,negative,0.29536036599660365
1244021771310751749,negative,0.00025381842883682554
1244021771600367616,negative,0.003631429095454684
1244021771633856512,negative,0.02579050155996067
1244021773357797376,negative,0.009610879098269902
1244021774792249344,neutral,0.49789225920557484
1244021774897090560,negative,0.00015968917593702186
1244021775006076929,negative,0.0005849538368486528
1244021775203274752,negative,0.0003545737955475383
1244021775324848129,negative,0.003631429095454684
1244021775383568385,negative,9.078185718582633e-07
1244021775408734209,negative,0.18477356597233874
1244021775727579137,negative,0.10262449411129812
1244021778818707457,neutral,0.3980133262788158
1244021779359764480,negative,0.01561917786635563
1244021779577876481,negative,0.021384138773503168
1244021779582025728,negative,0.01661719295006789
1244021779762470912,negative,0.02653855968318878
1244021783487012864,negative,0.23297623539332762
1244021783562518529,negative,0.0026938681957631655
1244021783709257730,neutral,0.5347036566880484
1244021783755448320,negative,0.02505003538790888
1244021783784808454,neutral,0.489229362633195
1244021783793106946,negative,4.458117072326249e-06
1244021783872835585,neutral,0.34581187806444724
1244021783885418496,negative,9.69627843222924e-05
1244021783940005889,negative,0.02802303024046386
1244021784132956162,negative,0.0003635582150633262
1244021787828125696,neutral,0.390828263951581
1244021787882672130,positive,0.9999854341738286
1244021788041936896,negative,0.00020660898355470144
1244021788109127682,positive,0.6754328332989826
1244021788239069185,negative,1.5883240442030605e-07
1244021788255948800,negative,1.9386994124879305e-06
1244021788356620288,negative,0.014222114853486251
1244021792085344257,negative,0.0006061921080529063
1244021792416714754,negative,0.0044011111018742366
1244021792559284224,negative,0.04738598665921378
1244021796212559872,negative,1.3019150326203352e-08
1244021796258680834,negative,0.3163351765783728
1244021796376117249,negative,8.22210205986006e-05
1244021796489306114,negative,0.018307033558114676
1244021796493504514,negative,9.078185718582633e-07
1244021796522860544,negative,1.6883497460136798e-05
1244021796644499456,negative,0.005571273539542835
1244021796678049793,neutral,0.46127768308170247
1244021796770373633,negative,0.0011387072706877544
1244021800289394691,negative,8.86698968342931e-05
1244021800339636224,negative,0.23191472071940364
1244021800532684800,negative,0.09449241980067175
1244021800872349697,negative,0.0005849538368486528
1244021800935346176,negative,0.11683184764289446
1244021804437508099,negative,0.07738059547332773
1244021804487802882,negative,0.05670008490629617
1244021804529844224,negative,0.05848713039613169
1244021804575883264,negative,3.20077367297898e-05
1244021804722728961,negative,0.17743763908610094
1244021804819255297,neutral,0.4434191688350768
1244021804856901633,negative,0.00010987579083958654
1244021808715698177,negative,0.003631429095454684
1244021808828944384,negative,8.760078994174507e-08
1244021808828948480,negative,0.06744066638565467
1244021808828997632,negative,0.010113108252073856
1244021808883515392,neutral,0.44028615961621553
1244021808900300801,neutral,0.34581187806444724
1244021809105833987,negative,0.006227517022281741
1244021809315364864,neutral,0.3822336999613271
1244021812817780736,neutral,0.34581187806444724
1244021812985503744,positive,0.7044030652328757
1244021813010628608,positive,0.7898565583048688
1244021813056811009,negative,0.3249154284067048
1244021813073633280,negative,4.713201097264313e-07
1244021813199491074,negative,0.03914535013560267
1244021813216247808,negative,0.32268284127976954
1244021813279174658,negative,2.4631472559419813e-06
1244021813497167872,negative,0.0006061921080529063
1244021817272139779,negative,0.009730347720290303
1244021817435656193,negative,0.0009405835588412403
1244021817502609409,positive,0.7115019939323273
1244021820765896705,negative,9.550492949207975e-05
1244021821084753920,neutral,0.4299083370644138
1244021821269331968,neutral,0.34581187806444724
1244021821378367491,negative,0.015571087638140623
1244021821420298240,negative,0.03945829536163633
1244021821479038978,negative,0.005772777752006781
1244021821906788353,negative,1.464137459180055e-05
1244021822011527173,negative,0.0768191724920311
1244021825262190592,negative,1.4218589958252593e-09
1244021825388060674,negative,2.3476527211550113e-07
1244021825497108480,positive,0.986918881626361
1244021825937571840,negative,0.00020660898355470144
1244021826088550400,negative,3.507422929699343e-05
1244021826143113218,negative,4.622258486566205e-05
1244021829569777664,neutral,0.6338914687292022
1244021829641125888,negative,6.403065461968207e-15
1244021829741817856,negative,0.02579050155996067
1244021829762797570,negative,0.002486256837532547
1244021829938950144,negative,0.3249154284067048
1244021829951512576,negative,0.2397006855635706
1244021829976670210,negative,0.0575450218026726
1244021830228287488,negative,0.019355835744158747
1244021833504100355,positive,0.9498879088113207
1244021833889914881,positive,0.6839976615553307
1244021838075908096,negative,0.04200318884159754
1244021838092664832,negative,0.13370627546244868
1244021838218436611,negative,0.0007112744764720694
1244021838386286593,negative,0.06191831381097567
1244021838415568896,negative,0.0005066372705363237
1244021838453276672,negative,1.6719519095053524e-08
1244021838474293248,negative,0.014078983221164462
1244021838583402496,positive,0.7099469896476155
1244021838604369921,negative,0.0005199054850623376
1244021842286968832,negative,2.180655695779039e-05
1244021842463113217,negative,0.00022787003748641387
1244021842521853952,negative,0.24081627254952076
1244021842572201984,negative,0.0004123647085772419
1244021842576396288,negative,2.3703953665587946e-05
1244021842588950528,negative,0.009209429554740382
1244021842802868225,negative,0.09942339207600316
1244021842920136710,negative,0.001657297190026015
1244021846606934022,negative,0.06834111500587815
1244021846804176896,negative,0.28472287855222694
1244021846951034881,positive,0.915855727726811
1244021850683867136,negative,1.870402110449988e-08
1244021850738434048,negative,3.7911090663369895e-05
1244021850763661317,neutral,0.5136446707795853
1244021850771988480,negative,0.0013133679196910308
1244021850797158400,negative,2.994381658460905e-05
1244021850801352704,negative,3.507422929699343e-05
1244021850851749889,negative,0.023889875722986603
1244021850864222210,positive,0.9152017787821972
1244021850931376128,negative,0.0076471386574703685
1244021851002744832,negative,0.03690540417300197
1244021851086565376,negative,8.6518111751961e-05
1244021854953598977,negative,0.010024980271100029
1244021854974676994,negative,0.04710139331105794
1244021855062761472,negative,0.06022548899216122
1244021855289315330,negative,0.0010603747588777926
1244021859038801923,negative,0.012870112464236541
1244021859076788224,positive,0.7898565583048688
1244021859080798210,negative,0.0037206156106734255
1244021859122847747,negative,0.16456114296626626
1244021859173175298,negative,0.0011928584279608388
1244021859324170240,neutral,0.3799555979460473
1244021859563311105,negative,0.0010928191823583243
1244021859622019072,negative,0.012442416424751681
1244021863250092035,negative,9.673396078769155e-05
1244021863547887616,negative,0.00017256878685994412
1244021863560421376,negative,0.008983910042745428
1244021863795380226,negative,0.08250532265457979
1244021867486367745,neutral,0.4054246396690378
1244021867532427264,negative,0.0010404259404816038
1244021867733815296,negative,0.0037469073180578707
1244021867901583360,negative,0.045377402482230544
1244021871596703744,neutral,0.3838651720914426
1244026212353277952,negative,0.007265491564155373
1244026212420288512,neutral,0.5858954260616616
1244026212592357376,positive,0.8427059656704835
1244026212776849409,negative,0.0017697931613046179
1244026212944621569,negative,2.3416005385989988e-05
1244026212948852736,negative,0.005111281567139208
1244026212953010177,negative,0.02519916922781221
1244026213154394112,positive,0.9234934955721411
1244026216736272386,negative,1.6719519095053524e-08
1244026216996356097,negative,0.0072845572674866505
1244026217004752896,negative,0.02579050155996067
1244026217050845184,negative,0.21617458991713204
1244026217172553729,neutral,0.6504643116740869
1244026217336094721,negative,0.0006450827241048882
1244026217340125184,negative,0.0040961443360203595
1244026217394778112,negative,0.009261191746477371
1244026217415806976,neutral,0.4579954549906898
1244026217604558848,negative,2.4625419291539924e-06
1244026218376290304,positive,0.8276182055845942
1244026221400334336,negative,1.464137459180055e-05
1244026221614301186,negative,0.15673133895328037
1244026221958238208,positive,0.9355661982556708
1244026225322004481,neutral,0.5781958491451553
1244026225405894656,negative,0.10475186235160644
1244026225695182849,neutral,0.5136446707795853
1244026225833713664,negative,0.05733638878863289
1244026225875656704,negative,0.013033959427222925
1244026225993056260,negative,0.07928005078902839
1244026225997185024,negative,2.5937039366176854e-06
1244026226362195969,negative,0.015257601763806498
1244026226391633922,negative,0.03623238459354924
1244026229453402113,negative,0.0008532358393072827
1244026229726105603,positive,0.970790013305307
1244026233530093569,negative,9.689261664828948e-10
1244026233593028614,negative,0.21828824298657395
1244026233601605633,negative,0.3249154284067048
1244026233685454848,negative,0.21766622461380722
1244026233970724868,negative,0.010312895977131895
1244026237821091841,negative,0.00036883852582777956
1244026238043291649,neutral,0.4737995338558465
1244026238391529472,negative,0.011908677704781406
1244026238416621569,negative,0.015123045031063941
1244026238714482690,negative,0.005487959509734542
1244026241990176768,neutral,0.6334354747452655
1244026242522910722,negative,6.200212019849884e-05
1244026246478077952,negative,0.15022593428336184
1244026246612291585,negative,0.29150453131543796
1244026246754959360,negative,0.058077468343972996
1244026246880780288,negative,1.9156150675329074e-05
1244026250429116416,negative,0.1331645536157425
1244026250592686081,negative,0.007883093412547356
1244026250693423105,negative,1.6719519095053524e-08
1244026251016372225,negative,0.0010365848771031784
1244026251196628992,negative,0.006193554655235299
1244026251322568705,neutral,0.390828263951581
1244026254686330880,negative,0.2794653930830212
1244026254736719873,negative,0.0007124928962695323
1244026254824742913,negative,0.052540805388005596
1244026254866644992,negative,0.316469533656467
1244026255348989953,negative,0.08471797663333487
1244026258851131403,negative,0.10842808198851396
1244026259111391232,negative,0.06674090752680364
1244026259237212160,neutral,0.49789225920557484
1244026259413311489,neutral,0.49789225920557484
1244026263003635712,negative,0.0009405835588412403
1244026263091712001,negative,0.2115994889310998
1244026263498563585,neutral,0.34581187806444724
1244026267210563584,positive,0.8779780032221528
1244026267218759690,neutral,0.5052384766514073
1244026267395076096,negative,0.00011185937472723755
1244026267403538432,negative,0.04169421033509575
1244026267416039424,negative,0.26662601070006914
1244026267474841602,negative,6.623698999002303e-05
1244026267478958081,negative,0.03876737456449012
1244026267629834241,negative,1.6040147480517778e-06
1244026267667779584,neutral,0.4308799225878766
1244026271325212675,positive,0.6864839807448081
1244026271379718145,negative,0.14991518857674693
1244026271476199424,negative,0.11403904173698011
1244026271488716800,negative,8.553190517812538e-07
1244026271635570688,negative,0.02617496394117456
1244026271862009857,negative,0.004049124364370639
1244026271878823936,neutral,0.34581187806444724
1244026271891423234,negative,0.0001421655043076241
1244026271933313024,negative,0.0007035035899756882
1244026271945969664,negative,0.000525603911998618
1244026271950135297,negative,0.006044578013271609
1244026275305570306,negative,0.014174163156158048
1244026275703840769,negative,0.0031818914172130263
1244026275905318913,negative,0.0010162959032480976
1244026276328935424,neutral,0.39515603923820103
1244026276370939904,negative,0.0014806900657808753
1244026279940304896,neutral,0.4881979719302421
1244026280154193920,negative,0.02351376275740472
1244026280233832449,negative,9.844865332606657e-06
1244026280284164096,negative,0.05718218649629869
1244026280288358403,negative,0.00032799216634346866
1244026280317784064,negative,1.390438384951826e-06
1244026280405696520,negative,0.00010467691731249328
1244026284369477633,negative,0.21766622461380722
1244026284528852992,negative,0.22208840898208915
1244026284570705920,negative,0.0001325301806476251
1244026284600111105,negative,3.6059141678095705e-07
1244026284621135872,positive,0.7898565583048688
1244026288366596097,negative,1.4964619099941422e-05
1244026288433659904,negative,0.02522838616201625
1244026288479879168,negative,0.000226011583405733
1244026288534241287,negative,0.0005849538368486528
1244026288605667328,negative,0.003294680335502391
1244026288907706368,negative,0.10307432340427858
1244026292414156800,negative,3.048001219163707e-06
1244026292497981441,positive,0.9859240805064231
1244026292594520066,negative,0.11399296311849973
1244026292657360897,positive,0.7044482622737548
1244026292665757696,negative,0.014345411785701081
1244026292670005248,negative,0.2667627081050067
1244026292829372416,negative,0.057156274612390784
1244026292871163905,negative,0.2506028201958616
1244026293009756160,negative,0.0004977023314258706
1244026296751075328,negative,0.010781344218419841
1244026296763445251,negative,0.04170209172843557
1244026297027825665,negative,0.21766622461380722
1244026297149526016,negative,0.0005199054850623376
1244026300555300865,negative,0.21577109478900472
1244026300962045954,negative,0.038048650811103424
1244026300978913281,positive,0.8427059656704835
1244026301335384064,negative,5.6440715444635266e-05
1244026301423460352,negative,0.0009269434747224017
1244026301457018880,negative,0.03373869291215515
1244026305059917825,negative,0.006891679323850784
1244026305282260992,negative,0.047364386136628044
1244026305332613121,negative,0.27638761752976393
1244026305366155264,negative,0.014513029960521917
1244026305420709889,negative,0.21766622461380722
1244026305479393281,negative,0.3249154284067048
1244026309233324032,negative,0.0009172366517947964
1244026309250027521,negative,0.29186591719978777
1244026309254283264,negative,0.008369079072825364
1244026309472325632,positive,0.8773462154399346
1244026309493362688,negative,0.02284750939245253
1244026309602402304,negative,0.2576324223771769
1244026313335283712,negative,0.18404905300129565
1244026313398239232,negative,4.949261180484411e-05
1244026313695997952,neutral,0.6545750978862513
1244026313893122049,negative,0.0004933731453114392
1244026317605126144,negative,0.00025830408749513505
1244026317726760960,negative,0.0004001736522852727
1244026317764472833,negative,0.043182294406867605
1244026317835776001,negative,0.006891679323850784
1244026317856747522,negative,1.6719519095053524e-08
1244026317907034115,positive,0.9798964219515283
1244026317915459584,negative,0.010348947185029819
1244026317957365762,negative,0.0573950649651671
1244026317965795328,negative,9.13310850229225e-07
1244026318133460992,negative,0.01698606931509277
1244026321816215553,neutral,0.6028443616666352
1244026321866547203,neutral,0.5049547491368414
1244026321925177345,neutral,0.49789225920557484
1244026322130788353,negative,0.007883093412547356
1244026322180902913,negative,0.01661719295006789
1244026322185322496,negative,0.025159004582940184
1244026322193653760,negative,0.006565822955124885
1244026322265006080,negative,0.01080466445531237
1244026322353041409,negative,0.007883093412547356
1244026325964328960,negative,1.9287916089397607e-11
1244026326052409344,negative,0.09180680850559436
1244026326144688128,neutral,0.34581187806444724
1244026326174109696,positive,0.7333177979628296
1244026326249623553,negative,0.27498056769199014
1244026330137661443,negative,1.2123932874910936e-12
1244026330242580481,negative,0.11287989463655368
1244026330297110531,negative,0.005405351719138659
1244026330305495040,negative,0.03137268014041387
1244026330305507328,negative,0.0001724548910215966
1244026330326241281,negative,0.018771412810109096
1244026330422919169,negative,0.037045486304708164
1244026330464821249,negative,0.08522073652010008
1244026330494242816,negative,0.21766622461380722
1244026330552795144,negative,0.019347926457790227
1244026330573914113,negative,0.19327877515352895
1244026330615894016,negative,0.00020660898355470144
1244026330758471680,neutral,0.6120886767952053
1244026334583685120,neutral,0.5425813081463247
1244026334780801024,neutral,0.390828263951581
1244026334885576704,neutral,0.3308987968827441
1244026338345975810,negative,1.922783479524195e-06
1244026338366951427,negative,0.2203947508183052
1244026338522148864,negative,1.464137459180055e-05
1244026338538815490,negative,0.025474009205518604
1244026338559713286,negative,2.5398434954693637e-05
1244026338807177216,negative,0.003915585509859619
1244026338991882240,negative,0.06174396033172513
1244026339025457152,negative,0.0005849538368486528
1244026339105144832,negative,0.21766622461380722
1244026339134517251,negative,0.0007370845933110191
1244026342838022144,negative,0.06942239350786267
1244026342942834688,negative,7.434144619696803e-05
1244026342988972034,negative,1.6883497460136798e-05
1244026343035154435,positive,0.8686939645696796
1244026343110709249,negative,0.028786205109426116
1244026343299469313,negative,0.28100447792976174
1244026343362191360,negative,1.464137459180055e-05
1244026343374946305,positive,0.7898565583048688
1244026346973605888,negative,8.767457941411054e-09
1244026347070119937,negative,0.001894827782618416
1244026347103625216,negative,0.15696471571448117
1244026347216830464,neutral,0.3504730448784036
1244026347246272513,negative,0.003631429095454684
1244026347380510721,negative,0.003794304260186202
1244026347518902277,neutral,0.4486520979118294
1244026351134400512,negative,0.21766622461380722
1244026351268618240,neutral,0.40254219254592555
1244026351360892929,negative,0.01809857907717686
1244026351524425728,negative,0.000939534491105882
1244026351566426114,negative,0.020390307447543898
1244026351637716993,positive,0.7058974431839885
1244026355362279425,negative,2.7271108589320873e-09
1244026355379064833,negative,0.034301583021262044
1244026355483906048,negative,0.010459495221248385
1244026355567726592,negative,0.21643777703880746
1244026355702026240,negative,0.00025830408749513505
1244026355710341120,negative,0.006534127298074948
1244026355752321024,negative,0.00024101882172233537
1244026355861381122,negative,0.01775675533273608
1244026355882344449,negative,5.154980032583068e-06
1244026359468437504,negative,0.00018915318728363279
1244026359610888193,negative,0.0009405835588412403
1244026359627816960,negative,0.0004939524733377532
1244026359904641025,negative,0.31137183302336513
1244026360022077440,negative,0.0010254438134985786
1244026360093380609,negative,0.0016750578514124087
1244026360282132480,negative,2.4814580897047336e-05
1244026363654418433,negative,1.8330932860162788e-07
1244026363679555585,negative,0.018771412810109096
1244026363708952576,negative,0.02579050155996067
1244026363910279168,neutral,0.49789225920557484
1244026364405125121,negative,3.8774689944101734e-05
1244026368092000257,negative,0.0003299473138392426
1244026368100372480,negative,0.18042532659397675
1244026368138055683,negative,0.010216688470298475
1244026368297492481,negative,4.867420356319402e-07
1244026368368803840,negative,0.006133014670334267
1244026370612756480,negative,0.0775059595776764
1244026372147863552,negative,0.00016416596657807908
1244026372185620484,negative,0.02165178063996631
1244026372353376257,negative,0.2782223802344703
1244026372470837248,negative,0.02617496394117456
1244026372554657793,positive,0.8209934760339299
1244026372596600834,negative,0.002662962074531981
1244026376337764354,negative,0.21477827693167728
1244026376619012096,negative,3.73533950561769e-09
1244026376673538048,negative,0.0491749861620738
1244026380490342402,negative,0.012469674418087032
1244026380565860352,negative,0.24830395630817037
1244026380863635457,positive,0.6604303200761994
1244026380947521537,negative,1.9349771317381163e-07
1244026380972478464,negative,1.464137459180055e-05
1244026384533553153,negative,0.009056057453525262
1244026385158377472,negative,0.009497004281057831
1244026385179516930,negative,0.019347926457790227
1244026388648247298,negative,1.3887462842596454e-05
1244026388975411203,negative,5.606910366463627e-07
1244026389046714368,positive,0.8652093784784579
1244026389189332993,negative,0.008520318495345775
1244026389302517760,negative,0.0736830781461272
1244026389587800065,negative,0.0031626502309345878
1244026391261319171,negative,0.0004184624993730745
1244026393186402305,negative,0.02579050155996067
1244026393324851200,negative,0.038233058079972626
1244026393706598403,negative,0.00869613465051828
1244026397296918529,negative,1.464137459180055e-05
1244026397347188737,negative,0.23581933346286232
1244026397359779842,negative,0.2637178982645
1244026397389193216,negative,0.04071682425611249
1244026397443661825,negative,0.030204414207418658
1244026397515026433,negative,3.6666990713486757e-06
1244026397640798210,negative,0.000939534491105882
1244026397863141377,negative,0.001643011315900702
1244026401629462529,negative,0.034301583021262044
1244026401713524736,negative,2.2807130163885143e-05
1244026402023911424,negative,0.005405351719138659
1244026402032291841,negative,0.02617496394117456
1244026402044874754,negative,0.26942968309050136
1244026405190393857,negative,0.322338739121964
1244026405727461376,negative,0.00019393489446249915
1244026406222417922,negative,0.3249154284067048
1244026406360813568,negative,0.005537463411419583
1244026408550256640,neutral,0.33209891292302457
1244026409821048832,neutral,0.4507454498615163
1244026409829490688,negative,8.528057756507744e-05
1244026409833676800,negative,7.77912100190542e-06
1244026409921765376,neutral,0.5718541379795399
1244026410035032065,negative,0.03782248172372877
1244026410039156737,negative,0.007061130450119552
1244026410081169411,neutral,0.34581187806444724
1244026410391556096,negative,0.00030649807938253477
1244026410508980224,negative,5.111637234489173e-09
1244026413776351232,negative,0.07216142606595355
1244026414036398080,negative,0.30286908071849106
1244026414040481793,negative,0.014078983221164462
1244026414132797440,negative,0.0009405835588412403
1244026414153830400,negative,0.008946740868447723
1244026414199955456,negative,2.2925674213711144e-05
1244026414309007360,negative,0.034301583021262044
1244026414329987075,negative,0.031019906412329254
1244026414573158401,negative,0.009319695880400426
1244026414585839616,negative,0.28725344047599694
1244026414615138304,negative,0.0006142802561862868
1244026418234826752,negative,0.00020646906817009205
1244026418306125824,negative,0.00015513493546103678
1244026418352328704,negative,0.03960809798836776
1244026418390020096,negative,1.5037391685015835e-07
1244026418461360128,positive,0.7183533741027945
1244026418499063808,neutral,0.39439463283712184
1244026418499067907,negative,0.22163583566633868
1244026418683613186,negative,0.006465033016705996
1244026418700435458,negative,0.0003571621089961519
1244026422533947393,negative,1.985851592535298e-06
1244026422538031104,positive,0.8767624715904464
1244026422705836038,negative,1.8521589608457952e-13
1244026422991224832,neutral,0.4627005407192573
1244026423179988993,negative,2.4625419291539924e-06
1244026424828313601,negative,4.394936505425685e-05
1244026426526924804,neutral,0.34581187806444724
1244026427093274625,negative,0.00016938504724558695
1244026427168735235,negative,0.14152383320684103
1244026427235864577,negative,0.0005405656263860874
1244026427332321281,negative,0.00039048472219982465
1244026430561947648,negative,0.05703621878857906
1244026430897434627,neutral,0.34581187806444724
1244026431019065349,positive,0.9810167585539097
1244026431128076289,neutral,0.34581187806444724
1244026431325298693,negative,2.1656451788105498e-07
1244026435469225984,negative,0.0030454162138657706
1244026435653730307,negative,0.04883971753177993
1244026435699802112,negative,0.04249078125618548
1244026439059623936,negative,0.017194766983282213
1244026439659380736,negative,1.63577456143485e-06
1244026439751606272,negative,0.06821428532611733
1244026439755841536,negative,6.416580814399413e-06
1244026439801937920,negative,3.352361354611772e-05
1244026439827062784,neutral,0.3697674097288342
1244026439936155648,negative,0.004182494621889937
1244026443287453696,negative,0.03784721904290373
1244026443539132417,negative,0.0006799058650356737
1244026443958341634,negative,0.26512827459876154
1244026444017274880,negative,0.008687970608862311
1244026444092780546,negative,0.010245360425363967
1244026447599218689,negative,0.10307432340427858
1244026447691464706,negative,0.16061727605996895
1244026447712436226,negative,1.4615977344130967e-07
1244026447842480128,negative,0.006891679323850784
1244026447892750337,negative,0.004556952641180653
1244026448094117890,negative,0.21766622461380722
1244026451806035969,negative,1.985851592535298e-06
1244026451881492481,negative,0.004412583714518497
1244026452053540865,negative,0.07359348939362947
1244026452162609155,negative,0.1762656400614831
1244026452200296450,negative,0.003631429095454684
1244026452275802112,negative,0.0960951351814846
1244026452338753536,negative,0.03403398619655274
1244026455820042240,negative,0.0030211325961034133
1244026456038158337,negative,0.03425087909688897
1244026456172367872,positive,0.9263507403379335
1244026456243613697,negative,0.23639021516846345
1244026456478380032,negative,0.014644148845191848
1244026456482746368,negative,0.09253324566488672
1244026460110798849,negative,0.01763420246123861
1244026460240658432,negative,0.0009405835588412403
1244026460253323265,negative,0.054127245596617315
1244026460433723392,negative,4.971234831124329e-06
1244026460685447168,negative,2.1192781249555147e-05
1244026461071147013,negative,0.0009405835588412403
1244026464418349056,negative,4.458977738178963e-05
1244026464460308481,neutral,0.4507454498615163
1244026464657461248,negative,0.012652817569050732
1244026464825159680,negative,0.0011084046062254322
1244026464867155969,neutral,0.390828263951581
1244026464871292931,negative,0.05333426148897456
1244026465047302145,neutral,0.49789225920557484
1244026468566515714,negative,0.005260775403274126
1244026468981768195,neutral,0.5683787039220269
1244026469019508736,neutral,0.34372963650576827
1244026472035160064,negative,0.034301583021262044
1244026472534355968,negative,2.2334935674936294e-05
1244026472739766274,negative,2.1535078653675176e-05
1244026472752447488,negative,0.00020660898355470144
1244026472802717698,negative,1.8242777695381061e-07
1244026473121558528,negative,0.009209429554740382
1244026473146658817,neutral,0.6166737077354403
1244026473163436032,negative,0.05474775020912802
1244026473163472896,negative,0.016248047811573473
1244026473167667201,negative,0.01861826499111092
1244026473314476033,negative,0.09088533334831686
1244026476976095232,negative,0.02523518151597909
1244026476984512513,negative,8.948082970113895e-08
1244026477181407244,negative,6.216975315620746e-07
1244026477219401728,negative,0.07554262521679907
1244026477580103681,negative,0.07006862096362308
1244026479446347776,positive,0.977884723391768
1244026481069744128,neutral,0.6100853895541495
1244026481107501056,negative,0.01846798840859004
1244026481166241792,negative,1.8242777695381061e-07
1244026481338191873,negative,0.03671092867519468
1244026481510096896,negative,0.14146655510385653
1244026481526874112,negative,0.0014059488326492917
1244026481589829632,negative,0.0004910959123867808
1244026481715675136,negative,0.0005066372705363237
1244026481933799425,negative,0.004643938231216682
1244026485339492352,negative,0.011779834232508715
1244026485570232320,negative,0.020252162110012566
1244026485603807233,negative,0.0006656606856098544
1244026485628973056,neutral,0.3827109498596856
1244026485670903808,negative,0.00017498838417360786
1244026485754773504,negative,0.00020660898355470144
1244026485792522240,negative,1.870402110449988e-08
1244026489504518146,positive,0.8501522921928147
1244026489529683968,negative,0.31008682612550553
1244026489651097606,negative,1.6883497460136798e-05
1244026489953271808,neutral,0.3599607905714538
1244026489957421059,negative,0.06116018580540677
1244026490041360386,negative,9.078185718582633e-07
1244026490238328833,negative,0.026085597188667844
1244026493480599553,negative,1.1565612931221416e-05
1244026493556178944,negative,1.721205680444887e-06
1244026493644222465,negative,4.951061216497967e-10
1244026493703008257,negative,0.014744112479803208
1244026497926561792,negative,0.27877364902778706
1244026498006364160,negative,0.003541343478072684
1244026498094436352,negative,0.014174163156158048
1244026498157367298,negative,5.8465115787402205e-05
1244026498190692354,negative,0.0009461095119313201
1244026498203385857,negative,0.0226337272703681
1244026498274734081,negative,4.543390190372989e-06
1244026498325061632,negative,1.1866531464799139e-05
1244026498522034179,negative,0.21643777703880746
1244026498534834176,negative,0.01066801989657507
1244026502209056768,negative,0.23044581231275554
1244026502242537472,negative,0.22833303794131588
1244026502276157440,negative,9.62024428596239e-05
1244026502330621952,negative,0.0017505732891483175
1244026502397734914,negative,0.0014624269952852591
1244026502506782721,neutral,0.3845709177442849
1244026502506852354,negative,9.078185718582633e-07
1244026502707990528,negative,0.00024198723682821173
1244026506097164289,negative,8.630031260096843e-07
1244026506353020928,negative,0.0005066372705363237
1244026506566938627,negative,0.08463084687776241
1244026506784976896,negative,0.02579050155996067
1244026506830958592,negative,0.00530068029639208
1244026509989470210,negative,0.05703621878857906
1244026510626955264,negative,0.01681361962600288
1244026510920552448,negative,0.00337411272107555
1244026511046266880,negative,0.05101143109999876
1244026514364149760,negative,0.0005849538368486528
1244026515182047232,negative,0.0001909679186393763
1244026515236536320,negative,0.001192140986232972
1244026518910763009,negative,0.21610955790436162
1244026519334408194,negative,1.464137459180055e-05
1244026519418216448,negative,2.1535078653675176e-05
1244026519544045568,negative,0.02091418938365282
1244026522425536513,negative,0.04125754118972549
1244026523042164736,negative,0.038160157494937307
1244026523390271488,negative,0.2897680907619539
1244026523436421120,negative,0.0003022604978443798
1244026523608387584,negative,0.15223420742773897
1244026527618084865,negative,0.033867392968485135
1244026527639093248,negative,0.0076800509959364955
1244026527714598912,negative,0.14682071894877075
1244026530994499585,neutral,0.35521658950319
1244026531153936384,positive,0.8767624715904464
1244026531472687104,negative,0.000525603911998618
1244026531510272001,neutral,0.5799561892150582
1244026531690790914,neutral,0.4881979719302421
1244026531795668992,neutral,0.43966996739416636
1244026532009521152,negative,0.0006718736278573065
1244026535259934720,negative,0.07493836071300711
1244026535465672705,negative,0.0027063693979852187
1244026535666950144,positive,0.7268580148393837
1244026535956361217,negative,0.008086172477932408
1244026536174522371,positive,0.7312481090124766
1244026536317071361,negative,0.006033037277603478
1244026536396808192,neutral,0.5433019063209493
1244026536400994304,negative,0.07979454856678829
1244026538951131136,negative,0.0012353362057443106
1244026539144097792,negative,0.0017180889712755188
1244026539819380736,negative,0.02766302160115164
1244026539844476930,positive,0.928945077562761
1244026539898961920,negative,0.012044344028953923
1244026539911626754,negative,0.007883093412547356
1244026539940986881,positive,0.8427059656704835
1244026540125499392,negative,0.0037784811866195
1244026540163248129,neutral,0.610725249282255
1244026540180062208,neutral,0.5496678701602578
1244026540305846273,negative,1.6719519095053524e-08
1244026540318490625,negative,0.0018221174185453642
1244026540414951424,positive,0.7898565583048688
1244026544198123520,negative,0.00012165354963790317
1244026544223387649,positive,0.9977722237971478
1244026544336633856,neutral,0.4201289886220056
1244026544386965506,negative,0.0031626502309345878
1244026544596664321,negative,0.00022205298510141205
1244026544600887297,negative,0.00016938504724558695
1244026548170211329,negative,0.04865971791140455
1244026548295839744,negative,0.0023504454145506673
1244026548325416963,negative,0.0015472614537894432
1244026548358914048,neutral,0.49789225920557484
1244026548371501058,positive,0.9996795311742891
1244026548438609921,positive,0.8365355209567844
1244026548489007104,negative,0.01317590165750577
1244026548606418945,negative,0.09599956509275437
1244026548618960898,positive,0.8326749818661628
1244026548715433984,negative,0.020252162110012566
1244026552402272257,negative,0.0007067739530015191
1244026552540684288,negative,0.24115294319023137
1244026552586833921,positive,0.8767624715904464
1244026552960024576,negative,0.2361982114504274
1244026553123602433,negative,0.063641596107581
1244026556579745792,neutral,0.3934630720282688
1244026556789506048,neutral,0.33333440016826693
1244026556818903041,neutral,0.5031461802850085
1244026556927766528,negative,2.7247844821695116e-06
1244026556953083905,negative,0.00019346049725560497
1244026556978257922,neutral,0.34581187806444724
1244026557003431937,negative,0.0920619431980766
1244026557162835968,positive,0.9996536437468253
1244026557242454017,positive,0.8779780032221528
1244026560967069696,negative,0.07234316791658715
1244026561185165314,negative,0.2653511339864869
1244026561411665920,negative,0.00020660898355470144
1244026561466171392,negative,0.1263356990503463
1244026561529028608,negative,0.0005199054850623376
1244026561541681153,negative,0.0009474729977470936
1244026565127741441,negative,0.06333154912217008
1244026565182328833,negative,4.800328009171806e-06
1244026565236834305,neutral,0.3650158396528556
1244026565316526080,negative,0.009513764842641565
1244026565366816768,neutral,0.38812306692580956
1244026565543034881,negative,4.543390190372989e-06
1244026565714944001,neutral,0.48252523812946885
1244026569233924096,negative,0.022239875071752926
1244026569284296704,neutral,0.6217187444642202
1244026569363869696,negative,0.019347926457790227
1244026569523441665,neutral,0.49789225920557484
1244026569598869504,negative,0.286097291904077
1244026569603067904,neutral,0.4584780423962094
1244026569607151621,negative,0.02579050155996067
1244026569611448322,negative,0.005049265924277898
1244026569741471744,negative,0.04631401223095844
1244026573646368769,negative,0.1692467194954575
1244026573713477634,negative,1.0585843053428067e-05
1244026573730217984,negative,0.0005849538368486528
1244026573914767360,negative,0.007471274482885813
1244026577605836800,negative,0.006615647684323092
1244026577698029570,negative,9.844865332606657e-06
1244026577748361217,negative,0.004049879232708666
1244026577782018048,negative,5.758159081587653e-05
1244026577786150912,negative,0.21766622461380722
1244026577991671810,positive,0.9520396721942386
1244026578063024128,negative,0.0065558389605607165
1244026578188804097,positive,0.8767624715904464
1244026578436263936,negative,0.21766622461380722
1244026581946957824,neutral,0.33333440016826693
1244026582152470528,negative,0.004878532287167946
1244026582240497665,negative,0.26942968309050136
1244026582316068865,negative,0.023453351307945992
1244026582479577088,neutral,0.6547945129726376
1244026585881116673,negative,7.359693021732911e-10
1244026585990279168,negative,2.623536414363669e-05
1244026586455777281,negative,0.0001740357534866108
1244026586535469057,negative,0.0008959975029525358
1244026586552250370,negative,3.0364734302623155e-05
1244026590142640129,negative,0.0010155538312554967
1244026590289432576,negative,0.004267206393327312
1244026590322995202,negative,0.006891679323850784
1244026590431977474,neutral,0.3910581749042702
1244026590603939840,negative,0.0058181070157667224
1244026590612336641,negative,0.12603413822233858
1244026590629113856,negative,0.15696471571448117
1244026590683635712,negative,0.0322979741287475
1244026590759211009,negative,0.21766622461380722
1244026594592686081,negative,0.14602926824499013
1244026594601000961,positive,0.7724575538496649
1244026594693451778,negative,0.013473656582322175
1244026594697584640,negative,0.08118678613696821
1244026594710216706,negative,0.008531702512607185
1244026594714423299,negative,0.006044578013271609
1244026594726944768,negative,0.09160338451778438
1244026594928312320,negative,2.7836976135803617e-07
1244026595003838464,negative,0.009615516439640292
1244026595142258689,negative,0.23401236104629689
1244026595154821121,negative,0.0006061921080529063
1244026595163230211,negative,0.023151694934347128
1244026598472527873,negative,0.0011195828739277375
1244026598669594624,negative,0.02675850738384632
1244026598984204289,negative,3.2072831083129704e-05
1244026599063859200,negative,9.157911873521453e-08
1244026599328165888,negative,7.79735144141303e-06
1244026599361609728,negative,0.0791788538264965
1244026599370096642,neutral,0.48728019602140255
1244026602490671104,negative,3.5342047877960416e-06
1244026602696118273,neutral,0.46127768308170247
1244026602851270656,negative,0.07788816680066225
1244026602998071296,negative,1.2139433061783797e-06
1244026603019083778,negative,0.0018419241708874576
1244026603165954049,negative,0.0020541747149171834
1244026603174232064,negative,0.0034245658522669173
1244026603425890307,negative,0.0025108888178098773
1244026603442749440,negative,0.006891679323850784
1244026606898864130,positive,0.8767624715904464
1244026606936604675,negative,9.673396078769155e-05
1244026606991085570,negative,0.00017916272213454527
1244026607070838784,negative,0.0379789598129008
1244026607360192514,negative,0.10564414114298507
1244026607469297664,negative,1.3731899165054917e-08
1244026607469301761,negative,0.001986145958999462
1244026611105701889,negative,0.22322625163822185
1244026611302838272,neutral,0.3373003564152837
1244026611311218689,negative,0.0005716136412680309
1244026611336437760,neutral,0.33719538485595885
1244026611458072577,negative,0.004149099536362812
1244026611470684160,negative,0.00029424876437456635
1244026611512619010,negative,4.5009376341967246e-06
1244026611558744064,positive,0.8045814471626489
1244026611617366016,negative,2.6701634322080482e-05
1244026611625791488,negative,0.2595658852813192
1244026611688710145,negative,1.6883497460136798e-05
1244026614377308160,negative,0.002013923597995853
1244026615371268096,negative,0.00014526383508671353
1244026615404941314,negative,0.01681361962600288
1244026615463587841,negative,0.0018221174185453642
1244026615492984832,negative,0.18701936801637586
1244026615618813955,negative,0.03490748811215549
1244026615685939200,negative,0.000474452794796576
1244026615815864323,negative,0.050939721622543066
1244026615908237315,neutral,0.33333440016826693
1244026619469221888,negative,0.2897680907619539
1244026619548876800,negative,0.0024095142586859812
1244026619578273792,negative,0.02579050155996067
1244026619590840320,negative,0.06478262646022281
1244026619653734400,negative,0.12990738267727373
1244026619771174914,negative,5.320993464360361e-09
1244026619842506754,negative,0.0012152479535123251
1244026619972509696,negative,0.005197190027302613
1244026620060590081,negative,0.013070237207684647
1244026620119339008,negative,5.679352580755007e-06
1244026620131848192,negative,0.3129522085380125
1244026620140064769,negative,0.011045811415196257
1244026623734751234,negative,0.28980790960133973
1244026623772540929,neutral,0.5312594082210393
1244026623965507584,negative,0.057156274612390784
1244026623986405376,negative,0.001575250662458837
1244026624011632640,negative,0.00010923162088034862
1244026624015773696,negative,0.2538238081518804
1244026624032542721,negative,0.25476712825209624
1244026624040931329,negative,0.20210040546576458
1244026624200376321,negative,0.02579050155996067
1244026624372355072,negative,0.033284682088426276
1244026624523329536,negative,0.007098850144718247
1244026627828453377,negative,0.001365416489107195
1244026627933306880,negative,9.844865332606657e-06
1244026628038111233,negative,2.8820002685746735e-06
1244026628046557184,positive,0.7469405270194408
1244026628080128001,neutral,0.35234918776042756
1244026628142850048,negative,0.008311676958607513
1244026628147159040,negative,0.0006035988206239652
1244026628172382210,negative,0.006891679323850784
1244026628294008832,negative,0.02617496394117456
1244026628499439616,negative,0.0006061921080529063
1244026631750025219,negative,1.753137362688216e-07
1244026632148594692,negative,2.2634640619471946e-09
1244026632202940424,negative,0.021451602629445534
1244026632240861186,negative,0.0012629809138860126
1244026632249249792,neutral,0.34581187806444724
1244026632450510848,positive,0.7313197358757343
1244026632760852480,negative,0.00020986420092163375
1244026632836231171,negative,1.4132600432035347e-05
1244026636477116417,negative,0.26942968309050136
1244026636485492736,positive,0.915855727726811
1244026636615516162,negative,0.005260775403274126
1244026636636491776,positive,0.8808094069168896
1244026636959350789,negative,0.14354004787300662
1244026636997189632,negative,0.00292417268504689
1244026639987535873,negative,0.03037698968547367
1244026640209973248,negative,0.0013422375768323655
1244026640486760450,negative,4.622258486566205e-05
1244026640637874177,negative,0.09225779462744674
1244026640641994752,positive,0.7058974431839885
1244026640818110464,negative,0.10976877865853922
1244026640847560704,negative,0.15453667520093092
1244026640935649280,negative,0.0022317492818832788
1244026644597260290,negative,0.00011895776076009441
1244026644953694208,negative,0.0974607141788694
1244026644999942144,positive,0.9862742227891356
1244026645016711168,negative,0.0012629809138860126
1244026645025087488,negative,0.12287604362525693
1244026645079453711,negative,8.130032933691386e-05
1244026645180186624,negative,0.01897460170522058
1244026645201195009,negative,0.004373284897569107
1244026645205463040,negative,0.025474009205518604
1244026645222227970,negative,0.10197725501765262
1244026645230637057,negative,0.00024101882172233537
1244026645402566656,positive,0.7058974431839885
1244026648816685056,negative,9.160860377178104e-07
1244026648892145664,negative,0.014181674026884692
1244026648929992704,negative,0.0009190857207274898
1244026649018073091,positive,0.9641622331026184
1244026649131094017,negative,0.003264603665788209
1244026649135525889,negative,0.05579017953982863
1244026649382961152,negative,0.13387438067964025
1244026649471000576,negative,0.017587490974983064
1244026653027831808,negative,3.9302131418896824e-08
1244026653535277056,negative,0.02182542632275869
1244026653795332096,negative,0.18574096002854779
1244026653933735936,negative,0.052710602855816635
1244026657318621185,negative,2.6407629305036904e-05
1244026657511538691,negative,0.02617496394117456
1244026657578651648,negative,5.541168240744471e-05
1244026657792540672,negative,0.10262449411129812
1244026657893203969,negative,0.005772777752006781
1244026661684883456,positive,0.6960465827704089
1244026661705826307,negative,0.055814521917958854
1244026665631657985,negative,0.0029627955569233337
1244026665782607872,negative,0.30466661201120576
1244026666017570817,negative,0.1779164002908525
1244026666147512321,negative,0.02579050155996067
1244026668408287233,negative,0.006044578013271609
1244026669662384130,negative,2.1535078653675176e-05
1244026670052454400,negative,0.018771412810109096
1244026670287335428,negative,0.310586620038762
1244026670329335812,negative,0.09471701215273506
1244026670333321217,neutral,0.35359027095536927
1244026670522281987,negative,1.8242777695381061e-07
1244026674150281218,positive,0.7782480392980674
1244026674225852420,negative,0.002210634964045355
1244026674334875651,neutral,0.5551178135344216
1244026674397798402,negative,0.1136593562632943
1244026674431352833,negative,0.1194902492171199
1244026674431365120,negative,0.00019346049725560497
1244026674959855616,negative,9.877327171689575e-05
1244026678143143937,neutral,0.3306430732988497
1244026678344638465,negative,0.0025203174319097586
1244026678357168128,negative,0.28416582985684036
1244026678386380800,negative,0.05669224098085821
1244026678466293761,negative,0.043264052809915014
1244026678646657024,negative,0.03137268014041387
1244026678806040576,negative,7.614472124157863e-06
1244026682580897792,negative,0.001894827782618416
1244026682589229056,negative,0.298137801125355
1244026682668965889,neutral,0.5861765239986066
1244026682744483841,negative,0.05539547922083657
1244026682773852160,negative,0.07512428740271193
1244026683004522496,negative,0.04768646782206183
1244026686640979968,negative,0.19370509579445586
1244026686905163777,positive,0.8281460219370171
1244026687073005569,positive,0.8630741913225503
1244026687119077376,negative,0.008951887789234001
1244026687140093952,neutral,0.5173008960746949
1244026690638163970,negative,0.04186049425920911
1244026690877247490,neutral,0.34749429243266705
1244026690986180608,negative,0.04891785394132706
1244026691007188992,negative,0.0006668993835837527
1244026691045011461,neutral,0.34581187806444724
1244026691070185474,negative,0.26942968309050136
1244026691133018112,negative,2.6315975799235547e-05
1244026691162423297,positive,0.8767624715904464
1244026691166654464,neutral,0.3426997419190028
1244026691183415296,negative,0.24922664400245426
1244026691233538048,negative,0.0012287603078514036
1244026691242143745,negative,0.03641575473621659
1244026691313438720,negative,0.03914535013560267
1244026694534680577,neutral,0.37874993579954885
1244026695063154689,neutral,0.49789225920557484
1244026695197306881,negative,0.01698606931509277
1244026695230857219,negative,0.014345411785701081
1244026695386046465,neutral,0.49789225920557484
1244026695386087426,neutral,0.4894418877599791
1244026695423844354,negative,0.1487449582094241
1244026695478398976,negative,0.0007406189743043467
1244026695499333633,negative,0.0001740357534866108
1244026695537082368,negative,4.538017683707876e-09
1244026699408379906,negative,0.00023819746260712968
1244026699442008065,negative,0.0005723921420359506
1244026699555233792,negative,0.04728427995308109
1244026699781677057,negative,0.003676598679279829
1244026703464316928,negative,0.21553911059595526
1244026703913066499,negative,0.00522422603359646
1244026704089227266,positive,0.7084763412893234
1244026704135254017,negative,0.07888518888259648
1244026704148025344,negative,1.8242777695381061e-07
1244026704164773890,neutral,0.49789225920557484
1244026707704721409,neutral,0.35880806919077196
1244026707906105344,neutral,0.49789225920557484
1244026708015091713,negative,0.00020660898355470144
1244026708241440768,negative,0.05058912336155804
1244026711835992064,negative,0.1786049570642505
1244026712012316672,negative,0.001307111778258589
1244026712360398848,positive,0.9587683220711832
1244026716047183872,negative,0.025476163778944204
1244026716160434176,negative,0.006960409966318937
1244026716219224065,negative,0.21709385670855738
1244026716290535424,negative,0.000443184576409288
1244026716344942592,negative,3.352361354611772e-05
1244026716365950979,negative,1.464137459180055e-05
1244026716386930689,positive,0.8767624715904464
1244026716424671232,negative,0.2942049225621451
1244026716475068417,negative,0.07888518888259648
1244026716508639232,negative,0.16061727605996895
1244026716680605696,positive,0.7898565583048688
1244026720522579969,negative,0.05515094849638509
1244026720581271552,negative,0.00164319633941862
1244026720589680640,negative,0.0021650805977782355
1244026720962908160,negative,0.02579050155996067
1244026724674830338,negative,0.07888518888259648
1244026724721008642,negative,0.02617496394117456
1244026724758761473,negative,0.0009878142197446908
1244026725039771648,negative,5.068939299756072e-05
1244026725043859462,negative,0.0009417264267630954
1244026725060747264,negative,0.2889058458934718
1244026725165600768,neutral,0.5789865497926282
1244026725169840128,negative,0.0006483281945228257
1244026725182443522,negative,0.23048653694004742
1244026725245300736,negative,0.21130141991833534
1244026725299863554,negative,0.04688654666488252
1244026728428834816,negative,1.9386994124879305e-06
1244026728844050433,negative,9.586610702980717e-06
1244026729074737154,negative,0.0011290718831391679
1244026729125023744,negative,0.1710293498968253
1244026729297043456,negative,0.06333154912217008
1244026729338937344,negative,3.286382829360083e-06
1244026729401847808,negative,0.00010682587112713369
1244026732904157184,neutral,0.440722824380025
1244026732987940864,negative,0.29515157345146154
1244026733071917056,negative,0.23044581231275554
1244026733080313857,neutral,0.581956147699971
1244026733155815425,negative,0.013227175980037354
1244026733378093056,positive,0.6713496539498675
1244026736553197569,negative,0.00020660898355470144
1244026736884531201,negative,0.04973011395275231
1244026737039638528,neutral,0.5136446707795853
1244026737152925696,negative,0.11938263550587663
1244026737186521088,negative,0.01097198798146917
1244026737471574022,neutral,0.3682277807233085
1244026737631076352,negative,0.02617496394117456
1244026737635340288,negative,1.288892725174536e-06
1244026741527662592,negative,0.0035297490061767874
1244026741573783553,negative,0.024419192053110914
1244026741603160064,neutral,0.3592540434135346
1244026741632442368,negative,0.31568195464624677
1244026741812875268,negative,0.004144435475870916
1244026741825380354,negative,0.017706360709696604
1244026741854699520,negative,0.016847520923276123
1244026741905076224,negative,0.0017547213194825783
1244026742060339200,negative,0.2392401612153602
1244026745944080385,negative,5.49659046301002e-07
1244026745956839426,negative,0.31732489718339985
1244026746204119040,negative,0.002749260162305774
1244026746212474880,negative,0.003050678999619063
1244026749685501952,negative,0.08104210830159737
1244026749769392128,negative,0.29150453131543796
1244026749836578819,negative,1.2569536312746687e-06
1244026749928853504,negative,0.014177997730228507
1244026750075617280,negative,0.011431305838129508
1244026750419578882,negative,0.0001325301806476251
1244026750503473153,negative,0.030611514362518036
1244026750507667456,negative,0.00046197037275694664
1244026753863090179,negative,0.00013938685749636875
1244026753863102465,negative,0.1688521557660844
1244026753867268096,neutral,0.568608738055402
1244026754127233024,negative,0.00014503228119930873
1244026754387320832,negative,0.0015790193128862142
1244026754404167682,negative,0.052710602855816635
1244026757969215489,negative,0.00013862615331664447
1244026758019592192,negative,0.02579050155996067
1244026758250270721,positive,0.9368227679681262
1244026758359396353,negative,0.0046226811017007485
1244026758434820096,negative,0.03623238459354924
1244026758531289089,negative,0.29328720784097617
1244026758539685888,neutral,0.5789865497926282
1244026758564851712,negative,0.034757561817672554
1244026761882537985,negative,0.00016524324560973478
1244026762184589312,negative,0.0011206185526683
1244026762331336706,negative,0.00010088234361931905
1244026762511691777,negative,9.844865332606657e-06
1244026762520133633,negative,8.606870784570771e-05
1244026762612391938,negative,0.004605932673330669
1244026765972058112,negative,0.024583813814905132
1244026766450188289,negative,0.15673133895328037
1244026766588510208,negative,0.0036679627846519956
1244026770405425152,negative,0.0009208326795533815
1244026770711511040,negative,0.014559859026652643
1244026770745176066,negative,0.1906798738078689
1244026771013541891,negative,0.017493085067509653
1244026774390034432,negative,1.3698211230625668e-05
1244026774649962496,negative,0.007092740778771518
1244026774813585410,negative,0.007225296632386654
1244026775023190017,negative,0.004412583714518497
1244026775090364417,negative,0.09225779462744674
1244026775102984192,negative,0.003631429095454684
1244026775212040195,negative,0.018142700449812053
1244026775232868357,negative,0.0035294582077655236
1244026775337828352,negative,0.005715174637879036
1244026778991177728,negative,0.01965529685205932
1244026779087536128,negative,0.26286256315265755
1244026779121209346,negative,0.006044578013271609
1244026779343261699,negative,0.28636828945128195
1244026779377061889,neutral,0.49511589986369725
1244026779414736897,positive,0.9859240805064231
1244026779502874624,negative,1.65599749458431e-05
1244026779590778886,negative,0.06920753825580198
1244026779649683456,neutral,0.34581187806444724
1244026779779715073,negative,0.00018885232818402484
1244026783055388672,negative,0.0005066372705363237
1244026783248375808,negative,0.0004289329814490728
1244026783256711171,negative,0.005772777752006781
1244026783332212736,negative,1.0747814296974375e-06
1244026783630065664,neutral,0.5547948592490254
1244026783701372930,negative,2.2925674213711144e-05
1244026786616356864,negative,0.0011914120906818275
1244026787392258050,negative,0.04249078125618548
1244026787773874178,negative,0.011017359286901082
1244026787979550720,negative,0.06634447346325013
1244026791557292035,negative,0.006565822955124885
1244026791775395841,negative,0.0650871329106161
1244026791842516993,negative,0.003902688007990007
1244026792308027394,negative,0.0004569565271270331
1244026794841423872,negative,0.007544634453484122
1244026795797762049,negative,0.0005066372705363237
1244026796070375427,negative,0.003631429095454684
1244026796351332353,negative,0.0022394231084066026
1244026799966826498,negative,9.030528177742448e-07
1244026799983558657,negative,0.0024233421991421856
1244026800046518272,negative,0.144406550978695
1244026800344387584,negative,0.02026267066529297
1244026800449245185,negative,1.155858658057794e-08
1244026804119142400,negative,0.0020541747149171834
1244026804261859329,positive,0.9825877933800525
1244026804282761219,positive,0.9738372284737578
1244026804626743296,negative,2.467397361275809e-07
1244026804698054657,negative,0.0005199054850623376
1244026804702269440,negative,0.011147182662214886
1244026804781887489,negative,0.21766622461380722
1244026808313446400,negative,0.013473656582322175
1244026808376401922,negative,0.004605932673330669
1244026808544169984,negative,0.00024101882172233537
1244026808569339904,neutral,0.4105409471177571
1244026808699441153,negative,0.08471797663333487
1244026812512063488,negative,0.1182255813382301
1244026812570755072,negative,0.06116018580540677
1244026812688105475,neutral,0.49789225920557484
1244026812939882497,negative,0.00028543653904063594
1244026813044703233,negative,0.002339224240400548
1244026813111767042,negative,0.012442416424751681
1244026816815337472,negative,0.004778291105272175
1244026816882520064,negative,0.14119348679234187
1244026816987267074,negative,0.00014526383508671353
1244026816987303936,negative,0.11758047333119025
1244026817046032386,negative,0.21766622461380722
1244026817113206785,negative,0.00043479158297754717
1244026817276784640,negative,0.02617496394117456
1244026817314467840,negative,0.02617496394117456
1244026817318715393,negative,0.15100042416498058
1244026817318727680,negative,0.025286621339463834
1244026817360560130,negative,0.08208994187873833
1244026817440186369,negative,0.002339224240400548
1244026817461305345,negative,0.14049669473074258
1244026820799926272,positive,0.8439925691239514
1244026820879691777,neutral,0.3599607905714538
1244026820963557376,negative,0.00029424876437456635
1244026821064175616,negative,0.011039987960069768
1244026821152247808,neutral,0.4612468296336095
1244026821286531073,negative,0.10282278607608104
1244026821387173888,negative,0.02617496394117456
1244026825510174720,neutral,0.390828263951581
1244026825715703809,negative,0.00022787003748641387
1244026825728315392,negative,0.05177277466832924
1244026825837330432,neutral,0.6038246146827548
1244026825904467969,neutral,0.34581187806444724
1244026829272383488,negative,0.0165536726677992
1244026829394128896,negative,0.01003170366079452
1244026829461168128,negative,0.004643938231216682
1244026829733867521,negative,0.28980790960133973
1244026829754847232,negative,1.464137459180055e-05
1244026829889048578,positive,0.8767624715904464
1244026833462603777,negative,0.1424829771831002
1244026833550675968,negative,0.0006542881727350315
1244026833605218305,negative,0.11645096067440198
1244026833617764352,negative,0.0030670423080643118
1244026833672097798,negative,0.00030797308030094657
1244026833798148097,neutral,0.390828263951581
1244026833835831296,negative,0.01838956587935349
1244026833852674048,negative,0.19896983849250832
1244026833890353152,negative,0.0013133679196910308
1244026833911205889,negative,0.07888518888259648
1244026833940684803,negative,0.01673516918705783
1244026837703032834,negative,0.002976626918118919
1244026838038478850,negative,0.2582739843990751
1244026838088929282,negative,0.005602124432621283
1244026838101430274,negative,0.01798835688130834
1244026838231506945,neutral,0.6462607005943426
1244026841683369985,negative,8.580044966587607e-06
1244026841909923840,negative,0.05293342570236676
1244026841993707521,negative,0.00020660898355470144
1244026842136395778,neutral,0.34581187806444724
1244026842211848192,negative,0.2460223590799103
1244026845915381760,negative,8.830214029644285e-08
1244026845974142976,negative,0.0002858034405540534
1244026846003462147,negative,2.258778376620845e-07
1244026846003580928,negative,0.015273338708046256
1244026846020349952,negative,0.005698178354959093
1244026846297145344,negative,6.241048481542642e-05
1244026846301376512,negative,0.020252162110012566
1244026846418788352,negative,4.9556687786215205e-06
1244026846422790144,negative,0.018771412810109096
1244026846494314496,negative,0.0001792266935430678
1244026846628458498,negative,4.543390190372989e-06
1244026849782566915,negative,1.8104729366802991e-06
1244026850302742528,negative,0.0038891308880259316
1244026850436886529,positive,0.9945796110007165
1244026850478874624,neutral,0.34581187806444724
1244026850537623553,negative,0.12267175027833072
1244026850558476290,negative,0.010808103548273202
1244026850667638785,negative,0.052710602855816635
1244026850680152064,negative,0.014174163156158048
1244026850684416002,negative,5.746412507221764e-06
1244026850726178817,negative,0.010307517928874195
1244026850772430850,negative,0.00013862615331664447
1244026850772467714,positive,0.8165524147232416
1244026850776682497,negative,0.23928113645654023
1244026850793398273,negative,0.27007438576683057
1244026850902499328,negative,0.002897784807317142
1244026854543183872,neutral,0.390828263951581
1244026854580854785,negative,0.043024426327870145
1244026854685790208,negative,0.0013754160226537697
1244026854824128514,positive,0.8767624715904464
1244026855344279552,negative,0.2519678918452364
1244026858544431105,negative,0.007883093412547356
1244026858766827520,negative,1.719078514217902e-07
1244026858968145921,negative,0.0766273344207652
1244026859135938560,positive,0.9677887953991131
1244026861455314944,negative,0.134413903739603
1244026862961135618,negative,0.011186603691380036
1244026863145623554,negative,0.19742169694364622
1244026863225311232,positive,0.6854987145373225
1244026863313457154,negative,0.014513029960521917
1244026863392976901,negative,2.0938228343450094e-05
1244026863393091585,negative,3.893928872933551e-12
1244026863502200833,negative,0.0008125984351569827
1244026867356663811,negative,1.1887745070374934e-06
1244026867461619712,negative,0.12229893116998274
1244026867629412354,negative,0.3122075987709739
1244026867755159553,negative,0.00016938504724558695
1244026871190347779,negative,0.009074866804195288
1244026871198736384,negative,0.07683695933620033
1244026871282642945,negative,0.0008662069245942248
1244026871345528835,negative,0.036518796261131505
1244026871408480257,negative,0.07710916517689127
1244026871412592640,negative,0.05047574987068405
1244026871437766656,negative,0.21546190103161894
1244026871530037249,negative,2.1179578229461675e-06
1244026871546884096,positive,0.9793410020799228
1244026871638974464,negative,0.02579050155996067
1244026875393069058,negative,0.0001329955179752694
1244026875724173314,negative,0.0020570572408410486
1244026875736981507,negative,0.07428056840709026
1244026875921551360,negative,0.17378844231566906
1244026876001214465,negative,0.0053526039435227175
1244026876005363714,negative,0.03819681487786787
1244026876080906240,negative,2.973881916877482e-11
1244026879616512006,negative,3.14580293067592e-05
1244026879759101953,neutral,0.4421068522483257
1244026879788699649,negative,0.07888518888259648
1244026879792857089,neutral,0.5533970533999424
1244026879822135300,negative,0.0009405835588412403
1244026879889285120,negative,5.087314866557037e-06
1244026879901863936,negative,0.10262449411129812
1244026880161914880,negative,0.003631429095454684
1244026883773288448,negative,0.003515094273548347
1244026883785854977,negative,0.03410945741539785
1244026883798437890,negative,0.00758745947227523
1244026883928358914,negative,0.24817168217983684
1244026884264013825,negative,0.00010682587112713369
1244026884322660352,negative,0.030253086504576965
1244026887917260800,negative,0.024185809680888768
1244026888080818177,negative,0.03645758515781681
1244026888118558720,positive,0.879678537366079
1244026888126959617,negative,0.002143509141176189
1244026888215040001,positive,0.8889118481293443
1244026888223436800,neutral,0.34581187806444724
1244026888298823680,negative,0.0001477474864155951
1244026892241551362,negative,0.1779164002908525
1244026892287643649,negative,0.022452832764386286
1244026892392501248,negative,0.20245479177026515
1244026892434489344,neutral,0.44739635824375185
1244026892518338560,negative,4.713201097264313e-07
1244026892593909761,negative,0.0009461095119313201
1244026892648353796,neutral,0.33897105222844165
1244026896423280643,neutral,0.4421068522483257
1244026896586850305,negative,0.2663999990679916
1244026896607858689,negative,0.11025686479112662
1244026896666562561,negative,0.007991891579439052
1244026896679145472,negative,0.07705390217895335
1244026897169813504,negative,2.575389152822565e-06
1244026897186643970,negative,0.1466416231000575
1244026900223328258,negative,0.027845378197019464
1244026900563070976,positive,0.8767624715904464
1244026900701499393,neutral,0.390828263951581
1244026900701499394,positive,0.7058974431839885
1244026900839833601,negative,0.010626367610106031
1244026900869197826,negative,0.11910465655380176
1244026901108228097,negative,0.32493546205014356
1244026901175382016,negative,0.05082407348595446
1244026901204795394,negative,0.018771412810109096
1244026901208891392,negative,0.0012887048969940364
1244026901213130754,negative,0.025159004582940184
1244026901238251520,neutral,0.4988175734619948
1244026901263536129,negative,0.04297836224997053
1244026904740585472,negative,0.3029968537174699
1244026904748974081,negative,2.6415058517750147e-07
1244026904782475265,negative,9.952326471935366e-06
1244026904912560129,neutral,0.38498329744299714
1244026904929284096,negative,4.353413343884572e-06
1244026904983855105,negative,0.12006141708329449
1244026905239662592,negative,0.22611635758195314
1244026909018726400,negative,2.4625419291539924e-06
1244026909035552768,negative,0.0076800509959364955
1244026909194936320,negative,6.171211361335047e-05
1244026909341544448,negative,0.03219967737929801
1244026909492686849,positive,0.7863488789188927
1244026909639487489,negative,0.039179329310707174
1244026909689815042,negative,0.02579050155996067
1244026913204690944,negative,0.028186441888120962
1244026913250820096,negative,1.2870867372446643e-07
1244026913372471296,negative,0.009586743205219184
1244026913498312704,negative,0.15528869389432534
1244026913875726338,negative,5.6440715444635266e-05
1244026917260595200,negative,0.0004862693769989096
1244026917386424320,negative,1.8242777695381061e-07
1244026917399023616,negative,0.0007655374253786763
1244026917520580608,negative,0.000351115596081234
1244026917663236096,negative,1.8242777695381061e-07
1244026917667442688,negative,0.12753068495969022
1244026917671616512,negative,0.0010928191823583243
1244026917956620288,negative,2.0114198586716926e-05
1244026921509363713,negative,0.13038828687484083
1244026921618472960,negative,0.03775714050975888
1244026921681391616,negative,0.002907685793201298
1244026921714925568,negative,0.018771412810109096
1244026921756889088,negative,2.146826659089853e-06
1244026921790451714,negative,0.007852295882516267
1244026921891004416,negative,0.0001073721139339141
1244026922092429313,negative,0.13038828687484083
1244026925636636673,negative,0.0014583109240624034
1244026925787512832,negative,0.0005849538368486528
1244026925942812674,negative,0.13453234900873665
1244026926047662080,negative,0.0031620445426744025
1244026926282559488,positive,0.9573961992555858
1244026926320119813,neutral,0.3672168823225936
1244026926341197824,negative,0.006773174846410102
1244026926492258304,negative,0.02617496394117456
1244026926542487553,negative,9.844865332606657e-06
1244026929730277378,negative,0.15121196743080367
1244026929839247360,negative,0.005285850925040438
1244026929864486912,negative,0.04768646782206183
1244026929906417664,negative,0.058519298169618886
1244026930275463169,negative,0.17967582088407066
1244026930317402112,negative,0.0006701322294910394
1244026930464202752,positive,0.8981698459149745
1244026930497814531,negative,2.593196348497758e-07
1244026930590027778,negative,0.044184886631658794
1244026934109093888,negative,5.502687270528029e-08
1244026934612328448,negative,0.05577743802207592
1244026934817951745,negative,3.5077707207284964e-08
1244026938353758208,neutral,0.410133029063525
1244026938504683520,negative,0.11029055086609728
1244026938504744960,neutral,0.3589609087806488
1244026938508926979,negative,0.0026168824524579323
1244026938626387972,negative,0.013247961039121164
1244026938643095552,negative,0.015510920507201537
1244026938668257280,negative,0.07179575389310841
1244026938735431682,negative,1.3243200308342385e-06
1244026938865451008,negative,0.0008590094656786723
1244026942715822081,negative,0.16101130886706644
1244026942740987905,negative,0.00044526674522216386
1244026942849982464,negative,0.018568073610969685
1244026943013617664,positive,0.7904746923512915
1244026946704551937,negative,0.02470520634847199
1244026946830426112,negative,0.034301583021262044
1244026946830446592,neutral,0.34581187806444724
1244026947031703552,negative,0.0987832254173459
1244026947207823360,negative,0.17524529342992556
1244026947274850307,negative,0.02795338443082772
1244026950982737921,negative,0.06333154912217008
1244026951117004802,positive,0.8365355209567844
1244026951121207296,negative,0.1024152493901491
1244026951326732288,negative,0.01577092977700161
1244026951377006593,negative,0.005186732020307045
1244026951398035459,negative,0.001951247255355429
1244026954636054531,negative,0.006892094219007822
1244026955227226112,negative,0.014174163156158048
1244026955562917888,neutral,0.3855646684036337
1244026955739119617,neutral,0.43411317099260205
1244026955755696131,negative,0.019241670896563267
1244026959425949697,negative,0.014738670276161464
1244026959451095040,negative,0.0008517712831035632
1244026959589453824,neutral,0.42631483270745657
1244026959790616576,negative,0.03949894677985244
1244026959807623168,negative,0.010899843207262814
1244026960008876032,negative,0.20027286487444754
1244026963481763840,negative,0.008003524245964304
1244026963502731264,neutral,0.34581187806444724
1244026963519344645,neutral,0.49789225920557484
1244026963523784704,negative,0.012701386762984268
1244026963964157952,neutral,0.6557054404457819
1244026963989274625,negative,0.0025108888178098773
1244026964022829057,negative,0.0007393156898931003
1244026964203184128,negative,0.05709909139053252
1244026967407693828,negative,0.11946515465041936
1244026967697035264,negative,3.9772641084120805e-05
1244026967772540929,negative,1.9386994124879305e-06
1244026967927726080,negative,0.02919022598002663
1244026968095502336,negative,1.6719519095053524e-08
1244026968280047616,negative,0.10373485907066692
1244026971941675009,neutral,0.37897503259292725
1244026972101099521,negative,0.02617496394117456
1244026972260442113,negative,0.0037157101652834147
1244026972285440000,negative,0.007078735709267309
1244026972335898624,negative,0.062078244041998354
1244026972579278848,negative,1.464137459180055e-05
1244026972595879937,neutral,0.5140335801237879
1244026974911303681,negative,9.587583414979872e-07
1244026975049715713,negative,0.21766622461380722
1244026976060522496,positive,0.8767624715904464
1244026976198852609,negative,1.7901684342972741e-06
1244026976228302848,negative,0.02579050155996067
1244026976660336641,negative,0.02579050155996067
1244026976769277952,negative,0.034301583021262044
1244026976970645505,positive,0.7898565583048688
1244026976987262979,positive,0.6920385024178974
1244026980183543808,negative,0.01538479434941902
1244026980250632193,negative,0.02579050155996067
1244026980267429889,negative,2.915433653742274e-05
1244026980389072899,neutral,0.3526434678804405
1244026980414210048,negative,0.026311938962667956
1244026980418420736,negative,0.015301065184341942
1244026981030735872,negative,0.02886017303890013
1244026984625328129,negative,0.0018638858080717643
1244026984868589568,negative,0.054754454741963395
1244026988488261633,negative,0.29150453131543796
1244026988635054082,negative,1.6011478750964975e-05
1244026988723154944,negative,0.006044578013271609
1244026988748308480,negative,0.015851423577298407
1244026988760682497,positive,0.9352947370688823
1244026988760834049,negative,0.05838953449698414
1244026988777689088,negative,0.014744112479803208
1244026988949463040,negative,0.11029367700421902
1244026988974743553,negative,0.2438842189092292
1244026989138370561,negative,0.07888518888259648
1244026989146603526,negative,0.03155165783407778
1244026992464474112,neutral,0.6436652494440961
1244026992825192449,negative,0.00837066225733169
1244026992942624769,negative,3.1183416390139094e-05
1244026993093509122,negative,0.006891679323850784
1244026993223643137,negative,0.0006272624411091805
1244026993257086977,negative,0.0086266313063719
1244026993273864193,positive,0.719350229785151
1244026993286549504,negative,0.22389093335761176
1244026997023682561,negative,0.0035252786548683945
1244026997040431106,negative,0.0539562925732617
1244026997082337281,negative,0.05539547922083657
1244026997195456512,negative,2.1988460767548848e-05
1244026997262766080,positive,0.9993126860040088
1244026997413724162,neutral,0.3372813916360126
1244026997640171521,negative,0.02644110473094834
1244026997648613379,negative,0.0022960517390558204
1244026997963018241,positive,0.9164726656643194
1244027000915984384,negative,6.0831854812554065e-06
1244027001176051712,neutral,0.3838651720914426
1244027001314234369,negative,1.7517004745676747e-05
1244027001364717569,negative,0.0028659349034296593
1244027001436098560,neutral,0.4442015093938886
1244027001444487168,negative,0.052776605958491686
1244027001498935298,negative,0.2551334865175756
1244027001544912896,positive,0.7087537368901321
1244027001645793283,neutral,0.34581187806444724
1244027001700331520,negative,0.00991245693035184
1244027005483520000,negative,0.09572914662923145
1244027005689044992,negative,0.0006450827241048882
1244027005693079554,negative,0.011186603691380036
1244027005785554945,positive,0.9892484323926679
1244027005965938688,negative,2.991484657003936e-07
1244027006024593408,negative,0.07738059547332773
1244027009589796865,neutral,0.4757917870980924
1244027009669488640,negative,0.003631429095454684
1244027009883398147,positive,0.8767624715904464
1244027009891794946,negative,0.19813188837233217
1244027009975619585,negative,1.0831894168086737e-07
1244027010063773697,negative,0.06116018580540677
1244027010319552513,neutral,0.5683787039220269
1244027013725409282,negative,5.073474765627474e-06
1244027013930913794,positive,0.8141648220588673
1244027018062098439,negative,0.008171564399763668
1244027018422910977,negative,0.010856689773099993
1244027018423001090,positive,0.9312012626694957
1244027018645299200,negative,0.0003299473138392426
1244027022285901824,negative,0.01932529807794596
1244027022436896770,negative,0.02579050155996067
1244027022575382528,neutral,0.6101834781190146
1244027022860484610,neutral,0.49789225920557484
1244027022881501184,neutral,0.35822553914141986
1244027022910853120,negative,0.001664132006338291
1244027023091212291,negative,8.635821999085514e-05
1244027026803167232,negative,0.0009405835588412403
1244027026832490498,negative,0.01263623502751831
1244027026903904258,negative,0.24617847132345658
1244027026991976448,positive,0.8438832732745556
1244027027025428481,negative,0.012117230664675096
1244027027054788609,negative,9.03991369860199e-06
1244027027264585728,negative,5.8213618887459794e-05
1244027030603251714,negative,8.540086129547671e-08
1244027030691287041,negative,0.044955143652303894
1244027030691291137,negative,0.0034585141735491184
1244027030737424386,negative,0.0009047738692742004
1244027030783561730,negative,1.951952618877027e-06
1244027030842347520,negative,0.16267843820315406
1244027030943006721,negative,0.06665826475394655
1244027031030988800,negative,0.30520164724581184
1244027034751377409,negative,5.156660740018749e-05
1244027034780741633,negative,0.2934783410107557
1244027034801750018,negative,0.0881959485523769
1244027034835263488,negative,0.004918162945877245
1244027034881404928,negative,1.0406813114586735e-05
1244027035007291395,negative,0.00020918196341455488
1244027035040862209,negative,0.04035208854505519
1244027035078602753,negative,0.003631429095454684
1244027035187662849,neutral,0.3991483311516898
1244027035225382913,negative,0.060105016518687514
1244027035359621120,neutral,0.36425180129608786
1244027038933094401,neutral,0.5136446707795853
1244027038975098881,negative,0.024729154940576273
1244027039021137921,negative,0.0011206185526683
1244027039189000194,negative,0.266378622954405
1244027039239360513,negative,0.0007698929348117913
1244027039385935872,negative,0.03455815725680064
1244027039524544513,neutral,0.34581187806444724
1244027039595859969,neutral,0.3688120122074838
1244027042540199936,negative,0.050825303777099325
1244027043152564224,negative,0.11287989463655368
1244027043525857280,negative,2.0042652685689598e-07
1244027043727249408,negative,1.5999583065368506e-05
1244027047397093376,negative,0.0005421837687864796
1244027047472660481,negative,0.25099552299107897
1244027047632080899,negative,0.0025014590571923435
1244027047648911360,negative,0.006356652790022391
1244027047711735808,negative,5.8308485805987796e-05
1244027047921451009,negative,0.0008824417070147152
1244027047925690368,negative,0.0008386035654625013
1244027047984484352,negative,0.0055673367022466376
1244027051620925440,negative,0.21766622461380722
1244027051805413377,neutral,0.5250331768916635
1244027051834834944,negative,0.004119189172792177
1244027051868389378,negative,0.10499421721971228
1244027051868393472,negative,0.0017981650016121226
1244027051969044481,negative,1.7853430035451564e-05
1244027051990036480,negative,0.00014526383508671353
1244027051998359552,positive,0.8773462154399346
1244027052052942848,neutral,0.44374060933254506
1244027052073857024,negative,0.0005521536433528605
1244027055869775874,negative,0.0010399931213481675
1244027055890554880,positive,0.9859240805064231
1244027055966216192,negative,0.00869613465051828
1244027055982940162,negative,3.9772641084120805e-05
1244027056054247426,negative,0.203294091595524
1244027060080783360,negative,0.003631429095454684
1244027060114329600,negative,0.01263623502751831
1244027060118597632,negative,0.010178874991487922
1244027060126994435,negative,0.061636017852138104
1244027060257001475,negative,0.03402921736346592
1244027060286341120,negative,0.007883093412547356
1244027060512796675,negative,0.11899694559443774
1244027060533723136,neutral,0.46511884455441777
1244027060726702080,negative,8.314794260380825e-05
1244027063545315328,negative,0.010830410354250475
1244027064111464449,negative,0.006101456415927091
1244027064174489603,negative,0.11111636661983004
1244027064207855617,negative,0.20286622764586393
1244027064283348992,negative,0.007244319640131192
1244027064409157633,negative,0.09038384827563728
1244027064530931714,negative,0.001713233799890013
1244027064539394049,negative,0.008468070695124164
1244027064623259648,negative,0.00012693566633550135
1244027068138086400,negative,0.0017174699936909304
1244027068314247170,negative,0.23121693819970915
1244027068565905409,negative,0.02579050155996067
1244027068683128834,negative,9.844865332606657e-06
1244027068729430017,negative,0.0011932448869651758
1244027068813209603,positive,0.7898565583048688
1244027068834340864,negative,0.0005066372705363237
1244027068981051392,neutral,0.3688120122074838
1244027069086019584,negative,0.0030983539119171528
1244027072596578307,neutral,0.5295681979471095
1244027072638484481,negative,0.016713895842492135
1244027072932126720,negative,0.05248327368579707
1244027076782329858,negative,0.00010682587112713369
1244027076878970881,negative,0.23401236104629689
1244027077172563968,negative,0.09960172937848655
1244027077197811712,negative,6.613135507251389e-11
1244027077248126976,negative,0.024969393852538862
1244027077294264320,neutral,0.557531550843803
1244027077377978371,negative,0.10564414114298507
1244027077382344705,negative,0.09524434901632478
1244027077516496896,negative,4.713201097264313e-07
1244027077529124864,negative,0.01911259389321049
1244027080603504641,positive,0.7435567249565435
1244027081186476032,negative,1.1872374106968372e-08
1244027081266212867,negative,0.00991245693035184
1244027081362636801,negative,0.22833303794131588
1244027081404469248,positive,0.9990504716285471
1244027081480122368,negative,0.02579050155996067
1244027081505353729,negative,0.05771397167816779
1244027081522065408,neutral,0.34581187806444724
1244027081606008832,negative,5.111637234489173e-09
1244027081618587649,positive,0.7300840865009319
1244027081639460865,negative,9.877327171689575e-05
1244027085271830529,negative,0.07630798945983004
1244027085309411329,negative,0.026982293956974643
1244027085317963776,negative,5.130908500159121e-05
1244027085317967872,negative,0.011110099500729484
1244027085464784896,negative,0.02429923091350844
1244027085468950529,neutral,0.3764796940120026
1244027085577838592,negative,0.0009405835588412403
1244027085615751168,negative,5.073474765627474e-06
1244027086056153088,negative,0.008409915059063976
1244027088941780992,negative,0.0036598465729369514
1244027089352830976,negative,0.05703621878857906
1244027089667395584,neutral,0.6274208401558684
1244027089709400064,negative,0.21040111025026118
1244027089759526913,negative,1.5475331681086866e-05
1244027089835167744,negative,0.0005134855557793695
1244027089994616832,negative,0.08471797663333487
1244027093295472643,neutral,0.4525100198723307
1244027093459099648,negative,0.1424829771831002
1244027093522026496,negative,1.6549578460055965e-05
1244027093572374528,neutral,0.5683787039220269
1244027093610106880,negative,3.580111605858909e-06
1244027093681426435,negative,0.1474512820339212
1244027093718953984,negative,0.07339647905927149
1244027093782073344,negative,2.0414551612788305e-07
1244027093840588801,negative,0.02579050155996067
1244027094004269056,positive,0.9260926284911503
1244027094109224960,negative,0.04249078125618548
1244027094117560321,negative,0.08471797663333487
1244027097561141248,negative,0.18574096002854779
1244027097607278595,negative,2.9141337047127998e-05
1244027097670172673,neutral,0.49789225920557484
1244027097775030272,negative,0.00033859051557089733
1244027097816993794,negative,4.622258486566205e-05
1244027097837903872,positive,0.7898565583048688
1244027097875611649,negative,1.5316605563790932e-05
1244027097888231424,negative,0.016248047811573473
1244027097909268482,negative,0.012712750503192932
1244027097984704512,positive,0.9996945443375411
1244027098005733378,neutral,0.5877684155628515
1244027098152525824,negative,0.003631429095454684
1244027098441953282,negative,6.518729143843466e-06
1244027101881282560,negative,0.0022707930825630863
1244027101914767362,negative,0.28051707561528083
1244027101935788032,negative,0.0036323560966486567
1244027101944176641,negative,3.942496414743053e-05
1244027101990150144,negative,0.06833564577081014
1244027101990260736,negative,0.000609410475848259
1244027101998653440,negative,0.22877636058796827
1244027102149689345,negative,0.029137594984088425
1244027102199869445,negative,0.044947089906579106
1244027102212640769,negative,0.09398308202945528
1244027102443208704,negative,4.622258486566205e-05
1244027102472671233,negative,0.0028955879352238643
1244027102527197184,negative,0.04943767567444571
1244027102548111360,negative,4.320468519062169e-06
1244027106008412160,positive,0.8657631395564376
1244027106037846016,negative,0.17900733735938903
1244027106113327104,negative,0.015263760025232003
1244027106142683139,negative,0.002261437390284136
1244027106151071744,neutral,0.43583771708756175
1244027106172035075,negative,0.0021234155019971526
1244027106184417281,negative,0.0005535854581259797
1244027106251726848,negative,0.00010682587112713369
1244027106297892864,negative,0.08495840943612593
1244027106411102211,negative,7.096773388169118e-05
1244027106436276224,negative,0.004790351062067848
1244027106440499200,negative,0.20352932039943816
1244027106457239552,negative,0.0007035035899756882
1244027106536968192,negative,0.004271961581556198
1244027106578911232,negative,0.0011107012019297693
1244027106583076864,negative,0.00020954430241795313
1244027106595606529,positive,0.986918881626361
1244027110177439745,negative,0.18584603163812374
1244027110286639104,negative,0.0021051013858041207
1244027110320193537,neutral,0.36425180129608786
1244027110404100096,neutral,0.43677537094492497
1244027110508957697,negative,0.02432497451592978
1244027110546714624,negative,0.31016289457106905
1244027110559232001,negative,0.3058674146702039
1244027110735450113,negative,6.138977634263252e-06
1244027110810845186,negative,0.15096147078945518
1244027110831857664,negative,0.05674589374210592
1244027110949179392,negative,0.07888518888259648
1244027114652938241,negative,0.0002769306370831312
1244027114724241408,negative,0.08471797663333487
1244027114745192448,neutral,0.46127768308170247
1244027114782941185,negative,0.3068110355421477
1244027114808016897,negative,0.0001567167413635737
1244027114854199296,negative,2.0255780290826217e-08
1244027115009380352,negative,0.00991245693035184
1244027115130900481,negative,0.09799420570623095
1244027115235946496,negative,0.017581697635175496
1244027118645805059,negative,0.23854454843672415
1244027118847176704,negative,0.0006527578733864813
1244027118897463296,negative,0.22208840898208915
1244027118994051072,negative,4.41841027944524e-05
1244027119035977729,negative,0.0007423350048256191
1244027119115612161,negative,0.0008662069245942248
1244027119212081152,negative,0.004029297183213767
1244027119228932098,negative,0.0021650805977782355
1244027119245627392,negative,5.6440715444635266e-05
1244027122991185922,neutral,0.49789225920557484
1244027123008000000,negative,0.08069223272341064
1244027123133710338,negative,0.028729462072255633
1244027123184132097,negative,0.06079152351191183
1244027123192541185,negative,9.846886136433854e-07
1244027123255234566,negative,0.0002254383433052796
1244027123360292864,negative,0.2888777950994322
1244027123586736128,negative,0.0005098142190741126
1244027127051190273,negative,0.00012801075541105369
1244027127164526592,negative,0.14504316638627815
1244027127189602304,negative,0.08318568313596268
1244027127206490113,negative,0.001556963500130121
1244027127378444289,negative,0.0017981650016121226
1244027127416139776,negative,5.6865507682842074e-05
1244027127500025857,negative,0.0005013616855073094
1244027131069423616,negative,0.055530075901469904
1244027131316719616,negative,0.009497004281057831
1244027131409072131,positive,0.8876370003556272
1244027131455209472,negative,0.16909892160324416
1244027131618877440,neutral,0.34581187806444724
1244027131685978112,negative,0.12863442407485728
1244027135817396226,negative,9.032348541217169e-08
1244027135863533569,negative,8.514853614183276e-09
1244027136001925124,negative,6.992844265951466e-11
1244027136123351040,positive,0.9990504716285471
1244027139395125250,negative,0.31732489718339985
1244027139797798912,negative,0.062078244041998354
1244027139999117312,negative,0.00032828831890721903
1244027140108095488,negative,9.078185718582633e-07
1244027140141502472,negative,1.5162302781723743e-08
1244027140171018240,positive,0.8767624715904464
1244027143711064064,negative,0.027504886043126606
1244027143849418752,negative,0.0004785635648786643
1244027144117731332,negative,8.156045091240111e-05
1244027144461787136,negative,0.0014806900657808753
1244027144570843137,negative,0.031234547306689335
1244027148207341568,negative,0.0036508076152551292
1244027148215767040,negative,0.0011697914856799566
1244027148576448515,negative,0.007883093412547356
1244027148614148098,negative,0.00020660898355470144
1244027148656132098,negative,7.553739288625853e-05
1244027152531689473,neutral,0.3354654506706633
1244027152611323904,negative,0.02875194293687431
1244027152858853378,negative,0.0001724548910215966
1244027156461760513,negative,0.019347926457790227
1244027156734201862,negative,0.0021870325720197877
1244027156965003265,negative,0.010138540974970068
1244027160693805056,negative,0.15092014662280862
1244027160794464257,neutral,0.3403391890910929
1244027161209638912,negative,0.02579050155996067
1244027161209712640,negative,0.0009464799608603199
1244027161293598722,neutral,0.3838651720914426
1244027161448611842,positive,0.9138948584809293
1244027164753829888,negative,4.888723707820516e-07
1244027164896440321,negative,0.005581251591427411
1244027164917403648,negative,0.003631429095454684
1244027165055823874,negative,2.1535078653675176e-05
1244027165068472320,negative,0.00025830408749513505
1244027165089374211,negative,6.523054653066415e-06
1244027165101998081,negative,0.00019008066237061641
1244027165114580993,positive,0.8767624715904464
1244027165127118848,neutral,0.574226414237256
1244027165139705856,negative,0.0007035035899756882
1244027165143941120,negative,5.6523842260897766e-05
1244027165349470208,negative,0.02579050155996067
1244027168793001984,positive,0.7627843246566761
1244027169115865089,negative,0.00010162881845705767
1244027169157918720,negative,0.0002776848356601289
1244027169195659264,negative,5.182511176805664e-08
1244027169241587717,negative,0.05378170471580021
1244027169384300544,negative,0.16886338685996227
1244027169434677250,negative,0.0003181680769884125
1244027169518600195,neutral,0.34766010044009243
1244027169606680579,negative,0.006962652029084006
1244027169774452738,positive,0.8157079822542955
1244027173184339970,negative,0.18574096002854779
1244027173310251009,negative,3.46781526961904e-08
1244027173339570179,negative,0.009335642064173408
1244027173406740480,negative,0.035447221616234995
1244027173410877440,negative,0.038233058079972626
1244027173440192512,negative,1.6366063480220543e-05
1244027173494816768,negative,0.021835126151217486
1244027173930926081,negative,1.7476508961073885e-05
1244027177580015616,negative,0.0030088402047095198
1244027177596792833,negative,0.004043594512216925
1244027177680732160,negative,0.0005849538368486528
1244027177919807490,negative,1.464137459180055e-05
1244027177924014080,negative,6.026748492380572e-07
1244027180990042112,negative,0.05562085909818174
1244027181547827201,positive,0.87674956928536
1244027181619183618,negative,0.015975725660895234
1244027181623209984,negative,2.0938228343450094e-05
1244027181862395906,neutral,0.4622903534400044
1244027181908537345,negative,0.3045062464873719
1244027181933756417,negative,0.01681361962600288
1244027181946322945,negative,0.005901131811158009
1244027181996662785,negative,0.3243251908969459
1244027181996683264,negative,0.00018364154980111714
1244027184869593093,negative,3.3698043129410492e-06
1244027185905709056,negative,0.002012193721967372
1244027185989595137,negative,0.14572164329537718
1244027186161438720,negative,0.0017083455579608884
1244027186283196416,negative,0.012713426409208247
1244027190121050112,neutral,0.49789225920557484
1244027190334894080,negative,0.0026282141203566823
1244027190431318018,negative,0.09390119811348793
1244027190519500801,neutral,0.39128378461495666
1244027190699864065,negative,0.00020660898355470144
1244027190737399808,negative,2.7192135571825965e-05
1244027194214617088,negative,6.763382314721561e-06
1244027194302701568,negative,0.038565867754964275
1244027194332139521,negative,0.22322625163822185
1244027194764152832,negative,0.00016615112911891778
1244027194818641920,negative,0.00016615112911891778
1244027198442475520,negative,0.018966196418778163
1244027198480306176,negative,1.5856313336799366e-05
1244027198627106816,negative,0.00020481236810112593
1244027198761316353,neutral,0.4160792375822016
1244027199012954112,negative,0.09881244436471052
1244027202682761228,negative,0.02579050155996067
1244027202808754177,positive,0.942988330400039
1244027202951241728,negative,0.277050093104013
1244027203249192961,negative,0.0006061921080529063
1244027207019835393,neutral,0.34581187806444724
1244027207263162368,negative,0.017271512525219065
1244027207271489537,negative,0.16456114296626626
1244027207384805379,negative,0.0045190238386638324
1244027207439339520,negative,0.14833703825962935
1244027207456038913,negative,0.01861826499111092
1244027207539994626,neutral,0.49789225920557484
1244027207586062337,negative,8.391299298043917e-05
1244027210979102720,negative,0.2723253895386942
1244027211025350657,negative,0.01148555994747389
1244027211117715456,negative,0.22034467059752194
1244027211180630016,negative,0.28286823007627543
1244027211205804032,negative,0.31008682612550553
1244027211285479425,negative,0.000731445917807802
1244027211360894978,negative,1.8242777695381061e-07
1244027211419660288,positive,0.6719297118130557
1244027211457400832,negative,0.004049124364370639
1244027211683901440,negative,0.08485003377066434
1244027211696529410,negative,0.024969393852538862
1244027214934532096,negative,0.21766622461380722
1244027215077138432,negative,0.03453695749343385
1244027215194529793,negative,0.009927424172933312
1244027215580364800,negative,6.518729143843466e-06
1244027215815282689,negative,0.02579050155996067
1244027219212673024,negative,2.1535078653675176e-05
1244027219300810752,positive,0.7898565583048688
1244027219460136961,negative,2.7325790520631913e-05
1244027219586015232,neutral,0.48728019602140255
1244027219728621569,negative,0.2099468254090332
1244027219732844544,negative,0.0003719689614766763
1244027219887915008,neutral,0.49789225920557484
1244027219917373440,negative,0.0020748300899665075
1244027219925745664,negative,0.00010923162088034862
1244027219959218176,negative,6.7928838549528925e-06
1244027220009639937,negative,0.28980790960133973
1244027220131274752,negative,0.008127758229701477
1244027220210966529,negative,0.0035661701249642265
1244027223100788736,negative,0.015480432040356434
1244027223792914433,negative,0.0013394247861101183
1244027223893516288,negative,0.01095661879080963
1244027224052940800,negative,0.0001733342711092806
1244027224061337600,negative,0.2099468254090332
1244027224078069762,positive,0.9042246331352656
1244027227538362368,positive,0.7746963596139614
1244027227697807360,negative,0.027269232594182596
1244027227718721536,negative,6.441176616405133e-05
1244027227764920320,negative,0.28980790960133973
1244027227970437122,positive,0.7469405270194408
1244027228033363968,negative,0.2033092163979522
1244027228050075648,negative,0.22657930074268226
1244027228117258240,negative,0.021680637255727178
1244027228276449282,negative,0.038233058079972626
1244027232223363073,negative,0.053932440253918766
1244027232475140097,negative,0.004630086706842317
1244027232571535360,neutral,0.34581187806444724
1244027235994083329,neutral,0.4461223447903537
1244027236132552704,negative,0.019777013565301496
1244027236187099136,neutral,0.4281941348036956
1244027236241588226,negative,0.03914535013560267
1244027236245819394,positive,0.7898565583048688
1244027236291956738,negative,1.8422301478510033e-06
1244027236572749824,neutral,0.390828263951581
1244027236627427328,negative,0.08421596274154892
1244027236778475520,negative,0.001713233799890013
1244027240276545536,negative,0.005322462429132111
1244027240305676289,negative,0.000509647277380078
1244027240335265793,negative,0.0006155135634370606
1244027240410763266,positive,0.9645303462887834
1244027240519733249,negative,0.058077468343972996
1244027240578506752,negative,0.0037876239230095537
1244027240800833537,positive,0.8767624715904464
1244027240821686274,negative,0.3249154284067048
1244027240884711424,negative,0.18865361099026448
1244027241081663489,negative,0.02579050155996067
1244027244558856194,neutral,0.37231951514265965
1244027244571435009,negative,0.00012001363643737295
1244027244600754176,negative,0.025712744482635084
1244027244663767040,neutral,0.5661682852242895
1244027244751867904,negative,0.18694488141919033
1244027244806311937,neutral,0.5472699701175814
1244027244852502528,negative,0.26937806627872074
1244027244894437377,neutral,0.37923124365846633
1244027244944797697,negative,0.006970713355286673
1244027244969943041,neutral,0.41585981585196535
1244027245007720448,negative,0.0858510844856209
1244027245049647104,negative,0.009132568056278507
1244027245276037120,negative,9.072831199662839e-05
1244027248677654528,negative,0.0011570838906555423
1244027248753115137,negative,0.03455815725680064
1244027248983683075,neutral,0.36554059005524486
1244027249097138176,negative,0.00046197037275694664
1244027249160081410,negative,2.283600786136678e-05
1244027252876214275,neutral,0.49789225920557484
1244027252993658880,neutral,0.49789225920557484
1244027253048201216,negative,0.13559648630100257
1244027253077442560,negative,2.4692455465375466e-09
1244027253140279296,neutral,0.3682277807233085
1244027253182193664,negative,3.238709249091922e-05
1244027253224173576,neutral,0.46127768308170247
1244027253270269953,negative,0.009392553501215296
1244027253312405506,negative,0.24011882707805265
1244027253475946496,negative,1.9430107704356296e-06
1244027256932044800,negative,1.6075240457979842e-06
1244027257053741056,negative,0.0002769306370831312
1244027257162731521,neutral,0.5915902312604511
1244027257229901825,negative,0.008152996895492396
1244027257334661121,neutral,0.49789225920557484
1244027261306667008,negative,0.0033321918298997062
1244027261440987138,negative,0.16386037993950078
1244027261529063424,negative,0.16747087051292603
1244027261608697856,negative,0.28629620271192024
1244027261654896640,positive,0.7716453847898219
1244027261684154371,negative,0.014078983221164462
1244027261793325057,negative,4.105411476139788e-06
1244027261818290183,negative,0.0006061921080529063
1244027261852024833,negative,0.0001886112206461086
1244027261881384960,negative,0.028016769680130314
1244027262057447426,negative,0.02579050155996067
1244027265488433155,negative,9.078185718582633e-07
1244027265631035392,negative,0.00046197037275694664
1244027265949761537,negative,0.0005965018145776293
1244027265975025664,negative,0.0034492863983522125
1244027269724680193,neutral,0.390828263951581
1244027269791842308,neutral,0.4833707294046759
1244027269900795904,negative,0.00029403931408467944
1244027269955440640,neutral,0.5557057943516603
1244027270035013636,negative,0.007883093412547356
1244027270076993537,negative,0.0026654656184963745
1244027270131564544,negative,0.328756219038964
1244027270135775232,neutral,0.38903770078216127
1244027270144110592,negative,0.005260775403274126
1244027270445977600,negative,0.06519057287216339
1244027273382113283,negative,1.0436856853025486e-05
1244027273893883905,negative,0.03160954588924478
1244027273919037440,positive,0.6812432629863685
1244027273944150016,negative,0.0012846368280011226
1244027274216837120,negative,0.15760380931720563
1244027274300731393,negative,9.032348541217169e-08
1244027274384506880,neutral,0.3757537482373159
1244027274434949120,negative,2.9573589937945584e-05
1244027274510381056,negative,0.02579050155996067
1244027277731598337,negative,4.3562719871697e-05
1244027278021058561,negative,0.17478166796658798
1244027278117539842,negative,0.0006803378180852349
1244027278234914819,negative,0.00039039292209761835
1244027278268477440,negative,0.014559859026652643
1244027278272708608,negative,1.464137459180055e-05
1244027278301986817,negative,0.0009047558627526842
1244027278478147585,neutral,0.43127718906904855
1244027278536949761,negative,0.007487858745828045
1244027282370551808,negative,4.7349519122696954e-05
1244027282387349504,negative,2.6407629305036904e-05
1244027282391523328,negative,0.13038828687484083
1244027282550935552,negative,0.0005134855557793695
1244027282601250817,negative,0.18080256962877272
1244027282617962497,neutral,0.6477875395416899
1244027282806771713,negative,0.020252162110012566
1244027282827730944,negative,0.004072021808722841
1244027286564806656,neutral,0.5712846859328367
1244027286665527299,neutral,0.40411574868691097
1244027286728388608,neutral,0.4889044353725198
1244027286774562817,negative,0.24239273627538033
1244027286795489283,negative,0.31008682612550553
1244027287064006656,positive,0.7751884755596624
1244027287227568128,negative,0.0002383922731559326
1244027290641739776,negative,0.005186732020307045
1244027290738032650,negative,0.010875229255583681
1244027290788540416,negative,0.10504373115207717
1244027290876600322,negative,0.08149262028376189
1244027290914258946,negative,0.0006061921080529063
1244027290960433152,positive,0.6792117942871357
1244027290989645826,negative,0.007110686494100753
1244027291082133507,negative,0.0004862693769989096
1244027291233124353,negative,0.10153341709978009
1244027294903078914,negative,0.12324200434447052
1244027295322513410,negative,0.02579050155996067
1244027295351943168,negative,1.2569536312746687e-06
1244027295498715137,neutral,0.3448789537043245
1244027295519641601,neutral,0.49789225920557484
1244027299298717696,neutral,0.437369725752128
1244027299395244036,negative,0.0004850507008125898
1244027299433000960,negative,0.014116091944495642
1244027299470729217,negative,1.3399576728798477e-06
1244027299592384513,negative,0.062078244041998354
1244027299621670912,negative,0.009113297068634358
1244027299684593666,neutral,0.36425180129608786
1244027299684646913,negative,0.01148555994747389
1244027303258095616,negative,0.07252154389127297
1244027303308546048,negative,0.05976152051555737
1244027303333527552,negative,0.24219805202818914
1244027303530844160,negative,4.543390190372989e-06
1244027303535038464,negative,9.078185718582633e-07
1244027303606259712,negative,2.3518861621585177e-07
1244027303719559168,negative,0.00020646906817009205
1244027303786659840,negative,0.1333972349128142
1244027303820029952,negative,0.00022433637609820868
1244027303979405312,negative,0.008920243947575773
1244027307163074561,negative,3.83776586599635e-05
1244027307368615937,negative,0.0007449103242660983
1244027307423141888,negative,0.003020092165633883
1244027307469279232,negative,0.0004933731453114392
1244027307515314176,positive,0.9383505497456929
1244027307825729536,negative,1.464137459180055e-05
1244027307960008704,negative,0.25592084731881803
1244027307997749248,negative,0.017913972874158992
1244027308031250433,negative,0.03614023543299644
1244027311634239488,negative,0.03888648177076099
1244027311642554368,negative,1.1129013482477075e-05
1244027311655092224,negative,0.037375695215738546
1244027311709736962,negative,0.08069223272341064
1244027311948804096,negative,0.11758047333119025
1244027312049393664,negative,0.10462817178963833
1244027312116465664,negative,0.0006328149841441231
1244027312183664642,negative,0.0015217213735590257
1244027312401776640,negative,0.006448731024699824
1244027316021399552,neutral,0.49789225920557484
1244027316080082944,negative,0.006487178682737303
1244027316096978944,negative,0.00020895924803584755
1244027316159893506,positive,0.8767624715904464
1244027316386369538,neutral,0.4325066078480244
1244027320014450689,negative,0.0007165252805427558
1244027320085753857,negative,0.0006061921080529063
1244027320136056834,negative,0.11453975991134602
1244027320270233602,negative,0.0009120811693374543
1244027320303849476,positive,0.979333915713673
1244027320479838208,negative,4.745531322320067e-06
1244027320580612096,negative,1.0519964102401984e-06
1244027320609972224,negative,0.03626113348674685
1244027320727416833,negative,7.614472124157863e-06
1244027324254679046,negative,0.031855345839564744
1244027324456198145,negative,0.00020660898355470144
1244027324502282243,neutral,0.390828263951581
1244027324619796480,negative,4.011444863103895e-06
1244027324842024960,negative,0.21766622461380722
1244027324963717121,negative,0.021807859841985876
1244027328394440704,negative,0.0003635582150633262
1244027328402989057,negative,0.00042773448903934914
1244027328432427010,neutral,0.5266607897375037
1244027328449204224,negative,0.3101533540539855
1244027328583176193,negative,0.06156468505931293
1244027328822296577,negative,0.002445249463901558
1244027328931520512,negative,0.05771397167816779
1244027328939937793,negative,0.21921412548362115
1244027329007017984,neutral,0.3838651720914426
1244027329011163136,negative,0.009601276954877723
1244027329053175811,negative,0.0002688207969006678
1244027332551204864,negative,0.001016271948743973
1244027332576399360,negative,0.003757506139197094
1244027332979023874,negative,0.004790351062067848
1244027333134225408,negative,0.0009891657915516597
1244027333201334272,negative,0.1774719880844712
1244027336678309888,neutral,0.34581187806444724
1244027337009762304,negative,9.661313649974587e-06
1244027337026539522,neutral,0.48728019602140255
1244027337034870785,negative,0.003631429095454684
1244027337156497410,negative,2.991484657003936e-07
1244027337160736769,negative,0.00022657839787496972
1244027337198493696,negative,0.017860482906729043
1244027341166333952,negative,9.844865332606657e-06
1244027341170491393,negative,0.029955430425987965
1244027341325717505,negative,0.014773630129361363
1244027341334032386,neutral,0.34581187806444724
1244027341409603584,negative,0.00022099419936892989
1244027341539426304,negative,0.07888518888259648
1244027341594132480,positive,0.8767624715904464
1244027341715709953,negative,0.027694531422113155
1244027345377378304,negative,0.28100447792976174
1244027345624870916,negative,0.009712638778849592
1244027345712939008,negative,0.00030797308030094657
1244027345830281217,negative,2.28716761616367e-05
1244027345897287681,negative,0.01861826499111092
1244027349449965568,negative,0.0011571872829325752
1244027349542240256,negative,0.011944657728598547
1244027349659791360,negative,0.21700973800492393
1244027349915635714,negative,0.00019177732931340518
1244027349982724096,negative,0.12829374044036768
1244027350020427776,negative,3.9772641084120805e-05
1244027353497579520,negative,0.04249078125618548
1244027353581355008,negative,0.006891679323850784
1244027353631768577,negative,0.0046011597432521305
1244027353652768769,negative,0.0028078249180727966
1244027353669435392,negative,0.15673133895328037
1244027353740828672,neutral,0.49789225920557484
1244027353841442819,negative,0.02823017814227702
1244027353845694464,neutral,0.3650158396528556
1244027357792555009,negative,3.720279725959391e-06
1244027358081888256,positive,0.9810167585539097
1244027358102855681,negative,0.015257601763806498
1244027358371291138,positive,0.7898565583048688
1244027358425821186,positive,0.6782103240074212
1244027361890390017,negative,0.08485003377066434
1244027362049585157,negative,0.005200487030467441
1244027362116866049,negative,0.002682429371684567
1244027362142048256,negative,0.006783370561834965
1244027362192359424,positive,0.8808094069168896
1244027362221711360,negative,0.2897680907619539
1244027362339180544,negative,0.00020660898355470144
1244027366298603520,negative,3.220920543872018e-08
1244027366407581696,neutral,0.49789225920557484
1244027366504103938,negative,9.078185718582633e-07
1244027366562770948,positive,0.8767624715904464
1244027366583738370,negative,0.03427393405978716
1244027366646714369,negative,0.023453351307945992
1244027366667583490,negative,0.050396560567402264
1244027366688636928,negative,0.00019325855330983008
1244027366759776257,negative,0.028657771790181773
1244027370144780289,negative,0.011792306789455195
1244027370165673986,neutral,0.49789225920557484
1244027370392223744,negative,0.057124255215899325
1244027370635395072,negative,1.8700781363741435e-06
1244027370673254400,negative,7.260846315855317e-05
1244027370685829120,negative,0.004939901936103823
1244027370719178753,negative,0.0001724548910215966
1244027370971049985,negative,0.26670486438251473
1244027371075878914,negative,6.416580814399413e-06
1244027371092611072,positive,0.9792615279688536
1244027371096809472,negative,2.628125451982244e-05
1244027374284529664,negative,3.991837049500328e-06
1244027374414581760,negative,0.0790955337398116
1244027374641053696,negative,0.16101130886706644
1244027374653640705,negative,0.018771412810109096
1244027374800375809,negative,0.012441215922811747
1244027374909390849,negative,0.00020318958180476422
1244027374997581826,negative,0.07426304109102631
1244027375005904897,negative,8.152668602693288e-06
1244027375106621442,negative,0.00336502577227124
1244027378831106051,negative,0.15657114275496262
1244027378839556099,negative,0.017780162440206707
1244027378860462080,negative,0.01017102488415675
1244027379019911169,negative,6.464865016260977e-06
1244027379103694850,positive,0.9645303462887834
1244027379141484545,positive,0.9292798342134713
1244027379174891527,negative,0.003608508008212976
1244027379221225472,negative,0.016248047811573473
1244027382815653888,negative,0.000804982852372276
1244027382861828096,negative,0.00037398942273412014
1244027382962454529,negative,0.0024233421991421856
1244027382991933440,negative,0.006101456415927091
1244027383168073731,positive,0.7631229938974741
1244027383314878465,positive,0.8723608038160925
1244027383331663873,negative,0.08145285494586353
1244027383339978753,negative,0.003605470473538194
1244027383356637191,negative,4.949243442863289e-05
1244027383465771010,negative,0.001487437731614408
1244027383541350400,negative,0.0575450218026726
1244027387160989698,negative,0.0012635899871934794
1244027387181924352,negative,0.0017981650016121226
1244027387383291904,negative,0.000804982852372276
1244027387492343808,negative,0.00010682587112713369
1244027387492347904,positive,0.6863945094998067
1244027387949572097,negative,0.006891679323850784
1244027387983147008,negative,0.00020949297219303995
1244027391128866818,negative,2.1535078653675176e-05
1244027391632191488,neutral,0.4120070931583777
1244027391929921540,negative,1.72540880696171e-08
1244027391967666178,negative,0.003631429095454684
1244027392013803520,negative,4.105411476139788e-06
1244027395583234048,neutral,0.4002756258624222
1244027395721625600,neutral,0.4490800257217512
1244027395860037632,negative,0.02579050155996067
1244027396027822083,negative,0.037677699080976464
1244027396140957698,neutral,0.4188502705658977
1244027396354912256,negative,1.3135033243354052e-08
1244027399697809408,negative,0.0004629009043718538
1244027399718744064,negative,0.058519298169618886
1244027399790084096,neutral,0.5620842643404761
1244027399899136000,negative,0.05762638172384402
1244027400079499265,negative,4.105411476139788e-06
1244027400096186368,negative,0.0002602682100878685
1244027400217821185,negative,0.007038517184602592
1244027400251265030,negative,0.07319605499879242
1244027400259801089,negative,0.02617496394117456
1244027400503132160,negative,0.00016615112911891778
1244027403804033024,negative,0.0006061921080529063
1244027403871096833,neutral,0.49789225920557484
1244027404127002624,negative,7.118732997954451e-05
1244027404441530368,neutral,0.46127768308170247
1244027404470964224,neutral,0.4421068522483257
1244027404546441216,negative,0.1406978811554509
1244027404554842113,positive,0.9946467647334434
1244027407977373696,negative,0.2682100439096169
1244027408031899649,negative,3.317666553134918e-05
1244027408224866304,negative,0.1264023963825559
1244027412016500738,negative,9.192938173948033e-06
1244027412368809984,negative,4.8926702586864676e-05
1244027412402147329,negative,0.12115282727552625
1244027412502827008,negative,0.000409745013038248
1244027412712697858,negative,0.005641057582515902
1244027412716937217,neutral,0.610725249282255
1244027412859555840,negative,0.01577092977700161
1244027416697331713,negative,0.048530817033947106
1244027416714117121,negative,5.422889446390483e-06
1244027416932204544,negative,0.01221125699743083
1244027417188077568,negative,0.009209429554740382
1244027417213239298,positive,0.7898565583048688
1244027417246736385,negative,0.014513029960521917
1244027420715483136,negative,0.08783194342588421
1244027420774207488,negative,0.02970821146036543
1244027420971327488,negative,8.246293040988387e-05
1244027421424332800,negative,2.192540156261991e-07
1244027421692657667,negative,0.014803474008022805
1244027424737820672,negative,0.007704010730018188
1244027424880410624,neutral,0.4748675020945169
1244027425102737408,negative,0.0034603517542738894
1244027425119326208,negative,0.09471701215273506
1244027425232732160,neutral,0.49789225920557484
1244027425274486784,negative,0.00032828831890721903
1244027429062049793,negative,0.21766622461380722
1244027429066346496,positive,0.9990204230465713
1244027429162758144,negative,0.01681361962600288
1244027429200502784,negative,0.00046197037275694664
1244027429250834433,negative,1.3243200308342385e-06
1244027429439627266,neutral,0.6581180406017583
1244027429447925761,negative,0.11203111904201182
1244027429498376193,negative,0.09398110434220353
1244027433453584386,negative,0.0012213947230142685
1244027433558462465,negative,7.193654936936369e-07
1244027433562628097,negative,0.010893239091844512
1244027433625370626,negative,0.11749245118821923
1244027433864626176,negative,1.0898545902255527e-05
1244027434154016768,negative,0.016847520923276123
1244027434191773699,positive,0.8767624715904464
1244027437240979456,negative,0.0069159940313973
1244027437467525122,positive,0.7898565583048688
1244027437517811712,negative,0.03562753466045372
1244027437807210498,negative,0.10053108360774565
1244027437819797506,negative,0.09197902447033889
1244027437857595392,neutral,0.34581187806444724
1244027437899530241,negative,0.26942968309050136
1244027437916307456,neutral,0.4440699703697863
1244027437920419842,negative,0.02818811030746097
1244027437975035907,neutral,0.34581187806444724
1244027438071496705,positive,0.8286882375739119
1244027438172160001,negative,0.01809857907717686
1244027441712168960,negative,6.657211192486189e-05
1244027441766637568,positive,0.8767624715904464
1244027441829609474,neutral,0.390828263951581
1244027441909321728,negative,0.014949584699541177
1244027441947033602,negative,4.622258486566205e-05
1244027441951236096,negative,0.007361948949546009
1244027441993089027,negative,4.2565640355323265e-06
1244027442135805952,neutral,0.46127768308170247
1244027445918998528,negative,0.27842183043605795
1244027446023917568,negative,0.11096085506333758
1244027446065795072,negative,0.11129643783836221
1244027446116171776,neutral,0.396352349529719
1244027446208466944,negative,0.2629172619785086
1244027450004254724,negative,0.003631429095454684
1244027450109165568,neutral,0.47355917002305203
1244027450251595777,negative,1.5848239213335562e-06
1244027450260144128,negative,0.009145528834466052
1244027450289422338,negative,0.022544996923132946
1244027450297909248,negative,3.9818308158884793e-05
1244027450327281666,negative,0.005641057582515902
1244027450436321280,positive,0.9542043903517397
1244027454131486720,negative,3.3698043129410492e-06
1244027454232068096,negative,0.07738059547332773
1244027454257270785,negative,5.729199547651031e-06
1244027454408310784,negative,0.00013015884372838085
1244027454492155904,negative,0.09471701215273506
1244027454492233728,negative,2.0955924732843485e-07
1244027454596972545,negative,0.05146268207670826
1244027454710263808,negative,0.00976525482559458
1244027454806687744,neutral,0.3703269310672401
1244027458439065600,negative,0.03253847839606791
1244027458547896327,negative,6.903715440097245e-06
1244027458661343235,negative,0.022246821385228346
1244027458707316741,negative,0.021451602629445534
1244027458862678017,negative,0.0007035035899756882
1244027458946502657,negative,0.31732489718339985
1244027459160457216,neutral,0.4317518590471594
1244027462570389504,negative,3.346558553145673e-06
1244027462641758210,negative,3.779769903808633e-05
1244027462671048704,negative,0.050825303777099325
1244027462851407873,negative,4.622258486566205e-05
1244027462994014211,negative,0.3299212276413719
1244027463069466624,negative,0.057156274612390784
1244027463119900672,negative,0.0009405835588412403
1244027463258329088,negative,0.06920902524071099
1244027466592792579,negative,0.11287989463655368
1244027466739519490,neutral,0.42349188652298064
1244027467213541377,negative,4.543390190372989e-06
1244027467305750529,negative,0.0003993015829523602
1244027467347656705,negative,0.05080595096907198
1244027467372822528,negative,0.21766622461380722
1244027467456798721,negative,0.00152249498150245
1244027467540631552,negative,0.02617496394117456
1244027470820651009,positive,0.74820693857584
1244027471109865473,negative,0.00020660898355470144
1244027471307161602,negative,4.484421988912681e-08
1244027471328149504,negative,0.011533810917748074
1244027471462379521,negative,0.013787599767939389
1244027471596486656,negative,0.0013108106033717392
1244027475245568002,negative,0.0012039928300389931
1244027475316871168,negative,0.0012559000962911525
1244027475363008512,negative,0.006891679323850784
1244027475434377216,negative,0.0028334362697338055
1244027475455356929,negative,0.011742331069579264
1244027475556028418,negative,0.004149099536362812
1244027475690217472,negative,0.09096967114895939
1244027475866378240,negative,1.464137459180055e-05
1244027479385354241,negative,0.0001570762370165333
1244027479393697792,negative,0.0015472614537894432
1244027479490207745,negative,0.022915440824607086
1244027479767027713,negative,0.00019647336459023657
1244027479800582144,negative,0.011773922630599913
1244027483609055233,negative,0.16000299546593136
1244027484036837376,negative,0.007338083750353769
1244027484070383616,positive,0.7859114011779188
1244027484137455616,negative,0.052710602855816635
1244027484242354176,negative,0.02579050155996067
1244027484418510848,negative,0.0783308163489597
1244027487765630982,negative,0.05471482163519855
1244027487769841664,negative,0.019833177955263872
1244027487836872704,negative,0.0037747222636939255
1244027487849414659,negative,1.6719519095053524e-08
1244027487878885377,negative,0.0009156766195469315
1244027487887204355,positive,0.9588221754175866
1244027488029872128,negative,1.464137459180055e-05
1244027488050741248,negative,3.1248774143808675e-06
1244027488264761344,negative,1.595295161986963e-05
1244027488336044033,negative,0.03372908887180971
1244027488411561986,negative,0.13370553711890965
1244027491959914497,neutral,0.34581187806444724
1244027492106731521,negative,0.005641057582515902
1244027492115062786,negative,0.04670291285068178
1244027492119306240,negative,0.000857515142139501
1244027492236656641,negative,0.12077454891168538
1244027492312084482,negative,0.02617496394117456
1244027492312264706,neutral,0.4578760220057262
1244027492492546051,negative,0.00016151634738105654
1244027492555313152,negative,0.014174163156158048
1244027492559618049,positive,0.8767624715904464
1244027492593274881,negative,0.0001740357534866108
1244027492610031616,negative,0.05816167727367922
1244027492693716992,negative,9.844865332606657e-06
1244027496087126016,negative,3.150270526269347e-06
1244027496154255361,negative,0.034515004081020983
1244027496246456320,positive,0.7469405270194408
1244027496540049411,negative,5.515714343084631e-05
1244027496619704320,negative,0.0009543911931144028
1244027496649166850,negative,0.06736803363191436
1244027496766595072,neutral,0.34581187806444724
1244027496921735168,negative,0.31008682612550553
1244027500310790144,negative,0.03281108782046729
1244027500377890816,negative,0.027551483346130435
1244027500419788801,negative,1.5162302781723743e-08
1244027500600135681,negative,1.6719519095053524e-08
1244027500621070336,negative,6.471059823473545e-07
1244027500759412736,negative,0.026420347332958578
1244027500847665152,negative,9.673396078769155e-05
1244027501028028416,positive,0.8348424209383889
1244027504576417792,negative,0.005186732020307045
1244027504593076224,neutral,0.4696601857385999
1244027504815456256,negative,0.004643938231216682
1244027504844824578,negative,0.000731445917807802
1244027505033588736,negative,0.29150453131543796
1244027505117409280,negative,0.03752673815873555
1244027505196937217,negative,1.464137459180055e-05
1244027505373253632,negative,9.912274851496611e-06
1244027508644814848,negative,1.003040789975718e-09
1244027508833628160,negative,0.00020660898355470144
1244027508950994944,negative,0.023881648059116085
1244027509173354496,negative,0.02579050155996067
1244027509185880065,negative,0.12863442407485728
1244027509236273152,positive,0.8355041267231138
1244027509349515267,negative,0.04264619296110312
1244027512814030850,negative,0.2629172619785086
1244027512939778048,negative,0.005266738003880052
1244027513317339137,negative,0.03453997059558348
1244027516630847489,negative,0.007766811363363102
1244027517062778880,negative,0.10692136180516502
1244027517188661248,negative,0.00020393453673751561
1244027517369044992,negative,0.016248047811573473
1244027517587111936,negative,0.0011932448869651758
1244027517691998208,negative,0.0004132061744438809
1244027517717172224,negative,0.005186732020307045
1244027517725532160,negative,0.023065663048780594
1244027521298919424,neutral,0.34581187806444724
1244027521315885056,negative,0.007135641260153876
1244027521374605313,negative,0.030089519535474542
1244027521613561857,neutral,0.5148448242947887
1244027521651347456,negative,0.0015472614537894432
1244027521663995904,negative,9.22172997487182e-06
1244027521693253633,positive,0.9405249552516967
1244027521936568320,negative,0.15711601688561974
1244027522012065794,negative,0.04447292594714631
1244027525547753474,negative,0.21766622461380722
1244027525556305920,negative,0.0987832254173459
1244027525573066753,negative,4.713201097264313e-07
1244027525681917952,negative,4.772690363749976e-06
1244027525736599556,negative,2.1028160157905986e-05
1244027525833150464,negative,1.7894987105945536e-06
1244027525862510592,negative,1.3661935697466128e-06
1244027525908619264,negative,0.2924706239569872
1244027525921001474,negative,0.0001740357534866108
1244027526147694592,negative,0.00015671706672071693
1244027529645694976,negative,0.0008293607856433127
1244027529851285504,neutral,0.33125379692725065
1244027529922514944,negative,5.859400125311758e-06
1244027529939292160,positive,0.9520069460034777
1244027529951956992,negative,0.07612045301056566
1244027530014646272,negative,0.0023873609328860473
1244027530153254913,negative,5.755086939168389e-07
1244027530262261760,negative,0.011742331069579264
1244027530295889920,negative,8.450302808945497e-05
1244027530346102785,negative,0.08851604525338098
1244027530392330243,negative,8.224620821721131e-05
1244027530434301952,positive,0.775497833911348
1244027530467856384,negative,0.011186603691380036
1244027533986803712,negative,0.037822322158600125
1244027534070681600,positive,0.8767624715904464
1244027534137856000,neutral,0.390828263951581
1244027534163001344,negative,0.003371926073019705
1244027534192197638,negative,8.080352025878595e-07
1244027534209159169,negative,0.0009405835588412403
1244027534397845504,negative,0.07579706910682077
1244027534397882372,negative,3.9727542430633194e-05
1244027534527942656,negative,0.00029424876437456635
1244027538168520707,negative,0.0001663619998659219
1244027538252402689,neutral,0.49789225920557484
1244027538277531651,negative,0.0008686847743642857
1244027538311020544,negative,0.038233058079972626
1244027538428637184,negative,0.11618257303463256
1244027538520903680,negative,1.3879829470171135e-05
1244027538541694982,negative,1.1254086985163161e-05
1244027538625703936,negative,4.558505470643736e-05
1244027538629963776,negative,0.003631429095454684
1244027538688614401,neutral,0.3745723480616878
1244027541616316417,negative,6.383904551939648e-05
1244027542455160835,positive,0.8767624715904464
1244027542467739651,negative,0.01681361962600288
1244027542811611138,neutral,0.5861765239986066
1244027543084294145,negative,0.012469674418087032
1244027546460721154,negative,0.03453695749343385
1244027546548744192,neutral,0.3539452765876306
1244027546594918402,negative,1.65599749458431e-05
1244027546645204995,negative,0.037822322158600125
1244027546770997252,negative,0.06701648066568519
1244027546829819904,negative,0.31030036529807636
1244027546913685504,negative,0.05838953449698414
1244027550856331264,negative,0.02951094495566732
1244027550898229248,neutral,0.4188502705658977
1244027550969585665,negative,0.017803768860484404
1244027551078629377,negative,0.003239683157905768
1244027551204474880,neutral,0.40599161678760587
1244027551451922432,negative,0.00016194534274582316
1244027551544049669,negative,1.8242777695381061e-07
1244027554870198272,neutral,0.49789225920557484
1244027554954166273,negative,0.0037469073180578707
1244027555247783936,negative,0.002143509141176189
1244027555285553155,negative,0.0030000867467045093
1244027555381825541,negative,8.27777757917424e-08
1244027555382005760,negative,0.030230518929547128
1244027555419754496,negative,0.26670486438251473
1244027559056150528,negative,0.005060578605789601
1244027559135924225,neutral,0.5632856297045182
1244027559299383296,negative,0.000879009220403938
1244027559488237568,negative,1.8242777695381061e-07
1244027559710527488,neutral,0.5683787039220269
1244027559844683776,negative,0.029917500460201044
1244027563229528068,negative,0.007092740778771518
1244027563455983620,negative,0.07579706910682077
1244027563472715777,negative,0.20589512401774787
1244027563510509569,negative,0.19143076770664186
1244027563556683776,positive,0.9011665658174682
1244027563581767680,neutral,0.36425180129608786
1244027563615363072,negative,0.006044578013271609
1244027567797084160,neutral,0.6354292757228592
1244027567897743360,negative,0.26942968309050136
1244027568090689537,negative,0.03879589023999955
1244027568149454849,negative,0.01148555994747389
1244027568308793344,negative,0.038048650811103424
1244027571773333508,negative,0.05301894624573813
1244027571907559424,positive,0.8767624715904464
1244027572062691329,negative,0.15660775013673484
1244027572087906305,positive,0.8767624715904464
1244027572104691713,negative,0.044947089906579106
1244027572196909057,positive,0.9690564328473636
1244027572242898944,negative,0.006472340892535229
1244027575778885636,negative,0.29797611903559484
1244027575904669698,negative,0.05201499489492734
1244027576319950851,negative,0.21766622461380722
1244027576433233920,negative,0.010494943394097494
1244027576483487744,negative,0.001153271802049853
1244027580233199619,negative,1.6719519095053524e-08
1244027580497494016,neutral,0.34856227754931834
1244027580753293312,negative,0.06022548899216122
1244027580870729729,negative,0.053461640233258265
1244027584171606016,neutral,0.390828263951581
1244027584255574017,neutral,0.3599607905714538
1244027584343662593,negative,0.02404648761220953
1244027584394002432,negative,1.4552224705790728e-06
1244027584435949568,negative,0.00020660898355470144
1244027584603717632,neutral,0.46896414786210705
1244027588038852608,negative,5.936143260258637e-05
1244027588441444354,negative,0.02470520634847199
1244027588613414912,neutral,0.5725981286677204
1244027589104144385,negative,0.0009405835588412403
1244027589213204480,negative,0.002749260162305774
1244027589297156097,negative,0.00422072772139602
1244027589473251330,negative,1.3935530695758096e-06
1244027592795185155,negative,0.01085411738430522
1244027592862244864,negative,0.01389783977261145
1244027592891674625,negative,1.870402110449988e-08
1244027592921026560,neutral,0.33467362878218004
1244027592946200576,negative,0.01148555994747389
1244027593021669379,negative,5.211793890018644e-08
1244027593038462977,negative,0.01148555994747389
1244027593097084928,negative,0.00039039292209761835
1244027593222959106,positive,0.8276182055845942
1244027593231413248,negative,0.17309034206570623
1244027596754415616,negative,0.0014539126888631242
1244027596834246658,positive,0.996697395714266
1244027596880445440,negative,0.3101533540539855
1244027596943364097,neutral,0.39606955421629636
1244027596981051393,negative,0.17347870191393963
1244027597035646980,negative,0.01937759421523285
1244027597090172929,neutral,0.38148092751750934
1244027597195001856,negative,2.905991527771609e-05
1244027597199159297,negative,0.22220324005576558
1244027597316591617,negative,0.016556398865611485
1244027597345959938,negative,0.2961355842093251
1244027597366984704,negative,0.14005235467317098
1244027601460563968,positive,0.9974391368534572
1244027601473155072,negative,2.7788144430652478e-06
1244027601666048002,negative,0.0030000867467045093
1244027601682923523,negative,1.6719519095053524e-08
1244027605235482624,negative,0.24334056969175608
1244027605646479360,negative,0.2820386637943614
1244027605738799105,negative,0.007883093412547356
1244027605772308481,negative,0.0025576277287812175
1244027609534599168,negative,0.016248047811573473
1244027609824067587,negative,0.008851515220149278
1244027610000228354,negative,0.14259557731216022
1244027610054754304,negative,0.09471701215273506
1244027610063134722,negative,0.052710602855816635
1244027610176380929,negative,8.885406492868328e-05
1244027610272858113,neutral,0.5816974608348381
1244027612814589952,negative,0.00029403931408467944
1244027613435301891,negative,4.15809302167844e-10
1244027613540122624,negative,6.345535263134479e-05
1244027613678632960,negative,0.02579050155996067
1244027613703802880,positive,0.9912526356863997
1244027613779300354,positive,0.7469405270194408
1244027613871554560,negative,0.0036482646143696507
1244027613875777536,negative,9.030528177742448e-07
1244027613896757248,negative,0.042361641888072746
1244027613900943360,neutral,0.3543868866873423
1244027613963866112,negative,0.0001909679186393763
1244027614089678849,positive,0.7898565583048688
1244027617797443585,negative,5.111637234489173e-09
1244027617835188224,neutral,0.46511884455441777
1244027618267140096,negative,0.0020747316256757935
1244027618418216961,negative,0.004149099536362812
1244027618439159808,negative,0.3285517428812296
1244027618527084544,negative,3.239193487510551e-05
1244027621970673665,negative,0.0766273344207652
1244027621970763777,negative,0.07124171016238455
1244027622113316864,negative,0.0257610031164154
1244027622130057217,negative,0.21766622461380722
1244027622293745664,negative,0.03782248172372877
1244027622520164354,negative,1.6040147480517778e-06
1244027622582935552,negative,0.014174163156158048
1244027622591475712,negative,2.9655522335661333e-05
1244027626324451328,neutral,0.4188502705658977
1244027626391515137,negative,0.027742073829809862
1244027626441846784,neutral,0.42631483270745657
1244027626471198721,neutral,0.37782262899334224
1244027626555158528,neutral,0.3311703258312896
1244027626769076224,negative,0.0350713010302581
1244027626794123264,positive,0.8286882375739119
1244027626827722753,neutral,0.46127768308170247
1244027626907451392,negative,0.25227204163867817
1244027626949431297,negative,0.05331545923115419
1244027630577504258,negative,0.13011871948132217
1244027630631993345,negative,0.00020660898355470144
1244027630678147072,negative,0.0007698929348117913
1244027630745247747,negative,0.0001533729458944105
1244027630770368512,negative,0.25545798512512824
1244027630875271168,negative,0.04768646782206183
1244027631030460417,neutral,0.4705415520596928
1244027634314555392,negative,0.033477845739960814
1244027634490707970,negative,0.0009543911931144028
1244027634620805120,negative,0.131984309276283
1244027634780004357,negative,0.0006851580385593157
1244027634851491840,negative,0.10866705560577489
1244027634885038080,negative,0.3029968537174699
1244027635010867202,neutral,0.4898631585877994
1244027635023392769,negative,0.01148555994747389
1244027635157602305,negative,0.034301583021262044
1244027638626373633,negative,0.07428780612945851
1244027638748000256,negative,1.8330932860162788e-07
1244027639024824322,negative,0.002339224240400548
1244027639104442368,neutral,0.37833241082960095
1244027639293251584,negative,0.0004184624993730745
1244027639393931264,positive,0.8775015033334339
1244027642917072896,negative,9.078185718582633e-07
1244027642950582275,negative,7.27971560773008e-06
1244027643084881920,negative,0.26394560431101827
1244027643365937152,negative,0.00011800680983610362
1244027643365937153,negative,0.1568541899324391
1244027643428769797,negative,0.00010467691731249328
1244027643458174978,negative,0.21335302967473885
1244027647040118784,negative,0.002774813304592923
1244027647090458626,neutral,0.48728019602140255
1244027647128211458,negative,0.00019030444964390422
1244027647128227840,neutral,0.4921589047253866
1244027647191023617,negative,0.3101533540539855
1244027647224623104,neutral,0.599101042174084
1244027647618887682,neutral,0.6457423802859142
1244027647736328192,negative,0.009774936498841038
1244027647878926339,negative,0.0050316391916886945
1244027651486109697,negative,0.012387005211172529
1244027651578363904,negative,0.0013918819937911292
1244027651637084160,positive,0.9967971719461507
1244027651670650882,negative,3.20077367297898e-05
1244027651909697536,negative,1.843018735090517e-06
1244027655541985280,negative,0.048530817033947106
1244027655747506176,neutral,0.3627026073400969
1244027655755722757,negative,0.00037398942273412014
1244027655755894784,negative,4.538017683707876e-09
1244027655768305666,negative,8.182748152776031e-06
1244027655852261376,negative,0.0009156766195469315
1244027655852380161,negative,0.24969023840363438
1244027655885914112,negative,0.16100623490190386
1244027655919468545,negative,8.997230604084944e-08
1244027655986515969,negative,0.04165654468307012
1244027656095649793,neutral,0.37923124365846633
1244027659954335745,negative,5.3841068784228484e-05
1244027660025593856,positive,0.7469405270194408
1244027660105322496,negative,0.010245360425363967
1244027660105367553,negative,0.024158960123127984
1244027660172439552,positive,0.7469405270194408
1244027660197642243,neutral,0.4421068522483257
1244027660210073603,negative,0.19683982097371758
1244027663410442240,negative,0.2921345961065012
1244027663917944832,negative,0.0058803422866102305
1244027663943163908,neutral,0.40593883234275235
1244027663972532225,negative,2.575389152822565e-06
1244027664052047878,negative,0.009774936498841038
1244027664203165697,negative,0.0011977261828614526
1244027664215703554,neutral,0.46487540225271956
1244027664320643072,negative,0.01148555994747389
1244027668179423233,negative,4.2291004479695924e-07
1244027668204605441,neutral,0.34581187806444724
1244027668271697920,neutral,0.40164566407707886
1244027668284223488,negative,0.011809247181892123
1244027668481347587,negative,9.129913053992918e-05
1244027668514975745,negative,0.015880807654681174
1244027668523147276,negative,0.0004184624993730745
1244027668712095744,negative,0.16061727605996895
1244027668791808000,negative,0.005855180342432488
1244027672101085184,positive,0.9586685504085831
1244027672306515968,negative,0.13038828687484083
1244027672524718080,negative,0.26942968309050136
1244027672541331467,negative,0.0290672820436135
1244027672562290690,neutral,0.4757917870980924
1244027672591839233,negative,0.0004184624993730745
1244027672658837506,negative,0.0032494776000071856
1244027672889561089,negative,0.014174163156158048
1244027676521828353,negative,0.012652817569050732
1244027676987478017,negative,1.3218701465983924e-08
1244027677083869185,negative,0.003976843952024593
1244027680388976640,neutral,0.37449475269603405
1244027680661688320,negative,0.2839316010600696
1244027680745537538,positive,0.7898565583048688
1244027680745545728,negative,0.2799869057197967
1244027680766545921,negative,0.007883093412547356
1244027680804294659,negative,0.0011051721339749836
1244027680837849089,negative,0.02579050155996067
1244027680959455232,negative,0.0009405835588412403
1244027681043333120,negative,0.12678230790669465
1244027681085292544,negative,0.03861446699889948
1244027681433419776,neutral,0.3526434678804405
1244027684834942976,negative,1.3607768524684358e-12
1244027684956573698,negative,0.0023854678293831885
1244027684990210048,negative,9.844865332606657e-06
1244027684994322433,negative,0.22833303794131588
1244027685074014210,negative,0.014513029960521917
1244027685338263555,negative,0.26942968309050136
1244027685359288322,negative,0.005855180342432488
1244027685438922752,negative,0.06496004234419192
1244027685439000579,negative,0.004448838869062616
1244027685484900354,negative,4.3900961991177674e-08
1244027685522857986,negative,0.026153062717259694
1244027685610946561,negative,0.013590445729642813
1244027688282619904,negative,0.14882808090197608
1244027689134161921,negative,1.108331707130696e-05
1244027689163350017,negative,0.07888518888259648
1244027689176096768,negative,0.009774936498841038
1244027689205485568,negative,3.1806471805387148e-06
1244027689226428419,negative,0.3101533540539855
1244027689310334977,negative,0.000731445917807802
1244027689373184001,negative,0.005040016553078243
1244027689448747009,negative,0.06697263017752302
1244027689482272768,negative,0.010039694796587596
1244027689775828993,negative,0.16623217493277173
1244027690748981249,neutral,0.37696065886856334
1244027693357809664,negative,0.26394560431101827
1244027693391392768,neutral,0.49789225920557484
1244027693580107779,negative,3.647378374725678e-12
1244027693709979648,negative,0.0012062916627848532
1244027693793808386,negative,0.012223824523620693
1244027697375952896,negative,0.2543198836598348
1244027697547927552,negative,0.01263623502751831
1244027697568899072,neutral,0.39439463283712184
1244027697577242624,negative,0.010300893480674247
1244027697677860866,negative,0.28051707561528083
1244027697833148417,negative,0.07098215912165586
1244027697921228800,positive,0.8808094069168896
1244027697929621505,negative,0.0018221174185453642
1244027698122539008,negative,0.057156274612390784
1244027698185461763,negative,0.1194888181676766
1244027698189565953,neutral,0.49311950192358955
1244027700739821568,neutral,0.552588863123868
1244027701939167232,negative,0.1557873326536418
1244027702002188289,negative,0.05732210741917798
1244027702081880066,negative,0.00342782961518158
1244027702291697664,negative,0.005425815841018717
1244027702316806146,negative,0.0006142802561862868
1244032012798787585,neutral,0.5731215947386364
1244032012903735297,negative,0.02579050155996067
1244032012991844354,negative,0.0013808671910157616
1244032013037735938,negative,0.0005849538368486528
1244032013130256384,neutral,0.46127768308170247
1244032013314805760,neutral,0.49789225920557484
1244032013495078912,negative,2.180655695779039e-05
1244032013654515712,negative,0.004605932673330669
1244032013683822592,negative,0.0005066372705363237
1244032013771976704,negative,0.004537763124995805
1244032013952258051,negative,3.2271901129781973e-07
1244032014103334912,positive,0.9988456985617375
1244032014120038405,negative,0.09528185982720531
1244032017769156608,negative,0.2382669582645585
1244032017819369474,negative,5.6931037605636874e-05
1244032018062680069,neutral,0.5250083544159861
1244032018335195136,negative,0.00011211509218759398
1244032018385690625,negative,0.2785040235620228
1244032021699182592,negative,0.007413675492181595
1244032021829046272,neutral,0.4507454498615163
1244032022156390402,negative,0.00033437404845180205
1244032022198304769,negative,0.00862856214248831
1244032022290608128,negative,0.0070932943817461885
1244032022445723649,negative,1.1688297144650146e-07
1244032026145103872,neutral,0.34581187806444724
1244032026254233601,negative,0.11606615711610639
1244032026304528384,neutral,0.36377104280683514
1244032026354819073,negative,0.022016003875126613
1244032026568613890,negative,0.2917800843380078
1244032026661072897,negative,0.00016615112911891778
1244032026807762946,negative,0.002759344080916153
1244032030196797440,negative,0.16456114296626626
1244032030410711044,negative,0.14874724152575958
1244032030494638080,positive,0.8767624715904464
1244032030670635008,negative,0.26524644614744813
1244032030716936194,negative,1.90811133886518e-13
1244032034441433090,negative,0.0005333448766987462
1244032034504310785,negative,1.5848239213335562e-06
1244032034625986560,negative,0.16769517406749354
1244032034898673666,negative,0.2785040235620228
1244032034923831296,negative,1.8242777695381061e-07
1244032034969980934,neutral,0.5017543432377519
1244032035066273793,negative,0.0033443890791365503
1244032038275088384,negative,2.0069152022913976e-05
1244032038619013122,neutral,0.5136446707795853
1244032038627356673,negative,0.009944205180409034
1244032038639984641,negative,0.004605932673330669
1244032038660947969,negative,0.3249154284067048
1244032038665150473,negative,0.0027002344440646563
1244032038774231041,negative,0.02265780396262849
1244032038946160642,neutral,0.34581187806444724
1244032038988066820,negative,0.060044956842369865
1244032039101366274,negative,9.38393272362099e-06
1244032039172608001,neutral,0.5266607897375037
1244032039193632772,negative,0.2785040235620228
1244032039269158912,negative,0.2519096339627263
1244032042750410752,negative,0.28980790960133973
1244032042779717633,negative,0.003631429095454684
1244032042951573505,negative,0.001053799776326416
1244032043052339200,negative,0.10226941002424578
1244032047007629314,negative,0.01932529807794596
1244032047049515010,neutral,0.390828263951581
1244032047221551109,negative,0.003452767207391036
1244032047619940353,negative,1.0899181779967481e-05
1244032047691243524,neutral,0.3353500257179539
1244032047766634496,negative,0.07888518888259648
1244032051122180097,negative,0.20042211466573154
1244032051281448966,negative,0.007617362752450122
1244032051302617088,negative,0.0017889502782307183
1244032051361259520,negative,1.9653720441890108e-05
1244032051407396864,negative,1.8242777695381061e-07
1244032051684179970,negative,0.0026100988662751965
1244032051852054528,negative,0.01148555994747389
1244032055425536001,negative,0.14504316638627815
1244032055622676480,neutral,0.39086267000184044
1244032055635304449,neutral,0.3385252644667176
1244032055677157378,negative,0.00023868395795945276
1244032055744385024,negative,0.010853702390421088
1244032055824076807,negative,0.003264603665788209
1244032055916331009,neutral,0.3331950828337532
1244032055920472065,negative,3.641317666059352e-12
1244032055962406912,negative,9.776088259616603e-07
1244032056004358148,negative,0.010245360425363967
1244032059502444546,negative,0.0029627955569233337
1244032059586347009,negative,0.049845218860178446
1244032059615727617,neutral,0.572079105557028
1244032059758088194,negative,0.0010663749770575973
1244032059817037824,negative,0.0511302540897556
1244032060056055812,negative,3.73533950561769e-09
1244032060077019138,negative,0.08745424778615317
1244032063646425089,negative,2.6012652354285867e-05
1244032063667347457,neutral,0.48593972118948797
1244032064061681665,negative,0.026101257405464148
1244032064082632705,negative,0.02579050155996067
1244032064149692416,negative,0.006879006291647438
1244032064334311425,negative,0.3029968537174699
1244032064380440580,negative,0.021807859841985876
1244032068302057472,negative,0.009130075070312384
1244032068360777729,neutral,0.610725249282255
1244032068377550851,negative,0.025159004582940184
1244032068381794305,negative,0.03174421808277741
1244032068440535041,neutral,0.5812663234087513
1244032068566290434,negative,5.148250282679852e-05
1244032068625010688,negative,0.07428056840709026
1244032072093663234,negative,0.004003933699771809
1244032072190173185,negative,0.06519057287216339
1244032072227921920,negative,0.13038828687484083
1244032072240553984,negative,0.0013469173850269337
1244032072324386816,negative,5.318796593873789e-05
1244032072336977920,positive,0.7898565583048688
1244032072471232512,negative,0.0030938338271349814
1244032072500555778,positive,0.9859240805064231
1244032072517287938,negative,0.0004914262714729093
1244032072571813894,negative,0.14576079943673703
1244032072571813895,negative,0.037677699080976464
1244032072731234304,negative,0.0003765787501736865
1244032072861265922,negative,0.00016615112911891778
1244032076569096192,negative,0.07712876527079193
1244032076619415553,negative,0.05471482163519855
1244032076636192768,negative,4.543390190372989e-06
1244032076665499649,negative,0.00987077688563912
1244032076749422593,negative,0.00012821022256718925
1244032076799709185,negative,0.29795872555837694
1244032076812255232,negative,8.86698968342931e-05
1244032076816486401,neutral,0.3337418035665887
1244032076833271808,negative,0.09207219496424342
1244032080419356673,negative,0.0920619431980766
1244032080792768513,negative,0.0053196838643511666
1244032080872431616,negative,0.0021796591203263487
1244032080939540481,negative,0.08176008047030568
1244032081178636293,negative,0.062078244041998354
1244032081182765056,negative,0.11039704995174272
1244032084995383297,negative,0.0035691094727351913
1244032085003829249,negative,0.009145528834466052
1244032085100281856,positive,0.962914044625955
1244032085154766852,negative,0.020816349060268618
1244032085242806272,negative,0.2602149498722396
1244032085259685888,negative,0.317626749779072
1244032085398036481,negative,0.011186603691380036
1244032088996790273,neutral,0.5805151667878954
1244032089005096960,negative,0.09677227477939761
1244032089076518913,negative,0.06776116982817487
1244032089294540808,negative,0.018771412810109096
1244032092993970177,negative,5.595832255760661e-05
1244032093094543361,negative,0.0021949326591746776
1244032093132328960,negative,0.0001909679186393763
1244032093358825472,negative,0.023949758214250272
1244032097456656384,neutral,0.33589176443781904
1244032097490272256,negative,0.006044578013271609
1244032097506988033,negative,0.00036031420819253855
1244032097699930112,negative,0.003631429095454684
1244032097829957633,negative,0.00036813471830233276
1244032098081570816,negative,0.0034262527189707526
1244032101734854660,negative,0.1320369101076121
1244032101898387457,negative,0.29262077138857256
1244032102196264962,negative,9.843002383555178e-05
1244032105450999809,negative,0.00025830408749513505
1244032105677455363,negative,0.0002924243419789167
1244032105706860544,negative,0.059694212297121484
1244032105732091912,negative,0.009145528834466052
1244032105740480513,positive,0.9388438609633798
1244032105803366400,neutral,0.6552466849140712
1244032105820164099,negative,0.09497708964733559
1244032105895600131,negative,0.005149073309943974
1244032105895604228,negative,3.725574024782025e-05
1244032105912381447,negative,0.002349862906316766
1244032105962758146,negative,0.15787209169151972
1244032106012999680,negative,0.06037427107914841
1244032106155642883,negative,0.022641726932632965
1244032106373599233,negative,3.9772641084120805e-05
1244032109913800704,negative,0.006227517022281741
1244032109921972229,negative,0.15734162826016473
1244032109947346944,negative,0.0028149135673452615
1244032109968326657,negative,0.0018221174185453642
1244032109985116160,positive,0.7469405270194408
1244032109993512960,negative,0.05664388031502538
1244032110018662407,negative,0.03407180159277588
1244032110027046912,negative,0.007438570070760277
1244032110215614464,positive,0.9542043903517397
1244032110316396545,negative,0.0009405835588412403
1244032110354186241,negative,0.06730597594679376
1244032110437990403,neutral,0.49789225920557484
1244032113831219205,positive,0.7952179257283125
1244032114431049729,neutral,0.390828263951581
1244032114502373378,negative,0.0027050443718800686
1244032114535866369,neutral,0.3646745024931172
1244032114703716352,positive,0.9970600110104176
1244032114800148480,positive,0.9358659827855831
1244032114829545472,negative,0.02054246348483507
1244032114837934080,negative,0.00046197037275694664
1244032118327513090,negative,0.003631429095454684
1244032118382120960,negative,4.622258486566205e-05
1244032118423945216,negative,2.324715055809619e-06
1244032118453387266,negative,0.07132743841084377
1244032118566592513,negative,0.07738059547332773
1244032118583447552,positive,0.9520069460034777
1244032118604300290,negative,1.6549578460055965e-05
1244032118629576704,negative,0.0017697931613046179
1244032118633660420,negative,0.07385159381469492
1244032118654631937,negative,0.08416240590792011
1244032119078256640,neutral,0.4531320843527563
1244032122404376576,negative,0.0011340354185114345
1244032122559451137,negative,0.0043204435713097705
1244032122563620864,negative,0.0007406189743043467
1244032122601472003,negative,0.028766163996968307
1244032122693644289,negative,0.019347926457790227
1244032122861617153,positive,0.8237115027620819
1244032122966487066,negative,2.2242667848835452e-07
1244032123096326146,negative,0.26942968309050136
1244032123121655815,negative,0.012044344028953923
1244032123348140038,positive,0.8808094069168896
1244032126674186241,negative,0.02579050155996067
1244032126753714177,negative,0.0700548865163199
1244032126850400256,negative,0.30534662550291
1244032127278161920,negative,2.153402386045732e-08
1244032131027865600,neutral,0.6552466849140712
1244032131229245449,negative,0.01687976779869203
1244032131304751104,neutral,0.46127768308170247
1244032131313152002,positive,0.802341159421849
1244032131363409921,negative,0.010823920136486035
1244032131380240391,negative,0.02617496394117456
1244032134068580352,negative,0.0020727884012093083
1244032135129976834,negative,0.018307033558114676
1244032135427653632,negative,0.043242445551721465
1244032135855575040,negative,0.036518796261131505
1244032139051622400,negative,0.029145289390690228
1244032139202646021,neutral,0.5500154028927889
1244032139265552389,negative,8.997230604084944e-08
1244032139345231873,neutral,0.44138176095098003
1244032139374575618,negative,0.27909131371136675
1244032139387117570,negative,0.003631429095454684
1244032139408048128,negative,1.0549610890218555e-05
1244032139537965056,negative,0.02009901264133028
1244032139739443200,negative,0.0987832254173459
1244032139752079360,negative,0.0013966596175926849
1244032143409451008,negative,4.254125276807544e-10
1244032143497531392,negative,0.017633967054035145
1244032143615025152,negative,0.020741800195146445
1244032143686356992,negative,0.1746511315973243
1244032143870668801,negative,2.389650809534535e-06
1244032143984132106,negative,0.0006318241347534233
1244032144017670145,negative,0.014078983221164462
1244032147553488897,negative,0.22453466925443832
1244032147658342402,negative,0.002447506845612672
1244032147687723013,negative,0.06730597594679376
1244032147788357634,negative,0.027694531422113155
1244032147939344391,neutral,0.39570077291060207
1244032148039847937,negative,0.018372603673282986
1244032148052611075,negative,0.008562793141435042
1244032148170059784,negative,8.857385742822912e-08
1244032152146149381,negative,0.13453234900873665
1244032156109877248,negative,0.0511302540897556
1244032156281778176,negative,0.20286622764586393
1244032156416053249,negative,0.00020660898355470144
1244032156541779968,negative,0.010013008324148163
1244032156613185537,negative,2.6510106159141782e-08
1244032156697059331,negative,0.01148555994747389
1244032156701245447,negative,1.464137459180055e-05
1244032160237002752,negative,5.148250282679852e-05
1244032160278945792,neutral,0.41376677277902923
1244032160371220481,negative,0.13677352402565798
1244032160429899776,negative,0.0005199054850623376
1244032160438333442,negative,0.07690926213484135
1244032160568352773,positive,0.8355041267231138
1244032160656482305,negative,0.18026980255112124
1244032160698454018,negative,0.2811538113572222
1244032160715202561,negative,0.0537968775002387
1244032160832643078,negative,0.14874724152575958
1244032164431302659,negative,3.427842602765277e-07
1244032164737560577,negative,0.0010263646921157927
1244032164934627334,negative,0.0009405835588412403
1244032164959748102,negative,0.0011629729554293812
1244032168541802496,negative,0.28980790960133973
1244032168638271489,negative,0.05838953449698414
1244032168646660104,negative,0.06729145151562207
1244032168910893056,negative,0.08290233242746645
1244032168973815808,negative,0.005890468034659016
1244032168986316801,negative,0.0539562925732617
1244032169007288322,negative,1.1023255941976134e-05
1244032169078644736,negative,0.04476025524392664
1244032169288351744,negative,0.014174163156158048
1244032172723494913,negative,0.003631429095454684
1244032173000347648,negative,0.00042229319643868993
1244032173126094848,negative,0.0001073721139339141
1244032173209980930,negative,0.0001886112206461086
1244032173528756226,negative,0.0322979741287475
1244032173532942339,neutral,0.48522191375668317
1244032177072824320,negative,0.06116018580540677
1244032177123332099,negative,7.85375262553082e-07
1244032177131708419,negative,0.001473095808208176
1244032177194643470,negative,0.0017129843535744317
1244032177312075776,negative,9.526552707859201e-05
1244032177341415424,positive,0.6883326662655139
1244032180998803459,negative,0.03473602585075935
1244032181191802880,negative,0.030629091766833455
1244032181200183297,negative,1.8242777695381061e-07
1244032181263048704,negative,4.153980406367475e-05
1244032181271433216,negative,0.06634447346325013
1244032181292408833,neutral,0.4983847929625997
1244032181313449984,negative,2.6981705042718182e-05
1244032181380485122,negative,0.0018548177359053036
1244032181388918790,negative,0.00043347510479667276
1244032181401501696,negative,0.05821091833556173
1244032181695021058,negative,9.844865332606657e-06
1244032181741158406,negative,8.581558264821111e-05
1244032181758054401,negative,0.2968323542130716
1244032185461547008,negative,0.030975385038122052
1244032185503485953,negative,0.025673483189073604
1244032185520336898,negative,6.638304240931146e-05
1244032185579036672,negative,8.7522607012503e-11
1244032185591529472,neutral,0.34581187806444724
1244032185692295168,negative,1.9884777328978578e-07
1244032188653453312,negative,0.23715591090443
1244032189655920640,negative,0.0005849538368486528
1244032189769097220,negative,0.03531830285269036
1244032189991354368,positive,0.7551164774725199
1244032190092054529,negative,0.010245360425363967
1244032193648885761,negative,0.001810280034985086
1244032193804087296,negative,0.005761471804602289
1244032193816596482,negative,0.04653972460200148
1244032193887973376,negative,5.033607978903291e-06
1244032194072412160,negative,0.06780952523507533
1244032194076704770,negative,0.028770933077826747
1244032194160611328,negative,0.3101533540539855
1244032194244460547,negative,0.0006061921080529063
1244032194252877824,negative,0.0011629729554293812
1244032194290626560,positive,0.7898565583048688
1244032194370252800,negative,0.12038875869077047
1244032197960634369,negative,0.25646430087297784
1244032198191300608,negative,0.13248334233174006
1244032198237466624,neutral,0.571601430265515
1244032198271029250,negative,0.0026938681957631655
1244032198598148097,negative,0.06934801191543737
1244032198610694144,negative,3.880068076278992e-06
1244032202586886144,negative,8.885406492868328e-05
1244032202733731841,negative,0.08087678590279873
1244032202796646402,negative,0.056610540533969446
1244032202826006528,negative,6.416580814399413e-06
1244032203010572288,negative,0.011059511545291898
1244032203018944518,negative,5.033607978903291e-06
1244032206164631552,negative,0.0019420647621183201
1244032206454087682,negative,0.021099918679178025
1244032206479253509,negative,9.078185718582633e-07
1244032206663815168,negative,0.018771412810109096
1244032206751903745,negative,8.439841757857572e-06
1244032210518380544,negative,0.0018994124914986626
1244032210669355014,negative,0.0119708168362287
1244032210988040192,negative,0.0031626502309345878
1244032211008892930,negative,0.26942968309050136
1244032211394924546,negative,5.178289825535272e-05
1244032211529207808,negative,0.018771412810109096
1244032214821679105,negative,0.0008132362404265159
1244032214851076100,negative,0.053300046265301194
1244032214867890177,positive,0.8157079822542955
1244032214880464896,negative,0.06111488343636384
1244032214955941890,negative,0.013685292055734932
1244032215035641859,negative,7.935339308854871e-08
1244032215056617473,negative,0.23662998395587226
1244032215106936832,negative,0.00023167547999117393
1244032215337635847,negative,0.0009461095119313201
1244032215379578880,negative,1.0831894168086737e-07
1244032215526395913,negative,0.021936979153678437
1244032218881839105,negative,9.253191437033628e-08
1244032218936348672,negative,0.004605932673330669
1244032219045400582,positive,0.8767624715904464
1244032219431272453,negative,4.011444863103895e-06
1244032219565490177,negative,0.0011858278171601574
1244032219586453504,negative,0.014559859026652643
1244032223407419392,negative,0.04027667637231882
1244032223491358720,negative,6.7991356227330465e-06
1244032223520661504,negative,0.048530817033947106
1244032223667539968,negative,0.2629172619785086
1244032223734611971,negative,0.03137268014041387
1244032223818526721,positive,0.8365355209567844
1244032227320659970,neutral,0.46127768308170247
1244032227584823296,negative,6.216975315620746e-07
1244032227723354112,negative,0.31732489718339985
1244032227970859009,positive,0.9084818008459301
1244032228109234176,neutral,0.5017543432377519
1244032231443771392,negative,8.86698968342931e-05
1244032231464673280,negative,0.31732489718339985
1244032231586312195,negative,0.003631429095454684
1244032231812861956,negative,0.0537562448537119
1244032231963865088,neutral,0.5250083544159861
1244032232060342272,negative,0.007361948949546009
1244032232068702212,negative,0.0018548765507590272
1244032236086800384,negative,1.6172061890283422e-05
1244032236111810561,negative,8.420648435750858e-05
1244032236200099842,negative,0.016114050276809268
1244032239891034115,negative,0.011960615066525493
1244032239987458049,negative,4.603806197935506e-13
1244032240088055808,negative,0.06645925689009263
1244032240448942080,negative,0.06510646202313494
1244032240499273731,negative,0.01825259770920972
1244032240700530689,negative,0.10668644879781312
1244032244194435072,negative,0.28419053865765104
1244032244202663936,negative,0.02694577204810905
1244032244425031680,negative,5.605127664530924e-07
1244032244454473729,positive,0.7898565583048688
1244032244471099392,positive,0.9150580022594224
1244032244618067972,negative,0.00017009462450975137
1244032244739686413,neutral,0.5203446758364998
1244032244844462087,negative,0.0008761850409133363
1244032244974526464,negative,0.17660786774415307
1244032248413736960,negative,0.0009405835588412403
1244032248480968704,negative,0.012713426409208247
1244032248703320064,negative,0.09644541427671954
1244032252624986112,negative,0.006044578013271609
1244032252687855617,neutral,0.41759967193572217
1244032252884836354,negative,0.024121767871764597
1244032253006471168,negative,0.00026728114546472205
1244032253086351369,negative,1.0053594873404387e-12
1244032253199597568,negative,0.006891679323850784
1244032253241548807,negative,0.00029424876437456635
1244032253270855680,negative,0.00020660898355470144
1244032256357945349,negative,0.04759930792488213
1244032257351966721,neutral,0.5290122609047957
1244032257385361413,negative,0.008835232268096441
1244032260849926144,neutral,0.390828263951581
1244032260975853568,negative,1.029315425015071e-05
1244032260992569348,negative,0.00254959084496433
1244032261202178048,negative,2.5607257392167966e-13
1244032265237204992,negative,1.5797131405540317e-05
1244032265342144520,negative,0.02602525136646678
1244032265631432704,negative,0.0008951945693820755
1244032265883127819,negative,0.00020660898355470144
1244032269284773889,neutral,0.48728019602140255
1244032269297352704,negative,0.013950709346115293
1244032269397954560,negative,0.00046197037275694664
1244032269511282696,negative,0.00016629366288804448
1244032269557391362,negative,0.00021436605077256658
1244032269666275328,negative,0.04116306497907248
1244032269754535940,negative,6.316248959660213e-05
1244032269880365056,neutral,0.4537541227075798
1244032269951684609,negative,0.0097731362823889
1244032273483251712,negative,0.004029297183213767
1244032273588137989,negative,0.0005849538368486528
1244032273709764611,negative,0.010375338441894894
1244032273730678784,negative,0.014513029960521917
1244032273764188162,negative,0.00014461897809132292
1244032273785204736,negative,0.00032599734714911297
1244032273999151104,negative,0.04357128634085689
1244032274024275970,negative,0.08449427257123251
1244032274250772480,negative,5.6440715444635266e-05
1244032274271817729,negative,2.7587469162544537e-06
1244032277677555716,negative,0.03137268014041387
1244032277677572098,negative,0.04186714681363583
1244032277807370242,positive,0.9388943121147076
1244032278046670850,negative,0.005868073817554513
1244032278113763335,negative,0.01937759421523285
1244032281947275264,negative,0.005641057582515902
1244032281997705216,negative,0.18865361099026448
1244032282240958466,negative,0.023918870093788375
1244032282295447552,negative,0.0010636041697367627
1244032282610016256,negative,0.0007470884016718473
1244032286019981312,negative,0.03481669237246434
1244032286074568706,negative,1.6719519095053524e-08
1244032286095482881,negative,0.00022787003748641387
1244032286124920837,neutral,0.37336974418340535
1244032286221369345,negative,0.0008662069245942248
1244032286250668034,negative,0.002029348116561228
1244032286259122176,negative,0.012652817569050732
1244032286338822145,negative,0.0025175569880374303
1244032286468780032,negative,0.0010159796516920345
1244032286472826882,negative,0.011186603691380036
1244032290025549825,negative,6.614628204721762e-12
1244032290063253506,neutral,0.4602838184451019
1244032290273067009,negative,0.0010928191823583243
1244032290445045767,negative,0.21921412548362115
1244032290503696386,negative,0.0070932943817461885
1244032290579251200,negative,9.955323359679189e-07
1244032290625331200,negative,0.0537562448537119
1244032290650492941,negative,0.002060077715074198
1244032290696466432,negative,0.11575636711767263
1244032290734440450,negative,0.0537562448537119
1244032290872791040,negative,0.0004938530946125513
1244032293901082624,negative,0.00016697043946253676
1244032294391865345,negative,0.20570746488230698
1244032294513491971,negative,0.01529560564111951
1244032294777688067,neutral,0.5811955299832566
1244032294899396622,negative,3.220920543872018e-08
1244032294970634240,neutral,0.3387659427432253
1244032298879553536,negative,0.015146175068332492
1244032298942676994,negative,0.03481669237246434
1244032299102081025,negative,1.9386994124879305e-06
1244032299165011969,negative,0.162593046256012
1244032302679838721,positive,0.7048355296158741
1244032302990135301,negative,0.0022298087307135155
1244032303229218817,negative,6.868914554129144e-09
1244032303334113280,positive,0.988682528174209
1244032307016712192,positive,0.9525869123942909
1244032307029254147,negative,0.0002769306370831312
1244032307054460930,negative,0.2239134225518834
1244032307150893059,negative,0.012926277302963508
1244032307171819521,negative,2.899451958342076e-05
1244032307205410818,negative,0.0005066372705363237
1244032307284938752,negative,0.005327765183710372
1244032307356487681,negative,2.6012652354285867e-05
1244032307595526148,negative,0.012652817569050732
1244032307603922953,neutral,0.49789225920557484
1244032307788492800,negative,0.0017417943068377302
1244032307872378880,negative,0.07738059547332773
1244032311102001153,negative,0.09995348253013372
1244032311231905793,negative,0.020252162110012566
1244032311278161921,negative,0.02040579827513916
1244032311596929024,negative,0.20527128256537563
1244032311794024449,negative,0.2785040235620228
1244032311898902529,neutral,0.3507781522289823
1244032315417858049,negative,0.0007124928962695323
1244032315426299904,negative,0.05539547922083657
1244032315665207297,positive,0.9914485276330509
1244032315698937856,negative,0.05063425646236542
1244032315946196993,negative,1.464137459180055e-05
1244032316227420161,negative,0.00012001363643737295
1244032319570292736,neutral,0.37581111994402644
1244032319696056322,neutral,0.43087104673829485
1244032323970117632,negative,9.040956877344991e-05
1244032324137824257,negative,0.035177460012004176
1244032324334948352,negative,0.08416240590792011
1244032324448051200,negative,1.464137459180055e-05
1244032327858225152,negative,0.0003768734593558329
1244032328156024833,negative,3.6383568618537333e-06
1244032332534894593,neutral,0.39541541653293916
1244032332648124417,negative,0.0005849538368486528
1244032336330620929,negative,0.0003122690334342942
1244032336389451777,negative,0.0001798378142156536
1244032336443867137,negative,0.0036230052669120514
1244032336477523969,negative,0.00017351602962095627
1244032336963887104,negative,0.21921412548362115
1244032340541743105,positive,0.9832718261204975
1244032340604616711,negative,0.0775994550009219
1244032340646641664,neutral,0.3838651720914426
1244032340701122560,negative,0.12910839663930435
1244032340751527941,negative,0.003969558496571393
1244032340814331906,neutral,0.390828263951581
1244032340868898817,negative,0.21663218523124433
1244032340998983681,positive,0.719350229785151
1244032341162348550,negative,0.00020961195992256644
1244032341179277313,negative,3.226019059342737e-06
1244032341414236160,negative,0.0007035035899756882
1244032344656359424,negative,0.00015454992972517676
1244032344761274372,negative,0.007092740778771518
1244032344853536768,negative,0.05575806488170305
1244032344861925377,negative,0.005112031047910973
1244032344866140160,positive,0.7469405270194408
1244032345193287682,negative,0.044102333957454366
1244032345319124998,neutral,0.6120886767952053
1244032349106511874,negative,5.756507659849644e-06
1244032349203038209,negative,0.02579050155996067
1244032349240725507,negative,0.06015663850605063
1244032349538594825,negative,0.031988382013257065
1244032349601488896,negative,0.08416240590792011
1244032353233768457,negative,0.06116018580540677
1244032353258831876,neutral,0.3499352441185855
1244032353279905792,negative,6.267259810798747e-05
1244032353288302592,negative,0.08925730023900373
1244032353649004545,negative,0.00892758495972146
1244032353963515904,neutral,0.610725249282255
1244032357226741763,negative,2.3762335099834337e-06
1244032357465837569,negative,2.5566466211465344e-08
1244032357478301696,negative,0.004247604086354204
1244032357478338561,negative,8.686973343154903e-06
1244032357776142337,negative,0.07730921141011626
1244032357859983364,negative,0.2785040235620228
1244032357889454085,negative,0.00046197037275694664
1244032361676898308,negative,0.0011166011875978102
1244032361685188608,negative,0.0028149135673452615
1244032361714651136,negative,0.005336543616722111
1244032361769185280,negative,6.195080719967024e-05
1244032361819508738,negative,0.0019602286128897668
1244032361882361856,negative,1.464137459180055e-05
1244032361895022593,neutral,0.43730152367818537
1244032362025037826,negative,0.0058181070157667224
1244032362226335749,negative,0.19043780118039472
1244032365518819330,negative,0.00023868395795945276
1244032365699239943,negative,0.0009405835588412403
1244032365762088960,negative,0.1652571639463141
1244032365770485767,negative,0.018433402889124276
1244032366013792258,positive,0.7512393178967296
1244032366299025408,negative,0.0776551939905537
1244032370010972163,neutral,0.34372963650576827
1244032370023505920,negative,0.07234648391801614
1244032370094813185,negative,0.0027200995009022525
1244032370501734406,negative,9.078185718582633e-07
1244032373869760513,negative,0.013395619820330244
1244032374096216067,negative,0.002119355434500427
1244032374125576193,negative,0.00039186711873551904
1244032374297501696,negative,0.023764172024614855
1244032374322663429,neutral,0.37493608600927636
1244032374645690369,negative,1.0578336603108693e-06
1244032378307317760,negative,0.006891679323850784
1244032378420572162,neutral,0.4643268584954791
1244032378428940294,positive,0.9999999606754678
1244032378730876929,neutral,0.5996150095945842
1244032378831613953,negative,0.003506314451280221
1244032378894520329,negative,0.0028149135673452615
1244032378953175040,negative,0.03782248172372877
1244032382757408768,negative,1.6719519095053524e-08
1244032382786830340,negative,0.007334249737259462
1244032383000723456,negative,0.12945018028103222
1244032383004934144,negative,0.0014583109240624034
1244032386003808257,negative,0.24564901277605058
1244032386687479810,positive,0.951387334046001
1244032386880454658,negative,0.014513029960521917
1244032386884648960,negative,0.021384138773503168
1244032386947522563,negative,1.6157039709539413e-06
1244032387014709250,negative,0.00031824554209348906
1244032387174019074,negative,0.13038828687484083
1244032387199184896,neutral,0.5973632959316282
1244032387211825152,negative,0.014105010836560038
1244032387354365952,neutral,0.39233224931210925
1244032390940549130,negative,0.034301583021262044
1244032391213178880,negative,0.1339947939142292
1244032391359987713,negative,0.04249078125618548
1244032391422922754,negative,0.015907367184110403
1244032391448068096,negative,0.0011932448869651758
1244032391489953793,negative,0.02470520634847199
1244032391636803584,positive,0.7950823182260129
1244032395076153353,negative,0.12301102797895151
1244032395113902086,negative,0.012652817569050732
1244032395164205056,negative,0.16784061584557314
1244032395352907777,negative,0.018307033558114676
1244032395503951878,negative,0.0008194689451906385
1244032399257690113,neutral,0.40999518547053604
1244032399266254850,negative,0.2696558081141294
1244032399392092160,negative,0.013436329014566966
1244032399425572865,negative,0.07738059547332773
1244032399446548481,negative,0.017271512525219065
1244032399480160257,negative,0.00898831791968692
1244032399895334913,negative,0.00020660898355470144
1244032399928971269,negative,0.0014624269952852591
1244032403821207558,neutral,0.4440114489913187
1244032403850567682,negative,0.16061727605996895
1244032404202893312,negative,0.12925401639502246
1244032404211281920,negative,0.08636469656610479
1244032404295168001,negative,0.033255318606301466
1244032407755522048,negative,0.09682631681823997
1244032407839354881,neutral,0.5140335801237879
1244032407906508800,negative,0.1261255415988334
1244032408112050179,negative,0.07738059547332773
1244032408372031488,neutral,0.45095259886660005
1244032408439177219,neutral,0.6256130271029271
1244032408527212544,neutral,0.37728304182159617
1244032411563970562,negative,0.04788623669808996
1244032411677200395,negative,0.015041480468751544
1244032411790442496,negative,0.038661958569538406
1244032411865882624,negative,0.05082407348595446
1244032411962429440,negative,0.2785040235620228
1244032412058890241,negative,0.01872082830655924
1244032412104847360,negative,0.027228190155847237
1244032416219619328,positive,0.8262993700637389
1244032416236351488,negative,0.038661958569538406
1244032416299319297,negative,0.00699939936965453
1244032416303452160,negative,0.15598511944480875
1244032416425140225,negative,0.08176008047030568
1244032416559194112,negative,0.004643938231216682
1244032416567746563,negative,0.000226011583405733
1244032420141305856,negative,0.1577123247976612
1244032420208312322,negative,0.04308827691984145
1244032420455895040,negative,0.004813207945488537
1244032420569104386,negative,0.1577802935957789
1244032420602667008,negative,3.762194090002411e-05
1244032420736913414,negative,0.13743600271395537
1244032424499204102,negative,0.12468670571410731
1244032424679542784,negative,0.0007035035899756882
1244032424713105410,negative,9.759930819180575e-05
1244032424771817472,negative,0.003184029105690591
1244032424805306368,negative,0.010053069635925765
1244032424943779849,negative,5.2818074949583624e-08
1244032424998309891,negative,0.0016176675564071807
1244032425069555716,negative,0.03527312186380704
1244032425094795266,neutral,0.6301234559680013
1244032425233170432,neutral,0.5409568034535329
1244032425233170434,negative,0.012442416424751681
1244032428647288832,negative,0.32565884406638995
1244032428668223491,negative,0.025159004582940184
1244032428861272067,negative,0.00019458508027244702
1244032428865355777,negative,3.433606374420281e-13
1244032428886409220,negative,0.005772777752006781
1244032428970295296,negative,0.0009405835588412403
1244032429112930310,negative,0.0496377851331961
1244032429297405954,negative,0.06116018580540677
1244032429318377472,negative,0.0017697931613046179
1244032429343604741,negative,8.997230604084944e-08
1244032432946532356,negative,0.1508215341914042
1244032433101643778,positive,0.7469405270194408
1244032433395245058,negative,0.035272586691805025
1244032433441452032,positive,0.9617679552949789
1244032437019082759,negative,0.013221154537524964
1244032437358903307,neutral,0.3650158396528556
1244032437396451328,negative,0.00456107486740986
1244032437799325696,negative,0.005186732020307045
1244032437853749248,neutral,0.4490800257217512
1244032441167351809,negative,0.0037417323925712435
1244032441347485697,positive,0.8031132417608005
1244032441402175490,negative,1.2263733300140285e-05
1244032441439981572,negative,0.006891679323850784
1244032441473536005,negative,0.02719148232819448
1244032441502896128,negative,6.275683917048973e-07
1244032441809096704,negative,0.0010671335978349901
1244032442001805312,negative,0.0005849538368486528
1244032442102669314,negative,4.153980406367475e-05
1244032445487472648,negative,0.05177277466832924
1244032445550342146,negative,4.622258486566205e-05
1244032445688791042,neutral,0.49789225920557484
1244032445734846465,negative,0.025159004582940184
1244032445785276416,neutral,0.5272247306094303
1244032445822971904,negative,0.004267206393327312
1244032449715286017,negative,0.002267018908634054
1244032449807597568,negative,0.0028149135673452615
1244032449920843776,negative,0.0575450218026726
1244032449962622976,negative,0.021451602629445534
1244032450025717766,negative,0.14623473908599177
1244032450247999488,negative,0.014513029960521917
1244032454165397506,neutral,0.49159690934889233
1244032454270173184,negative,0.07888518888259648
1244032454303698950,negative,1.4218144685418828e-07
1244032454383501312,negative,0.10866705560577489
1244032454467305472,negative,1.4290242204886485e-09
1244032462419890178,negative,0.003631429095454684
1244032466526113794,negative,0.07705390217895335
1244032466769362945,negative,0.1988378395135294
1244032466819649536,negative,0.16109900497471674
1244032466861654017,negative,0.02579050155996067
1244032466874241026,negative,0.03354749187335793
1244032470556827649,negative,0.0010101172148570458
1244032470737203200,negative,1.464137459180055e-05
1244032470808506369,negative,0.15178977863372184
1244032470904864770,negative,0.2016058520046459
1244032471362125824,negative,0.28654882657237707
1244032471416668161,negative,0.008814163425495885
1244032471508885504,negative,0.14307504443139488
1244032474814038025,negative,0.27560740999058947
1244032474847510528,negative,0.00020660898355470144
1244032475254439939,negative,0.058077468343972996
1244032479025074178,negative,8.056715765840425e-05
1244032479058710528,negative,0.0005849538368486528
1244032479268409351,neutral,0.41197611594388195
1244032479624863745,negative,0.0516961019918002
1244032483085242369,negative,0.0794679367273924
1244032483202646016,negative,2.871099198450408e-07
1244032483269791744,negative,0.0035600676234026785
1244032483278102528,negative,0.03172341202112248
1244032483282354176,negative,0.001473095808208176
1244032483487866880,negative,0.0001325301806476251
1244032487560486915,negative,0.007639206329983969
1244032487682183169,negative,0.21766622461380722
1244032487686373376,negative,0.20006750265595902
1244032487816192001,negative,0.07888518888259648
1244032487879303172,negative,0.10762906686973639
1244032488101552134,negative,0.034301583021262044
1244032491540885511,negative,0.002534034280994866
1244032491612188679,negative,0.32294109836978124
1244032491666706437,negative,0.0031620445426744025
1244032491813507072,negative,5.439915693529538e-06
1244032491926818818,negative,4.543390190372989e-06
1244032491943612416,negative,0.004918162945877245
1244032492073553920,negative,0.016248047811573473
1244032492216233984,negative,0.27831466592643966
1244032492308516865,neutral,0.4659911923858833
1244032495751962626,negative,0.015495734638104254
1244032495873601537,negative,0.07690926213484135
1244032495898759168,negative,8.85284983938627e-06
1244032496012066818,negative,0.07024840022396711
1244032496045604870,negative,0.034301583021262044
1244032496154664960,negative,0.00249508153276964
1244032496255348736,negative,0.1402919126955505
1244032500067905537,positive,0.9086069153348411
1244032500118310915,negative,0.010089701380165005
1244032500197986306,negative,0.16784061584557314
1244032500202115079,neutral,0.4440114489913187
1244032500671942656,negative,0.030617731643711406
1244032500793565184,negative,0.0007577621581101703
1244032504211914752,negative,0.012525335011476131
1244032504329371651,negative,0.2123086033285053
1244032504430055424,negative,2.283600786136678e-05
1244032504673288199,negative,0.016354839314243797
1244032504887218176,negative,0.11616401840684429
1244032504920715264,positive,0.9996536437468253
1244032504983584768,negative,0.1517483037332678
1244032508720799744,negative,0.05378170471580021
1244032508737486849,negative,0.00020949297219303995
1244032508754382849,negative,0.0028149135673452615
1244032508821483523,negative,0.05080595096907198
1244032509085704199,negative,0.2664229127621035
1244032509458989057,negative,0.06368808999060553
1244032511392579590,negative,0.004921942510287876
1244032512575377409,neutral,0.6552466849140712
1244032512583761921,negative,0.0533806060577289
1244032512726388736,negative,0.21675708965053728
1244032512831246336,negative,0.0001325301806476251
1244032513514897409,negative,6.793053617078454e-05
1244032516266360832,negative,0.003631429095454684
1244032516547280898,negative,0.00042806007823028463
1244032516706701313,negative,0.0009405835588412403
1244032516715151363,negative,0.12264277833332127
1244032516887060481,negative,8.418302504772852e-08
1244032516962557952,negative,0.00036031420819253855
1244032517553954816,negative,0.0007855230576259707
1244032517595947008,negative,0.00017009462450975137
1244032517822386176,negative,0.06116018580540677
1244032518678032384,neutral,0.42507619662732005
1244032519240069121,negative,3.4847034959797282e-06
1244032520875847681,neutral,0.34581187806444724
1244032520901070849,negative,0.02593545702024127
1244032520905281537,negative,0.00010407191181049973
1244032521161105408,negative,0.018906230330196998
1244032521244774400,negative,0.14847906855404688
1244032521337212931,neutral,0.49789225920557484
1244032521345654790,negative,0.034301583021262044
1244032521567952897,negative,0.29515157345146154
1244032525091119105,negative,0.08416240590792011
1244032525166686216,negative,2.1789939333970095e-05
1244032525258891267,negative,0.07451920354922383
1244032525460213765,negative,0.0007449103242660983
1244032525518995456,negative,0.0005762031001834898
1244032529247678469,negative,0.2629172619785086
1244032529381933067,negative,0.002639051419408084
1244032529549623299,negative,0.04395819670509754
1244032529566490625,negative,0.12756375450743082
1244032529646174208,negative,6.108035404441498e-07
1244032529654517760,negative,0.00021402121571014653
1244032533513342977,positive,0.7863488789188927
1244032533693698050,negative,0.035177460012004176
1244032533735575552,negative,0.02719148232819448
1244032533752418305,negative,0.00014376891197549166
1244032533844701185,negative,3.0311756797641158e-05
1244032533903429632,negative,0.006044578013271609
1244032533978918914,neutral,0.4442651346762514
1244032537867018241,negative,0.00844582060977411
1244032538106048512,negative,0.018771412810109096
1244032538194202624,negative,0.009622148207020375
1244032541813858312,positive,0.8767624715904464
1244032541813866497,negative,0.00940418655151588
1244032541918666753,negative,0.02579050155996067
1244032542027759618,negative,1.0919495694785929e-06
1244032542052880385,negative,0.01876345655666441
1244032542090637314,negative,0.21766622461380722
1244032542141005824,negative,0.00012001363643737295
1244032542199644160,neutral,0.4257612081805749
1244032542275178496,negative,1.7055324604312752e-09
1244032542296195077,negative,0.00010426136575708718
1244032542505746433,negative,0.0038022913009348475
1244032546222022658,negative,0.036620385269473754
1244032546268200963,negative,0.1960703352058945
1244032546356236289,negative,0.00020660898355470144
1244032546469490690,neutral,0.5707606567726312
1244032546955984899,negative,0.3271783282828104
1244032550345080833,negative,0.0005098142190741126
1244032550357647360,neutral,0.5863444672168353
1244032550407979010,negative,0.03490748811215549
1244032550454079491,negative,1.8684003224456202e-08
1244032550462504960,negative,0.29363842261871115
1244032550533828609,negative,0.009145528834466052
1244032550663868416,negative,8.210966884511228e-05
1244032550760321024,negative,0.0001729584584919673
1244032554203852801,negative,0.0029409476271019326
1244032554400993281,negative,0.00021097368687095065
1244032554640060416,negative,0.0711243567096067
1244032554686177288,negative,0.12468670571410731
1244032554765778944,negative,7.201408345175633e-07
1244032554799374336,negative,0.029251190794815057
1244032554799435779,negative,0.08449427257123251
1244032558859517952,negative,0.18700542231740522
1244032558884626433,negative,0.00027411975644237187
1244032558909853696,negative,0.0044137596889481535
1244032558914027521,neutral,0.34581187806444724
1244032559182315520,negative,0.02579050155996067
1244032563104092160,negative,1.6467749904701595e-05
1244032563351564288,negative,0.10227620319197454
1244032563397775362,negative,7.303136405426628e-11
1244032563439697920,negative,0.008747177436480773
1244032563439702019,positive,0.888743587620602
1244032563456421893,neutral,0.390828263951581
1244032563557076994,negative,0.003631429095454684
1244032566933565441,negative,5.16668261798158e-05
1244032567071956992,neutral,0.49789225920557484
1244032567118094337,negative,0.0016643382058654983
1244032567323607051,neutral,0.3688120122074838
1244032567411478529,negative,2.1535078653675176e-05
1244032567583674371,positive,0.7084763412893234
1244032571241115648,negative,3.998775994690977e-05
1244032571257872384,neutral,0.4945386523654792
1244032571337576451,negative,0.062078244041998354
1244032571685601281,negative,9.673396078769155e-05
1244032571685638151,neutral,0.49789225920557484
1244032571685642240,negative,0.0007227658116954353
1244032571736031233,negative,0.006322774984024899
1244032571920601090,neutral,0.5140335801237879
1244032571937259523,negative,0.26983199408684155
1244032575397605377,negative,2.467397361275809e-07
1244032575548555264,negative,0.004863972395174272
1244032575548596224,negative,0.003631429095454684
1244032575729008640,negative,0.0218301820551049
1244032575821287426,positive,0.9798905134829602
1244032575930327040,negative,0.22034467059752194
1244032575942938625,negative,0.0030100104587895476
1244032579461939201,negative,3.926137166845042e-05
1244032579864539138,negative,0.0017697931613046179
1244032579898130439,negative,0.014174163156158048
1244032579898159104,negative,4.543390190372989e-06
1244032580489527297,negative,1.9156150675329074e-05
1244032580627775488,positive,0.7469405270194408
1244032583786102785,negative,0.01676013248782163
1244032583870095362,negative,0.0049408325407305125
1244032584176320512,negative,0.0511302540897556
1244032584201302016,negative,2.976563532026914e-05
1244032588160864257,negative,0.0036042583982993383
1244032588261535745,negative,0.01095661879080963
1244032588433567750,negative,0.013229668641216843
1244032588458668032,negative,0.11024674748068768
1244032588735488005,neutral,0.33467362878218004
1244032588894760961,negative,0.006356652790022391
1244032592174813187,negative,0.030283742092584092
1244032592229302275,negative,0.2708772600277454
1244032592447496192,neutral,0.5790987495235808
1244032592518791168,negative,0.04148478654228582
1244032592652967942,negative,0.00011648234468201617
1244032592787234824,negative,0.09161156495561204
1244032592799846401,neutral,0.6389402836912835
1244032596704735232,negative,0.05709909139053252
1244032596885020672,negative,5.6440715444635266e-05
1244032596885078020,negative,0.017680482564213403
1244032600563494912,neutral,0.40320890950120153
1244032604132855812,neutral,0.5636150727048717
1244032604778700801,negative,0.09471701215273506
1244032604992606209,neutral,0.390828263951581
1244032605294641155,negative,0.00020660898355470144
1244032605336612866,negative,0.0009171882890787658
1244032608952111104,negative,0.00014264309523599655
1244032609052655616,negative,0.02617496394117456
1244032609220427783,negative,0.06355653173846312
1244032609581240320,neutral,0.3863070732251097
1244032613410639872,neutral,0.34581187806444724
1244032613452517376,positive,0.906070071252519
1244032613469302789,negative,0.007754257632152831
1244032613595185152,neutral,0.34581187806444724
1244032613733535749,negative,1.0831894168086737e-07
1244032613771284481,negative,0.014174163156158048
1244032617693020162,negative,4.107520283373116e-10
1244032617705594889,negative,0.06951064709798982
1244032617772650497,negative,1.0787007749146778e-06
1244032618003337217,negative,0.1803392844870154
1244032618208903168,neutral,0.3533658048984684
1244032621404999680,negative,0.0002858034405540534
1244032621564264450,neutral,0.5343273261767144
1244032621744517121,negative,0.0005233809807978286
1244032621803376640,negative,2.413243887022236e-06
1244032621841207298,negative,0.0010489745156934507
1244032621891510280,neutral,0.5505550505941735
1244032622143123456,neutral,0.611183269451697
1244032625804808192,negative,0.24784468682795588
1244032625829969922,neutral,0.4307183874968668
1244032625867665412,negative,0.0016134683187732628
1244032625876049920,negative,0.006891679323850784
1244032625901072385,negative,0.02579050155996067
1244032625909661696,negative,1.8684003224456202e-08
1244032625951596546,negative,0.0086266313063719
1244032625997754368,negative,0.13141935536839297
1244032626022809600,negative,1.464137459180055e-05
1244032626081570817,negative,0.08416240590792011
1244032626182311938,negative,0.018771412810109096
1244032626429698053,negative,0.02661947592237963
1244032629986545670,positive,0.8766602791231927
1244032630246400001,negative,0.00016615112911891778
1244032630275727360,negative,0.1028202393734251
1244032630389190658,neutral,0.34581187806444724
1244032634155663360,negative,0.0001570762370165333
1244032634260541443,negative,0.08780538338485823
1244032638232530959,negative,0.012520132310800063
1244032638270218240,neutral,0.5576582517705001
1244032638467309573,negative,9.597227406249735e-06
1244032638513565696,negative,0.1264265214102222
1244032638639366145,negative,3.165377112324228e-05
1244032638710677506,negative,0.00523113221628422
1244032638870081536,negative,0.016903654506635845
1244032646759337987,negative,4.105411476139788e-06
1244032646805622784,negative,0.04230617889810702
1244032646923145221,neutral,0.5726200609097241
1244032647082491904,negative,0.0007855230576259707
1244032651083878411,negative,0.02579050155996067
1244032651121623043,negative,2.4158491632136932e-06
1244032651142586371,negative,0.012133340197822095
1244032651218112516,negative,0.0343964562482159
1244032651633270785,negative,0.0033517358131130355
1244032654996942848,neutral,0.3403391890910929
1244032655206821889,negative,0.1433627202725667
1244032655546617857,negative,0.013473656582322175
1244032655726870532,positive,0.7898565583048688
1244032655781494787,negative,0.020813202957054355
1244032655835811841,negative,0.003990053398780893
1244032659157929984,negative,0.00986378246903857
1244032659254398978,positive,0.8767624715904464
1244032659711561729,negative,0.0008590094656786723
1244032659812167681,negative,0.07024840022396711
1244032659900321798,negative,0.09949968614651913
1244032659950624771,negative,7.950697300941742e-07
1244032659992518656,negative,0.0218301820551049
1244032660038733830,negative,0.00023960003039491697
1244032661636681729,negative,4.209798947985351e-07
1244032663511535619,negative,2.180655695779039e-05
1244032663628976142,negative,0.0005452043284688792
1244032663629037570,negative,0.03387508317880513
1244032667760447488,negative,0.04076844177214437
1244032668163084289,negative,0.08416240590792011
1244032668179681280,neutral,0.34581187806444724
1244032668230201345,negative,0.019939014249292748
1244032668263690241,negative,0.038233058079972626
1244032668326600704,negative,0.0007035035899756882
1244032668360224770,neutral,0.35359027095536927
1244032672147689473,negative,0.2437076390780818
1244032672327925761,negative,0.05771397167816779
1244032672344592384,neutral,0.3996580091506196
1244032672432824321,neutral,0.3499352441185855
1244032675977007106,negative,0.00022828011804945135
1244032676077735937,negative,0.003397306235967615
1244032676140650496,neutral,0.3338833220294437
1244032676216086529,neutral,0.5086135964481541
1244032676383817728,negative,0.0009405835588412403
1244032676488675330,negative,6.306943101044822e-06
1244032676648099840,negative,0.009747377166254845
1244032676794941440,negative,0.03293971651836279
1244032676828348416,negative,0.019347926457790227
1244032676836728833,negative,0.09573125152341341
1244032680326574082,negative,0.0023119253680866565
1244032680523595776,neutral,0.33069066037621353
1244032680636940289,negative,0.04911008921811856
1244032680678887424,negative,1.464137459180055e-05
1244032680758517761,positive,0.6851776255412325
1244032680800301057,negative,0.012223824523620693
1244032680884350976,neutral,0.4442015093938886
1244032680989245440,negative,0.012525335011476131
1244032684634112006,negative,0.00871510235400129
1244032684801867783,negative,8.256255193218637e-05
1244032684919345155,neutral,0.49789225920557484
1244032688627089408,negative,0.00046197037275694664
1244032688668934144,negative,0.0014686344264227536
1244032688723578880,negative,0.1453263866452542
1244032688761327617,negative,0.07024840022396711
1244032688950054913,negative,0.09471701215273506
1244032688970964993,negative,0.003631429095454684
1244032689042337801,negative,0.006702994995674111
1244032689067491335,negative,0.0033321918298997062
1244032689142931456,negative,0.28100447792976174
1244032689268637696,negative,0.24535108701093078
1244032692917805057,negative,0.0619612968016282
1244032692963946501,positive,0.7000395301047252
1244032693068869633,negative,0.0008662069245942248
1244032693169541122,negative,0.04026143475529038
1244032693207207939,negative,0.0026938681957631655
1244032693324656640,negative,0.11473152793864087
1244032693400199174,negative,0.011059511545291898
1244032697237942272,negative,0.031234547306689335
1244032697330216960,negative,0.28100447792976174
1244032697606995968,negative,0.07024840022396711
1244032697665798144,positive,0.9073874369904406
1244032697703555072,negative,0.003631429095454684
1244032697716158465,positive,0.7898565583048688
1244032701209829376,positive,0.7229876549532868
1244032701327384576,negative,0.023296280059002427
1244032701356793864,positive,0.7551164774725199
1244032701394489350,negative,0.0037201695511153397
1244032701394493443,negative,0.021407228916002115
1244032701595881472,negative,0.01112019061444056
1244032705500786691,positive,0.9825877933800525
1244032705546915841,negative,3.880068076278992e-06
1244032705710473216,negative,0.007092740778771518
1244032705811054593,positive,0.8767624715904464
1244032705983119360,neutral,0.3492975022435117
1244032706025009153,negative,0.31092942096631626
1244032706201124872,negative,0.01221125699743083
1244032709627990016,negative,0.002096719186745064
1244032709653139456,negative,0.0020864423004453717
1244032709669859329,neutral,0.34581187806444724
1244032709854482432,negative,0.020252162110012566
1244032709862854657,negative,0.05709909139053252
1244032709888028675,negative,0.0009405835588412403
1244032709925556224,negative,0.0346049130933352
1244032709967646728,negative,6.868260724795192e-05
1244032710009593858,negative,0.02668610195601355
1244032710219350018,negative,0.0060107611138785514
1244032713767751686,negative,0.22554447381055212
1244032713897709570,negative,0.03885930391835703
1244032713943810049,negative,0.08416240590792011
1244032713969065984,negative,0.006891679323850784
1244032714094895107,negative,0.03825138724183519
1244032714099040258,negative,0.027786284820780636
1244032714149429250,negative,0.051400755767721865
1244032714325590016,negative,0.13526837424072044
1244032714388328448,negative,0.05481053426228782
1244032714572955650,negative,0.04564579782629775
1244032718150815744,positive,0.8954230587925122
1244032718251462658,neutral,0.49789225920557484
1244032718314319872,neutral,0.49789225920557484
1244032718322704384,neutral,0.37377490205268193
1244032718331092995,negative,0.003608508008212976
1244032718612070400,negative,0.021412220676817174
1244032718645743616,negative,0.018566491012623983
1244032718763102208,negative,0.00019302312443642453
1244032718859624448,negative,0.08603810533916781
1244032722382630912,neutral,0.49789225920557484
1244032722391175170,negative,0.05515094849638509
1244032722407845888,negative,0.20247369219264724
1244032722735173633,positive,0.6959260705947835
1244032722844221440,negative,0.010152763148096582
1244032722928119808,neutral,0.34581187806444724
1244032722965803015,negative,0.007159182371921361
1244032726371643393,positive,0.8355041267231138
1244032726556200960,negative,0.3016148513208588
1244032726585540609,negative,0.001400010036982144
1244032726921084930,negative,4.622258486566205e-05
1244032726983999489,neutral,0.49789225920557484
1244032727017537543,negative,0.0009095028031125403
1244032730616209409,neutral,0.34581187806444724
1244032730695958529,negative,0.0003034845910889199
1244032730708553734,negative,0.02579050155996067
1244032730947555328,negative,4.2048732803160425e-07
1244032730993774592,negative,0.2785040235620228
1244032734709809152,negative,9.526552707859201e-05
1244032735116693508,negative,0.00639768783203763
1244032735154495488,negative,8.540086129547671e-08
1244032735389384704,negative,8.540086129547671e-08
1244032739029983232,negative,0.2099468254090332
1244032739344633863,negative,2.1630815419566993e-05
1244032739453603841,negative,6.013220927059962e-05
1244032739612844033,negative,0.003065237164231939
1244032743299743747,negative,0.11150383214374354
1244032743433842689,negative,9.587583414979872e-07
1244032743664758784,negative,0.0004184624993730745
1244032747385085956,neutral,0.49789225920557484
1244032747905191937,negative,0.02579050155996067
1244032751612899331,negative,0.004267206393327312
1244032751713619971,negative,0.02579050155996067
1244032751721947137,neutral,0.34581187806444724
1244032751856123904,negative,0.07339647905927149
1244032751969460227,negative,0.0013837784196611576
1244032752221110272,negative,0.08216504258180292
1244032752292376576,negative,0.14762935139118585
1244032752300810242,positive,0.9902051834328272
1244032755740131328,negative,0.02897866580931684
1244032755937218567,positive,0.7898565583048688
1244032756339953669,negative,0.03174421808277741
1244032756344029186,negative,0.2704610728688327
1244032756373426176,negative,0.0014059488326492917
1244032756394401793,negative,0.06116018580540677
1244032756725800968,negative,0.00020805056966684052
1244032760089624576,negative,0.05080595096907198
1244032760123015168,negative,0.048555618149095495
1244032760270016512,neutral,0.34581187806444724
1244032760408309760,negative,0.0001325301806476251
1244032760492236801,negative,0.00495163515442082
1244032760504897536,negative,0.034271672048233566
1244032760605478914,neutral,0.4898631585877994
1244032763839369218,neutral,0.6038246146827548
1244032764447543297,negative,0.0019423053848949257
1244032764636278786,negative,0.029595854180904633
1244032764707553280,negative,0.01809857907717686
1244032764908916742,positive,0.9645933160714336
1244032768427937794,negative,0.17672755989941588
1244032768700489736,negative,0.03473602585075935
1244032768738299910,negative,1.4117468034597161e-05
1244032768855736323,negative,0.008785214763918511
1244032769027645444,negative,0.014354413833629212
1244032769266720776,positive,0.7469405270194408
1244032769283493888,neutral,0.3387659427432253
1244032770436931586,positive,0.8767624715904464
1244032770608955392,positive,0.9714605668107587
1244032771032584197,negative,0.32070788380375953
1244032772785745925,negative,0.058519298169618886
1244032772882259975,negative,0.07738059547332773
1244032773129732096,neutral,0.41629551331976333
1244032773150646273,neutral,0.39274765723876304
1244032773150715904,negative,0.004005003252020526
1244032773201035265,negative,0.0008701887639387467
1244032773536591872,negative,0.010310247255889506
1244032776749436936,negative,0.014981248163734986
1244032776988430338,negative,0.007883093412547356
1244032777122648065,neutral,0.3543868866873423
1244032777588269057,negative,0.027742073829809862
1244032780603981824,negative,0.005260775403274126
1244032780696260610,negative,0.004856560662295956
1244032781144989696,negative,0.0020940605817612932
1244032781161844738,negative,0.29040691864498563
1244032781325385728,negative,0.1868039174941688
1244032785402265601,negative,0.04891191807585858
1244032785549008897,negative,0.000674458423703865
1244032785599397888,negative,0.008785214763918511
1244032785674907648,negative,1.6719519095053524e-08
1244032785796530177,negative,8.182748152776031e-06
1244032789198057472,neutral,0.3599607905714538
1244032789516881920,negative,0.07579706910682077
1244032789974040579,negative,0.1978369177822088
1244032793564319746,negative,0.045478232930029824
1244032793652445184,neutral,0.49789225920557484
1244032793786683392,negative,0.00523113221628422
1244032793820237831,negative,0.0015559123446066893
1244032793824440321,negative,6.043061066870114e-09
1244032794034143235,negative,0.2349316590613307
1244032794143199233,negative,0.005754301552019976
1244032798039715840,negative,0.001473465534255986
1244032798131920907,negative,0.0011629729554293812
1244032798324936708,negative,0.0007306666515401943
1244032798345879552,negative,0.006891679323850784
1244032798614261761,negative,9.143116890564075e-07
1244032802225610752,negative,0.002412134268582006
1244032802229796866,negative,2.817039770127168e-08
1244032802238140418,negative,0.26942968309050136
1244032802368237569,negative,0.000100786466632191
1244032802376613888,negative,0.3084632794336912
1244032802456297473,neutral,0.4737995338558465
1244032806218543106,neutral,0.3599607905714538
1244032806289801218,negative,0.02470520634847199
1244032806306680838,negative,0.3249154284067048
1244032806428323840,negative,0.03481669237246434
1244032806436683776,negative,0.0011629729554293812
1244032806461808640,negative,4.902788787598944e-05
1244032806487052288,negative,0.00021402121571014653
1244032806495424512,negative,0.0007146159101778176
1244032806612799489,negative,0.05564247165179207
1244032806633852929,negative,0.01256331676182815
1244032806667386881,negative,0.02392333193010132
1244032806730248194,neutral,0.36425180129608786
1244032810375155717,negative,0.00221427845743553
1244032810660311040,negative,0.0003599616033715693
1244032810714890241,negative,0.0004699313301438456
1244032810815496192,negative,0.06512252307645586
1244032810844737536,negative,0.009497004281057831
1244032810987466752,negative,0.07579706910682077
1244032811083931650,neutral,0.4338148903100711
1244032811134267392,negative,0.00020660898355470144
1244032814544310272,negative,0.09471701215273506
1244032815051792384,negative,1.0790321723941652e-08
1244032815148097536,negative,0.009547614008696102
1244032815156649987,negative,0.0001987435683312371
1244032815240445952,positive,0.7746963596139614
1244032818646310914,negative,0.02617496394117456
1244032818939867137,negative,1.2444533623832985e-05
1244032818964914176,negative,0.172007533741969
1244032819216756739,negative,0.018665277096224255
1244032819220922369,neutral,0.49789225920557484
1244032819283845122,negative,2.0938228343450094e-05
1244032819325739008,negative,0.08309608057621354
1244032819510358023,negative,0.0003416377332512348
1244032819539488768,negative,0.162593046256012
1244032822853218304,negative,0.0070932943817461885
1244032823302000640,negative,0.0012101976287111071
1244032823444594689,neutral,0.5811955299832566
1244032823465476096,negative,0.07419293078722125
1244032826854510598,negative,0.10483713209928301
1244032827307495425,negative,0.0035936583513083323
1244032827332722691,negative,0.0038083992506307723
1244032827496132614,positive,0.7527845106717955
1244032827722797058,negative,0.09058687187795857
1244032827794100224,negative,1.3477666147829573e-06
1244032827798294534,negative,5.089465941757213e-05
1244032828066553856,negative,0.02579050155996067
1244032831510269952,negative,0.14289509231991684
1244032831543742464,negative,0.005008639526634052
1244032831598342145,negative,5.233735356565343e-09
1244032831640272898,positive,0.9993219714153108
1244032831661256705,negative,0.0027173168347509893
1244032831677968384,negative,0.002792592753776792
1244032831686422528,neutral,0.5460485636089262
1244032834924359682,neutral,0.6323720940364075
1244032835536764929,negative,7.298184823345725e-05
1244032835603894278,negative,0.3249154284067048
1244032835603902465,negative,0.06978953004425868
1244032835738112000,negative,0.0030000867467045093
1244032835889102848,negative,0.00046197037275694664
1244032836010749955,negative,0.13677352402565798
1244032836019126273,negative,0.00022787003748641387
1244032839768846341,negative,0.02879765483954484
1244032839777234946,negative,0.0011976126758476253
1244032839802392577,negative,0.00409119137289087
1244032839856738305,neutral,0.49789225920557484
1244032839915626496,negative,0.04788623669808996
1244032839978450948,negative,0.14874724152575958
1244032840016310273,negative,0.05524282099963338
1244032840238600193,negative,0.0511302540897556
1244032844021841923,negative,0.2910439991805155
1244032844130848768,negative,0.004643938231216682
1244032844361543680,negative,0.007265870699276636
1244032844411875329,negative,1.464137459180055e-05
1244032844487430144,negative,0.20860268424580297
1244032844764241928,negative,4.622258486566205e-05
1244032848232882177,negative,0.0709579260930192
1244032848253931532,negative,0.016127878227323384
1244032848362782725,neutral,0.33602548213721123
1244032848392269824,negative,0.007769551959913291
1244032848476200961,negative,0.07024840022396711
1244032848694304769,negative,0.009815120824440709
1244032848887152642,neutral,0.4994888418454032
1244032852284657665,negative,1.1542014904924475e-09
1244032852620120067,negative,0.05735691840036623
1244032852863463424,neutral,0.36908624322194583
1244032852871860224,negative,3.023491659837819e-05
1244032852876017668,positive,0.888743587620602
1244032856516694016,negative,0.0017547427216870097
1244032856978083840,negative,0.006891679323850784
1244032857485369345,negative,0.0066690229149197
1244032860559937544,negative,0.005197190027302613
1244032860903952386,neutral,0.49789225920557484
1244032860924805121,neutral,0.49789225920557484
1244032861306527745,negative,0.02579050155996067
1244032864896811008,negative,0.02617496394117456
1244032865073070083,negative,1.797731658560816e-07
1244032865127432192,negative,0.0002855156284549329
1244032865232281601,neutral,0.49789225920557484
1244032865270104065,negative,0.00020660898355470144
1244032865622536192,negative,0.1261255415988334
1244032869175119874,negative,0.00020660898355470144
1244032869397401603,negative,0.0007370845933110191
1244032869422346242,neutral,0.4281941348036956
1244032869506281473,negative,2.3166308985179796e-07
1244032869758009344,negative,0.03409791401283905
1244032873067405315,negative,0.059694212297121484
1244032873306492928,negative,0.004709961007340957
1244032873361018883,negative,0.012827910418851172
1244032873457496072,neutral,0.5978743861407889
1244032873788735489,negative,0.009656329823736983
1244032881611157505,negative,0.022563262581948674
1244032881636323328,negative,0.00016252438673831137
1244032882001227778,neutral,0.39541541653293916
1244032882139594752,negative,0.06875832155982331
1244032882324078598,negative,0.0007090352822327982
1244032885763584001,negative,0.0005860378573178094
1244032886220734464,positive,0.9434090797393155
1244032886354804736,negative,7.155892988611739e-06
1244032886401105920,negative,0.02579050155996067
1244032890058485760,negative,0.01562134518798282
1244032890079494149,negative,0.1294101001465261
1244032890113085441,negative,1.7509115659231363e-05
1244032890222129152,negative,0.006891679323850784
1244032890301747205,negative,0.02617496394117456
1244032890368929793,negative,0.035177460012004176
1244032890515509248,negative,0.26942968309050136
1244032890587033600,negative,0.014078983221164462
1244032890603802628,negative,0.052471215925050725
1244032890817646593,negative,8.997230604084944e-08
1244032894361878529,negative,0.11287989463655368
1244032894370287616,negative,0.03782248172372877
1244032894559010822,negative,5.72304675041717e-07
1244032894684798977,negative,0.014513029960521917
1244032894688993294,negative,0.02853232116928921
1244032894831480832,neutral,0.49789225920557484
1244032898849742848,negative,8.915159551484769e-09
1244032899004981249,negative,3.577644914526129e-05
1244032902725275655,negative,0.036518796261131505
1244032902775468034,negative,0.04662232470331997
1244032902851178497,negative,5.462820278995661e-10
1244032903111213063,positive,0.7313197358757343
1244032903136280577,negative,0.035452317902503167
1244032903203491847,negative,0.0035339029649734074
1244032903433969665,negative,0.03902276347611886
1244032903438307329,negative,0.13453234900873665
1244032903455150082,negative,0.1037721704077835
1244032906898612226,negative,0.0537562448537119
1244032906932043776,neutral,0.39021650601702973
1244032906940624897,negative,0.005405351719138659
1244032906961596418,negative,3.5344159615010823e-05
1244032907041259522,negative,0.005729682368656912
1244032907284537345,negative,0.006044578013271609
1244032907473125377,negative,0.26942968309050136
1244032911189442562,neutral,0.42799101294139524
1244032911277514754,neutral,0.3775778897444823
1244032911617265664,negative,0.028524393562854015
1244032915400466433,negative,0.07474692958405703
1244032915752669184,neutral,0.49789225920557484
1244032919657725957,negative,0.1508019263458603
1244032919754223622,negative,0.0007646795895312241
1244032919942729728,negative,0.09445431773231577
1244032920249085954,negative,3.761967837388861e-06
1244032922165882882,negative,0.008660548650722955
1244032923734609927,negative,0.04666332018907872
1244032923872919553,neutral,0.390828263951581
1244032923998785537,negative,0.0002376053190359092
1244032924187602946,negative,0.01888753204352316
1244032924309172230,negative,0.03433211979389515
1244032927840821251,neutral,0.48502337812308116
1244032928247578624,negative,0.02617496394117456
1244032928650162178,neutral,0.49789225920557484
1244032931980591104,negative,8.47048326792708e-12
1244032932064493569,negative,1.9566989039192075e-06
1244032932144132099,negative,0.08580933603728569
1244032932353921024,negative,0.21823918512081078
1244032932358107138,neutral,0.36425180129608786
1244032932454584320,negative,0.07024840022396711
1244032936015466498,negative,1.1319444297415931e-07
1244032936317501442,negative,0.11242210924188584
1244032936535564294,negative,0.12038875869077047
1244032936770486272,positive,0.7164217407286831
1244032936803995649,neutral,0.464133070805814
1244032936892157954,neutral,0.42631483270745657
1244032940440420353,negative,0.18665758935424784
1244032940809637889,negative,0.3252858878970396
1244032940826386436,negative,0.002893198515504036
1244032940939587585,negative,0.0019423053848949257
1244032944836153346,negative,0.0001266009277061793
1244032944857141248,negative,0.0028149135673452615
1244032944903262208,negative,0.004605932673330669
1244032944924176389,neutral,0.34581187806444724
1244032944924250112,neutral,0.390828263951581
1244032944970313731,neutral,0.6545750978862513
1244032945041608712,negative,0.004605932673330669
1244032945121308679,negative,0.005260775403274126
1244032945146429441,negative,0.15484818861258817
1244032945280528384,neutral,0.49789225920557484
1244032948808175617,negative,3.304909325663523e-05
1244032948837453826,negative,0.0035719220348412596
1244032948954955779,neutral,0.49789225920557484
1244032949005287424,neutral,0.3838651720914426
1244032949068214280,positive,0.7099469896476155
1244032949139333122,negative,0.18956952316134656
1244032949185646594,negative,0.20027286487444754
1244032949240188933,negative,0.0005013616855073094
1244032949302984705,negative,0.1487665000252149
1244032949311471619,negative,1.3188650270998206e-06
1244032949336649729,neutral,0.4902318390420646
1244032949395152901,negative,0.019393571084938853
1244032952809467906,neutral,0.4112272077871718
1244032952926953477,negative,0.006714598392159058
1244032952968851456,positive,0.7217251902519369
1244032953052803077,neutral,0.49682095118633224
1244032953291689984,negative,0.00015501749144652765
1244032953291808769,negative,0.00337411272107555
1244032953337946113,negative,1.6719519095053524e-08
1244032953417695232,negative,3.880068076278992e-06
1244032953870684162,negative,0.03791866586975433
1244032953874866178,negative,0.00013687281768650443
1244032957188378627,negative,0.025474009205518604
1244032957406420992,negative,0.05860790290453784
1244032957586837505,positive,0.7297157515281157
1244032957737771011,negative,1.672362293894926e-05
1244032957779755013,negative,0.07494979121696625
1244032961562853376,negative,0.0002512379461579757
1244032961659506693,neutral,0.505334075764389
1244032961663598596,negative,0.01415113684274186
1244032961768538114,negative,0.019347926457790227
1244032961848258568,negative,1.0277255357163773e-10
1244032961982468098,negative,0.00818010084978459
1244032961995030539,negative,0.04026143475529038
1244032962057965569,negative,0.0008425515976961602
1244032965530828800,negative,0.035177460012004176
1244032965656666112,neutral,0.4619741558880597
1244032965673398273,negative,0.29363842261871115
1244032965740503040,negative,0.0004910959123867808
1244032966004785153,positive,0.9941422390429497
1244032966038360064,negative,0.005282391570886423
1244032969397977089,positive,0.7551164774725199
1244032969792032768,negative,2.5535769327104655e-05
1244032969926479872,neutral,0.34581187806444724
1244032969951645700,negative,0.005855180342432488
1244032969955856384,negative,2.3672333745331807e-06
1244032970106814465,negative,0.035177460012004176
1244032970115219462,negative,7.191099052953496e-05
1244032970148777984,negative,0.015939038564757035
1244032970241032192,negative,0.06776116982817487
1244032973873299462,negative,0.0144534768346193
1244032973936214017,negative,0.004149099536362812
1244032974003240962,negative,0.0012887048969940364
1244032974024212480,neutral,0.6306197646343187
1244032974045224966,negative,0.007674673187013502
1244032974049419264,negative,0.10392803785467522
1244032974066085894,neutral,0.49789225920557484
1244032974129070080,negative,0.025159004582940184
1244032974217187328,negative,0.2009632148975472
1244032974326247429,negative,0.26942968309050136
1244032974514827264,negative,0.07024840022396711
1244032978076020738,negative,0.07947190697346498
1244032978138923009,negative,0.2486640047527842
1244032978264756224,negative,0.2019114061778001
1244032978323492864,negative,0.0005066372705363237
1244032978424119297,neutral,0.6110190490277658
1244032978474487808,negative,0.1988378395135294
1244032978575032325,neutral,0.4188502705658977
1244032982349942787,negative,8.857385742822912e-08
1244032982400339979,negative,0.0716751169666902
1244032982417133568,negative,8.885406492868328e-05
1244032982467448832,negative,0.003631429095454684
1244032982693920774,negative,0.26942968309050136
1244032982698151936,negative,0.007883093412547356
1244032983012503552,neutral,0.49789225920557484
1244032986519142401,negative,0.01532669510232348
1244032986594643969,negative,0.07630798945983004
1244032986603040769,neutral,0.33134387401928245
1244032986649178119,negative,0.0010928191823583243
1244032987005472769,negative,0.023457840012171806
1244032987219492865,negative,0.024586582660023892
1244032987274137601,neutral,0.5097164286241209
1244032987278315521,negative,0.00021144307138165895
1244032991250337793,negative,0.025159004582940184
1244032991485202434,negative,0.05588397073156201
1244032994962276355,negative,0.034301583021262044
1244032995046100999,negative,0.04137475663058968
1244032995163602944,negative,5.9216909044370646e-09
1244032995280863233,neutral,0.49789225920557484
1244032995293528065,negative,0.21134241105847296
1244032995415281664,negative,0.12027109120897769
1244032995515867137,negative,0.0034307333391984563
1244032999013965824,negative,0.02719148232819448
1244032999055855624,negative,0.02362742594128071
1244032999357849602,negative,2.6830191678834764e-05
1244032999433424896,negative,0.19742169694364622
1244032999462776835,negative,0.013247961039121164
1244032999689240577,negative,0.16889370307883503
1244032999806644226,negative,0.1275924800952081
1244033003388637184,negative,0.0014217806215168867
1244033003417939969,negative,0.02579050155996067
1244033003443060736,negative,0.08069223272341064
1244033003510104064,negative,3.2072831083129704e-05
1244033003522834437,negative,0.3018637609512802
1244033003552210944,negative,0.10307432340427858
1244033003598360576,negative,0.11668860155356399
1244033003644309504,negative,8.074673221322332e-05
1244033007440330753,neutral,0.470304646080176
1244033007478079490,negative,1.0128915846194254e-05
1244033007658426368,negative,0.13664796872461799
1244033007691988992,negative,0.053050158286356376
1244033008115556363,negative,0.2610842195219524
1244033008367091712,negative,5.637269483859811e-05
1244033011651403776,negative,0.00013115608145114737
1244033011852677120,negative,0.03819681487786787
1244033012079230983,negative,0.11242210924188584
1244033012347613184,negative,2.467397361275809e-07
1244033012351864832,neutral,0.5798745260266507
1244033012389609474,neutral,0.47380049950461456
1244033015732473862,negative,0.2897680907619539
1244033015891800067,negative,4.902788787598944e-05
1244033016072200198,negative,0.00022787003748641387
1244033016202178565,negative,0.006177882880696625
1244033016239919104,negative,0.006891679323850784
1244033016302915586,negative,0.0007352393633718917
1244033016424468480,neutral,0.610725249282255
1244033016491659266,negative,0.03229071528395349
1244033020090290178,negative,0.2029173282505093
1244033020178436101,negative,0.048932447032444155
1244033020279099394,negative,0.29363842261871115
1244033020304273408,negative,0.13559648630100257
1244033020421693440,neutral,0.470304646080176
1244033020459352069,negative,0.04653972460200148
1244033020471975936,negative,0.003088558394618891
1244033020488802304,negative,0.2582739843990751
1244033020501385220,negative,0.02617496394117456
1244033020572680192,negative,9.065518306347208e-06
1244033024251093000,neutral,0.5358791171128704
1244033024360157184,negative,5.219971771000947e-05
1244033024414662659,negative,0.03846987354702463
1244033024427081728,negative,0.02579050155996067
1244033024485818368,positive,0.991521084166598
1244033024825659399,negative,0.0035661701249642265
1244033024955744257,negative,0.0006354895824678159
1244033025010270208,negative,4.902788787598944e-05
1244033028004986880,negative,0.001079613590020828
1244033028814446594,negative,0.02579050155996067
1244033032903897089,negative,2.1535078653675176e-05
1244033033214332930,negative,0.02579050155996067
1244033036779499521,negative,0.00020660898355470144
1244033037244993545,negative,6.45033028902264e-05
1244033037438013441,neutral,0.49789225920557484
1244033037526073344,negative,0.04252906378867086
1244033040822743042,negative,0.005571273539542835
1244033041183490048,negative,0.0019452126282388264
1244033041510674438,negative,0.00027490229076412403
1244033045306306560,negative,0.02579050155996067
1244033045369425920,negative,0.002097447706626365
1244033045658820615,negative,0.3030558399727658
1244033045721686018,negative,0.02579050155996067
1244033045780455424,negative,0.059826061358999726
1244033045868564480,negative,0.022803250904945744
1244033045931360256,negative,8.069850839702523e-09
1244033048858877953,negative,9.58199400234603e-10
1244033049437896706,negative,4.548117720718698e-07
1244033049530073091,negative,6.891437919462017e-07
1244033049790201857,neutral,0.3614789857420505
1244033049853071366,negative,0.009306864473201183
1244033052889632768,negative,0.09467339159710651
1244033053627944961,negative,0.01549111627888709
1244033053888065537,negative,0.0001886112206461086
1244033054055772162,negative,0.00014974806570260777
1244033054080823296,negative,1.4647916114288074e-06
1244033054177464321,neutral,0.335289501286163
1244033054190043143,neutral,0.4757917870980924
1244033054307426313,negative,3.427842602765277e-07
1244033057809670144,negative,0.10738367236736403
1244033058019446786,negative,3.0290198208330303e-06
1244033058183020548,positive,0.8767624715904464
1244033058384293888,negative,0.00010682587112713369
1244033058426310656,negative,2.2650411083116873e-12
1244033061920129024,negative,0.00025830408749513505
1244033061995470848,negative,0.23084801102728675
1244033062234722305,negative,0.005890468034659016
1244033062259822598,negative,0.01532669510232348
1244033062285070336,negative,8.857385742822912e-08
1244033062406586373,negative,0.0023523318136484243
1244033065829220358,negative,6.516220376684456e-10
1244033066173153285,negative,0.15951359004513174
1244033066420572163,negative,0.012712750503192932
1244033066550677504,positive,0.7164217407286831
1244033066571649024,neutral,0.5487864504463008
1244033070526758917,negative,0.019777013565301496
1244033070786904064,positive,0.7245720051794796
1244033070866538502,negative,0.30948505509675095
1244033074574364674,negative,4.082078162943636e-06
1244033074645667843,neutral,0.3615529549886877
1244033074742136832,negative,0.28980790960133973
1244033074842697728,negative,0.02617496394117456
1244033075115372551,negative,5.284867662048127e-07
1244033078806433792,negative,1.5162302781723743e-08
1244033078932144129,positive,0.9908369365037759
1244033078978392065,negative,3.38303067817321e-05
1244033079079055361,negative,0.019347926457790227
1244033079137710086,negative,1.464137459180055e-05
1244033079343185921,neutral,0.48952755225252487
1244033079452348416,negative,3.427842602765277e-07
1244033079460671490,negative,0.0006688509811200269
1244033083143344129,negative,2.6407629305036904e-05
1244033083302711297,neutral,0.6436652494440961
1244033083428519936,neutral,0.35526629085522266
1244033083432673282,negative,5.741606597106915e-11
1244033083566940160,neutral,0.4981380401763241
1244033083596210176,negative,0.001615008520342567
1244033083625689097,neutral,0.5295681979471095
1244033087325048839,negative,0.08416240590792011
1244033087471845377,negative,0.27230522141741914
1244033087484420096,neutral,0.49789225920557484
1244033087543152641,negative,0.00041840157934139934
1244033087664726017,negative,0.01725192644879594
1244033087765446658,negative,0.05216391749894212
1244033087916425217,negative,0.007438570070760277
1244033087916441600,negative,1.464137459180055e-05
1244033087975108608,positive,0.6699487633241522
1244033091460648965,neutral,0.46127768308170247
1244033091469021184,negative,0.21003211210270267
1244033091791921152,neutral,0.5811955299832566
1244033091859087366,negative,0.034301583021262044
1244033091972276224,negative,0.2629564397440915
1244033095545827329,negative,0.03387508317880513
1244033095596204034,neutral,0.3345542114973269
1244033095612932096,negative,0.0014333847666464358
1244033095780700160,neutral,0.470304646080176
1244033095852085248,negative,0.2276152115098916
1244033095940149248,negative,0.1638717151525756
1244033095961128967,negative,0.005260775403274126
1244033096111935489,negative,0.0055058839230665655
1244033099765182464,negative,3.5101208832267085e-06
1244033099769565190,negative,8.637180039492653e-05
1244033099794694151,positive,0.7469405270194408
1244033099824074752,neutral,0.5273593448004595
1244033099899568130,negative,1.0890143944020461e-05
1244033100063150080,negative,0.04041448605086042
1244033100155424775,negative,0.029917500460201044
1244033100180586507,negative,6.195080719967024e-05
1244033100184682502,negative,0.1331645536157425
1244033100490969091,negative,0.006891679323850784
1244033103934435329,negative,0.05362829669799606
1244033104093872128,negative,0.04645615035567907
1244033104181895168,negative,0.020252162110012566
1244033104257392640,negative,0.11287989463655368
1244033104320356352,negative,4.902788787598944e-05
1244033104550993925,neutral,0.390828263951581
1244033104647520257,negative,0.21766622461380722
1244033108145516547,negative,0.004709961007340957
1244033108204310529,negative,0.00014244177621499033
1244033108611129348,negative,0.0015974962476942038
1244033112314728449,negative,0.00018658224319725183
1244033112335626246,negative,0.0602219417442213
1244033112486666241,negative,1.6883497460136798e-05
1244033112620892167,positive,0.7898565583048688
1244033112625098758,negative,0.00020660898355470144
1244033112700604419,negative,0.26942968309050136
1244033112859971585,negative,0.052822494078762015
1244033112885116928,negative,0.00020660898355470144
1244033112918630401,negative,1.823418548825626e-05
1244033116529922049,neutral,0.34372963650576827
1244033116655796224,negative,0.013567283057675529
1244033116848754696,negative,2.467397361275809e-07
1244033116991299585,positive,0.995274912047928
1244033117016526849,negative,0.22949407482612988
1244033117062561795,negative,0.02579050155996067
1244033120262815745,negative,0.00018325048795251895
1244033120711643138,negative,0.00043535620977517604
1244033120757633024,negative,0.0008407226910821212
1244033120803921922,negative,0.00012971816211423476
1244033120833351684,negative,0.059694212297121484
1244033120858497025,negative,0.00046197037275694664
1244033120879460353,negative,0.00013675558087036829
1244033120967499782,negative,0.14620407224756607
1244033121311494144,negative,0.03564629441707661
1244033121349251072,positive,0.7689205864468871
1244033124960546817,negative,0.006652809991008786
1244033125199556608,neutral,0.3924821243354084
1244033129087713283,negative,0.00215814117028959
1244033129192607744,negative,0.31732489718339985
1244033129196683267,negative,0.0041113996508101705
1244033129238736896,negative,0.16802438710796086
1244033129263890432,negative,0.006044578013271609
1244033129549049867,neutral,0.390828263951581
1244033129649598464,negative,0.10190494923824474
1244033133386895365,positive,0.9115036779074703
1244033133416271875,negative,1.6385612338470978e-05
1244033133537878024,negative,0.028260380704397008
1244033133579812867,negative,1.8242777695381061e-07
1244033133709754369,negative,0.022563262581948674
1244033133802065925,negative,0.062078244041998354
1244033133906976768,negative,2.6254237181748332e-05
1244033133999161344,negative,0.05082407348595446
1244033134196219904,positive,0.9998414660158892
1244033137610539009,negative,0.010348947185029819
1244033137887363073,negative,0.00021982109627069883
1244033141750353922,negative,0.13731939579833116
1244033141821648904,negative,0.03440066315670232
1244033141943214084,negative,1.6719519095053524e-08
1244033142018752512,neutral,0.6196569822607014
1244033142165512192,neutral,0.5844963815254476
1244033142404628486,negative,0.0036230052669120514
1244033146087190528,positive,0.9155168959204422
1244033146175225857,neutral,0.39570077291060207
1244033146603126792,negative,0.15245561335092447
1244033149287518208,negative,0.0012864506970616519
1244033150050844672,negative,0.01393436647514705
1244033150101094405,neutral,0.3487619035545952
1244033150331781121,negative,0.014241260245510682
1244033150398935040,negative,8.540086129547671e-08
1244033150533189632,neutral,0.3996580091506196
1244033150541578241,negative,1.464137459180055e-05
1244033150646390785,positive,0.9633618146570545
1244033150646435840,negative,1.8242777695381061e-07
1244033150713565191,negative,9.078185718582633e-07
1244033154333237250,negative,0.1747577190353314
1244033154349969411,negative,0.0002769306370831312
1244033154366803969,neutral,0.41661819183878296
1244033154714910727,negative,0.004412583714518497
1244033154719068160,negative,0.003491451048151276
1244033154744225792,negative,0.0702839220407764
1244033154798755842,neutral,0.5061256727279215
1244033154848980993,negative,0.12179039431685997
1244033154895302657,negative,0.005810595365272513
1244033158577782786,negative,0.11709975974934829
1244033158850412544,negative,4.622258486566205e-05
1244033158863097858,negative,0.1358470587459578
1244033158892396544,negative,0.0013133679196910308
1244033162772189184,neutral,0.44070205690805647
1244033163153649665,negative,0.00029424876437456635
1244033163208396806,negative,0.2629172619785086
1244033163527159809,negative,0.011431305838129508
1244033166656122891,negative,0.27959151080054573
1244033166719008770,negative,0.057883579198259656
1244033167079755776,negative,0.004005739760085088
1244033167159365639,negative,0.12315692656133202
1244033167327141889,negative,0.007219700940721268
1244033171332702208,negative,0.004271961581556198
1244033171341148162,negative,0.0703535481766926
1244033171420831752,negative,0.0014155321190102638
1244033171454296064,negative,0.007883093412547356
1244033175724216328,negative,0.3006403786005674
1244033175787110401,negative,0.0002580397379987334
1244033179846991872,negative,0.04033901858652239
1244033179855523840,negative,0.019347926457790227
1244033180006572032,negative,0.09728649669078628
1244033183424937984,negative,5.875236820833197e-05
1244033183512965121,negative,0.003631429095454684
1244033183672422400,negative,0.007907184193862894
1244033183693312000,negative,0.001205265845571535
1244033183798173706,negative,7.334832110282723e-06
1244033183898796032,negative,0.04541213197949062
1244033183919857670,negative,7.380113993557666e-09
1244033183982723072,negative,0.29657208376253547
1244033184146362368,negative,2.180655695779039e-05
1244033186029502466,negative,0.05471482163519855
1244033188005122048,negative,0.0019014495435444433
1244033188114116611,negative,0.06839051333178764
1244033188139356160,negative,0.2382669582645585
1244033192098697216,negative,0.0754119148601574
1244033192241160192,neutral,0.496030275779855
1244033192241311756,negative,1.69459087522337e-05
1244033192660799489,positive,0.9996536437468253
1244033192669196290,negative,0.0033383819840884883
1244033192803344385,positive,0.9340449982166599
1244033192824320001,neutral,0.46127768308170247
1244033196045590529,negative,0.0537562448537119
1244033196129468416,negative,0.21126322048557683
1244033196204929027,negative,0.003631429095454684
1244033196322365440,negative,0.004473047391415725
1244033196544720897,negative,0.11889083799789002
1244033196716691460,negative,0.2355599102284338
1244033200449601536,negative,0.02265780396262849
1244033200453632000,negative,0.07898264542845428
1244033200487387136,negative,0.21569048242247846
1244033200797691904,negative,0.006514997532595033
1244033200810270720,neutral,0.34581187806444724
1244033204551589889,negative,0.26296320108967264
1244033204660637713,negative,0.07474765593142854
1244033204840955905,negative,3.880068076278992e-06
1244033204841054209,negative,5.929831284828963e-05
1244033204857843715,neutral,0.35969421010868863
1244033205092732929,positive,0.7084763412893234
1244033205109510145,negative,0.004863972395174272
1244033205130407936,neutral,0.46127768308170247
1244033205138841606,negative,5.6440715444635266e-05
1244033205184987137,neutral,0.34581187806444724
1244033208796295174,negative,0.00029686995397183594
1244033209085673472,negative,8.805793281932428e-10
1244033209177964544,negative,0.009319695880400426
1244033209253482496,negative,0.0005753250801810464
1244033209312014336,negative,0.013176469833587593
1244033209504903168,negative,0.0009405835588412403
1244033213124816896,negative,0.15476536780779332
1244033213691019264,negative,0.01809857907717686
1244033213724536833,negative,0.003743251458977075
1244033213737115648,negative,0.003375643946016147
1244033213791703041,negative,0.007658142277071095
1244033213808418818,negative,0.00164319633941862
1244033217088413697,negative,0.0018768524056652816
1244033217205805058,positive,0.825326665957204
1244033217629491201,neutral,0.3838651720914426
1244033217713385472,neutral,0.5533970533999424
1244033218057326597,negative,1.29324958094326e-07
1244033218074075136,negative,0.01404329876692896
1244033221375012870,negative,0.012273739015914139
1244033221383389189,negative,0.31818676783471583
1244033221437898753,negative,0.10462817178963833
1244033221907689472,negative,0.06808386993781053
1244033225313456131,neutral,0.47371072416927557
1244033225556623373,negative,0.003631429095454684
1244033225724395522,negative,0.0005338479874497549
1244033225758052365,neutral,0.4440313949612913
1244033225787346944,negative,0.003240947529306696
1244033225900675079,negative,1.6126567888949802e-16
1244033225942581248,negative,0.172007533741969
1244033225992933377,negative,0.0001469425420016355
1244033226110382081,negative,0.19163194747297604
1244033226215165952,positive,0.8767624715904464
1244033226269700096,negative,0.0007035035899756882
1244033229688012800,negative,0.32295038980407664
1244033229709074433,negative,0.0007103839797182617
1244033229830701057,negative,0.051442929172609286
1244033229834911745,negative,0.001109557525186434
1244033229964955650,negative,0.001601208395808702
1244033230011072518,negative,0.004643938231216682
1244033230011076608,negative,0.0002163606414409176
1244033230015279109,negative,0.06687973182425512
1244033230073929731,negative,0.006652809991008786
1244033230153625600,negative,0.07024840022396711
1244033230409515012,negative,0.2058586146668145
1244033230472388613,negative,5.1738745928038045e-06
1244033230522761217,negative,1.464137459180055e-05
1244033234113003521,negative,4.1563792577385457e-07
1244033234230444036,negative,2.9352915391050072e-12
1244033234394058752,negative,0.00011926062943131239
1244033234402508800,negative,0.0009248004669171528
1244033234494685186,negative,0.05443431377609569
1244033238194180096,negative,0.11370155692546786
1244033238286454784,negative,0.03914535013560267
1244033238336708609,negative,0.02579050155996067
1244033238399664128,negative,0.006193554655235299
1244033238424788993,neutral,0.5343273261767144
1244033238433218566,negative,0.019777013565301496
1244033238437376005,negative,0.015705438130991126
1244033238538104835,negative,0.07888518888259648
1244033238676443137,negative,0.001559442478865896
1244033238844297218,negative,0.30997276950498853
1244033242438778887,negative,0.03516377666807383
1244033242484932610,negative,2.7135969180288958e-05
1244033242606567427,neutral,0.5358791171128704
1244033242640105472,negative,0.03997430185918225
1244033242694639625,negative,0.025778140534111125
1244033242837082113,negative,0.011913465567877271
1244033242879180809,negative,3.352361354611772e-05
1244033242912763904,negative,0.05771397167816779
1244033242925346817,negative,0.01577962857144701
1244033246729560067,negative,0.10189994240121003
1244033246830231552,negative,0.00020660898355470144
1244033247035772930,negative,0.20001004583063595
1244033247086096384,negative,0.0425032337340051
1244033250793848837,negative,0.07544978094761688
1244033250902900740,negative,4.622258486566205e-05
1244033251057917952,negative,0.002770908574861753
1244033251079081984,negative,0.3113375333605979
1244033251171319809,neutral,0.5963145590495958
1244033251284525064,negative,0.03638647299790415
1244033251313942528,negative,0.023296280059002427
1244033251456487432,positive,0.8889118481293443
1244033255038423041,negative,0.0028748121667395415
1244033255185305602,negative,0.003631429095454684
1244033255290146817,negative,0.001894827782618416
1244033255399186434,neutral,0.3759004955538036
1244033255516430336,negative,0.07705226729446564
1244033255516647428,negative,0.270242002258694
1244033259220197382,negative,0.09528185982720531
1244033259270356992,negative,0.0009461095119313201
1244033259496976386,negative,0.0036208020704600183
1244033259651993600,negative,0.10512817235844372
1244033259669008393,negative,0.19345352438981486
1244033259958386690,positive,0.9969850307252502
1244033263628357633,negative,0.0028149135673452615
1244033263699705856,negative,0.21766622461380722
1244033263733297153,negative,6.873266395132757e-06
1244033263775232004,negative,0.14073342666266597
1244033263796174851,negative,1.9055041219143395e-08
1244033263817064448,negative,0.07350768533355774
1244033267625611269,negative,0.19339710912568
1244033267638165509,negative,0.15053190719000256
1244033267730395139,negative,0.0005384826129660094
1244033267923324930,neutral,0.34581187806444724
1244033268011458560,negative,0.02579050155996067
1244033268267319299,negative,0.21766622461380722
1244033271782158336,negative,9.258574166541105e-07
1244033271803138052,negative,8.324310008786493e-05
1244033271815704578,positive,0.8767624715904464
1244033271824109569,negative,0.003291256639878856
1244033271903682566,negative,1.1218288168039399e-06
1244033272146989062,positive,0.8355041267231138
1244033272159653889,negative,0.13159546887304774
1244033272293863424,neutral,0.5910239451607394
1244033275821244416,negative,0.015041480468751544
1244033275921907716,positive,0.99394654008628
1244033276127346688,negative,1.2882016731808073e-07
1244033276232302597,negative,0.05564247165179207
1244033276391677954,neutral,0.4439495417785201
1244033276463009793,negative,0.06798485423975797
1244033279935774726,negative,2.340803102988963e-05
1244033280514678784,negative,0.0478442815689484
1244033280573407232,negative,0.00038468847659465057
1244033280648851458,negative,0.00015671706672071693
1244033280925630470,negative,2.8190894262414614e-06
1244033283337400326,negative,0.003959384039912927
1244033283891003393,negative,0.016020703333546653
1244033284109225985,negative,0.16954215201361134
1244033284260192258,negative,4.131359411341365e-06
1244033284331442178,negative,0.08416240590792011
1244033284394250240,negative,0.23538028827663252
1244033284419526662,negative,0.03649321482797093
1244033284553805832,negative,0.013473656582322175
1244033284557934597,negative,0.04926075123682074
1244033284587368455,positive,0.7099469896476155
1244033284750876679,negative,0.21766622461380722
1244033288307703809,neutral,0.41789928935598125
1244033288454496257,negative,0.0056763530633227146
1244033288538394626,negative,0.0005313396820418175
1244033288676806657,negative,0.0142911416987574
1244033288773275659,negative,0.001622439067130151
1244033288802533378,negative,0.013787257342795584
1244033289033265152,negative,0.02011744081092183
1244033289062682625,positive,0.7217251902519369
1244033289087787009,negative,0.02579050155996067
1244033292631855104,negative,6.150684155809514e-06
1244033292732686337,negative,2.7705536804876964e-05
1244033292816592898,negative,1.6582768235423683e-12
1244033292900450304,negative,5.7922520394778195e-06
1244033292938199047,negative,0.19121999831568517
1244033293055676417,negative,0.01087768849073958
1244033293185699842,negative,0.0002163606414409176
1244033293202358273,negative,2.5398434954693637e-05
1244033297111494659,negative,1.325516211179968e-06
1244033297178595334,negative,7.01260549921679e-09
1244033297291915264,neutral,0.34581187806444724
1244033297296101382,negative,0.19050857153674042
1244033301188395008,negative,0.03401418631404404
1244033301700059138,negative,0.008409915059063976
1244033305235750913,neutral,0.42191422235854953
1244033305680502790,negative,0.0031499395441567835
1244033305772687361,negative,4.014876219129308e-06
1244033309258235904,negative,0.01639859975996102
1244033309535014915,negative,0.000495335392825035
1244033309572726786,negative,7.866877489130735e-09
1244033309677621248,negative,1.1035210292267096e-08
1244033309828661255,negative,0.00991245693035184
1244033313641201666,negative,5.449779275469795e-06
1244033313670664194,negative,0.00014088446863900366
1244033313695838210,negative,0.020371844725120485
1244033313888763904,negative,0.056049501641005146
1244033313964204037,negative,3.363353484740636e-06
1244033314157031424,negative,1.464137459180055e-05
1244033314190692352,negative,0.02617496394117456
1244033314308026369,negative,0.028760377944402664
1244033314341752833,positive,0.7551164774725199
1244033314379399168,negative,0.018771412810109096
1244033317504086016,negative,6.987379980403662e-10
1244033318070497281,negative,5.111637234489173e-09
1244033318372466691,negative,1.109447383414422e-07
1244033318389194752,negative,0.023884379037172384
1244033318422798338,neutral,0.49789225920557484
1244033321870528514,negative,0.0053981324901908306
1244033322012921857,neutral,0.49789225920557484
1244033322151481346,negative,0.006093690663585279
1244033322243764227,negative,0.016933994750202602
1244033322369445888,negative,0.007981390000449838
1244033322470248456,negative,0.0010158664402243251
1244033322663251972,negative,0.23163910472517504
1244033325897039873,neutral,0.49789225920557484
1244033326249377793,negative,3.275614502991245e-07
1244033326463287297,negative,0.06808386993781053
1244033326467317763,negative,0.0016176675564071807
1244033326517596160,negative,0.022563262581948674
1244033326534365185,positive,0.7469405270194408
1244033326547193856,neutral,0.42695075000513394
1244033326672793600,neutral,0.42631483270745657
1244033326685577225,neutral,0.464133070805814
1244033326983401472,negative,0.02420159115121594
1244033330540171270,negative,0.05840547782917737
1244033330821189633,negative,0.0007875194687077579
1244033330863132672,negative,0.2604757822262492
1244033330879873024,negative,1.109447383414422e-07
1244033331009814530,negative,0.009601276954877723
1244033334679875585,negative,9.078185718582633e-07
1244033334730080256,negative,0.007883093412547356
1244033334784790528,negative,0.017179597848663856
1244033334793076740,negative,0.12680471645005845
1244033334935683073,negative,1.089018471661338e-08
1244033334952460288,negative,0.1024152493901491
1244033334969274369,negative,0.006101456415927091
1244033335007023104,negative,0.025159004582940184
1244033335049039873,neutral,0.39439463283712184
1244033335178997760,positive,0.9434090797393155
1244033335237599232,negative,0.0010663749770575973
1244033339037712386,negative,0.014178520101710867
1244033339243278341,negative,0.03387508317880513
1244033339323035651,negative,0.0007886812442353447
1244033339423625216,negative,0.034301583021262044
1244033343076917248,negative,0.008591444755373002
1244033343127203840,negative,0.26512827459876154
1244033343181766658,negative,0.05606726409830126
1244033343370526720,neutral,0.400930001220365
1244033343395696640,negative,0.009319695880400426
1244033343412371456,negative,0.006357735230864447
1244033343672508416,neutral,0.33589176443781904
1244033347283824641,negative,3.433606374420281e-13
1244033347288010753,negative,0.006891679323850784
1244033347338240002,negative,0.14292035803670372
1244033347443097605,negative,0.0017981650016121226
1244033347497742336,neutral,0.3473747991431658
1244033347518677000,neutral,0.384702058244989
1244033347661238273,negative,0.020094007213711306
1244033347904552961,negative,8.997230604084944e-08
1244033351599742977,negative,0.010367359093515023
1244033351675260928,negative,0.07697816051192105
1244033351717134336,neutral,0.48728019602140255
1244033355487883265,negative,0.0028064520636581717
1244033355730923520,neutral,0.512535450977486
1244033359828996098,negative,0.00013316626531042363
1244033359875059714,negative,0.024121767871764597
1244033360026046466,negative,0.01757026408824009
1244033360130977794,negative,5.7962338244392585e-08
1244033360193884164,negative,0.23851434859763457
1244033360361635840,negative,0.002749260162305774
1244033360457916416,neutral,0.49789225920557484
1244033364023226368,negative,0.01027972597703549
1244033364245577728,negative,0.029917500460201044
1244033364270743558,negative,0.16355578832098583
1244033364673179648,negative,4.949243442863289e-05
1244033368360210441,negative,0.0027819269042816106
1244033368502796289,negative,8.256255193218637e-05
1244033368603242496,negative,0.08469211923801331
1244033368687247363,neutral,0.49789225920557484
1244033368783818752,negative,1.3546351344101125e-05
1244033368821563393,negative,0.0013103326116736622
1244033368976773120,negative,0.008053005014327102
1244033372390817792,negative,4.08809872557418e-06
1244033372428685313,neutral,0.5136446707795853
1244033372969672704,negative,8.151513268321573e-06
1244033373015887872,negative,0.0009405835588412403
1244033373024051201,negative,0.012402286472714614
1244033376606191616,negative,0.026525278494741643
1244033376631361537,neutral,0.40506534230917196
1244033376652341248,negative,0.001311435971829198
1244033376660656129,negative,0.018771412810109096
1244033376723632128,negative,0.011483482718419638
1244033376874639360,negative,0.09960893016532833
1244033376878764032,negative,0.0011570838906555423
1244033376916508674,negative,0.014513029960521917
1244033377025622018,negative,0.014803474008022805
1244033377063313415,neutral,0.39439463283712184
1244033377201782784,neutral,0.5017543432377519
1244033380624281601,negative,0.0035691094727351913
1244033380712316933,negative,1.4848533100947449e-05
1244033381005918217,negative,0.006891679323850784
1244033381077266432,negative,0.025672156194776266
1244033381257695232,negative,0.014377981458463857
1244033381291175938,negative,0.14602926824499013
1244033381303713801,negative,0.05811733616613741
1244033384881381376,negative,0.04048027609629756
1244033385040838662,negative,0.01677596167393845
1244033385103843330,negative,0.006891679323850784
1244033385246449666,negative,0.007262372913719044
1244033385363841025,negative,0.1261255415988334
1244033385560969217,negative,0.005278721816958833
1244033385678475266,negative,0.08812361873347958
1244033385716232192,negative,0.056867876093148896
1244033389180657667,negative,1.8242777695381061e-07
1244033389272989696,negative,1.425187741416063e-05
1244033389365166080,negative,0.2890930928559109
1244033389377867776,negative,0.000689851769129337
1244033389474263041,negative,0.055309295980760745
1244033389486837762,negative,0.020010561220605214
1244033389612740608,negative,0.0013706213458058412
1244033393379217408,negative,0.0011738066774747728
1244033393496596484,neutral,0.4920093293657259
1244033393500860421,negative,2.180655695779039e-05
1244033393651847169,negative,0.26942968309050136
1244033393748254720,neutral,0.390828263951581
1244033397401542661,negative,1.9936837246502958e-09
1244033397548253189,negative,0.004790351062067848
1244033397598683139,negative,0.0019420647621183201
1244033397657395202,negative,0.029150861744157496
1244033397669998600,negative,0.0035216583070106218
1244033397833465862,neutral,0.34581187806444724
1244033397867065348,negative,0.0017914268668330362
1244033397879721986,negative,0.003743251458977075
1244033397934239750,negative,0.02579050155996067
1244033398005530626,negative,0.00020660898355470144
1244033398106185729,negative,0.00021600533890130545
1244033398127067138,negative,0.06730597594679376
1244033398169120768,negative,0.05250969383912977
1244033401566498817,negative,0.00020508630791436015
1244033401776230400,negative,0.22075368387503813
1244033401809756161,negative,0.00020660898355470144
1244033402006720512,negative,0.01861826499111092
1244033402166181889,negative,0.0396903661154741
1244033402287816704,negative,0.27727182083118196
1244033405953720320,negative,0.0009580416534800444
1244033406033448967,negative,4.105411476139788e-06
1244033406079557636,negative,0.00020805056966684052
1244033406087938051,negative,0.13204643100872074
1244033406159278082,negative,0.005986979540829703
1244033406163472389,negative,0.04653972460200148
1244033406259941377,negative,0.003557931530115799
1244033406259941378,positive,0.6842388498235081
1244033406285033478,negative,0.0006390444891854684
1244033406352134144,negative,0.0008871997827428895
1244033406645739520,negative,0.13516801169331602
1244033410198319109,negative,0.011775316711268193
1244033410307416065,neutral,0.6436652494440961
1244033410479292423,negative,0.0008022495841751336
1244033410646945792,negative,0.00010467691731249328
1244033414313005071,negative,0.005011335748530636
1244033414375845891,negative,0.3068863236225354
1244033414417842178,negative,0.21766622461380722
1244033414451335174,neutral,0.4281941348036956
1244033414468165640,negative,0.0001570762370165333
1244033414472314881,neutral,0.5625871607031582
1244033414518505473,negative,8.994483488966381e-06
1244033414602391558,neutral,0.5938022340159339
1244033414749130752,negative,0.14776111067542747
1244033414757523462,negative,5.0533265403530085e-05
1244033414774362112,negative,0.12114929120602734
1244033414841487364,negative,0.001727390111135564
1244033418188296193,neutral,0.6291225409006443
1244033418637332482,negative,0.0011741400222647722
1244033418670804992,negative,0.003309139911045687
1244033419090120704,negative,1.537410316711178e-05
1244033419094491138,negative,0.0016952152485840265
1244033419220221953,negative,0.006891679323850784
1244033419358736384,positive,0.8723793189317833
1244033419362869249,positive,0.6699487633241522
1244033419367141376,neutral,0.3776658546115111
1244033419517952000,negative,0.0027002344440646563
1244033422919688194,negative,0.2005976693705853
1244033422965772288,negative,0.010238341358572137
1244033422995136515,negative,0.00017584471725291302
1244033423020302336,negative,0.03361330768510862
1244033423087472641,negative,0.014174163156158048
1244033423125164032,negative,6.400795291118797e-05
1244033423142006786,negative,0.29328720784097617
1244033423154515969,negative,2.6740927418161106e-07
1244033423167172616,neutral,0.5017543432377519
1244033423276113921,negative,0.03160954588924478
1244033423376896001,negative,0.25639057734449666
1244033427030097922,negative,0.24648297121847887
1244033427126575109,positive,0.7838850552562889
1244033427130789892,positive,0.8723608038160925
1244033427147456513,negative,7.730025521227108e-05
1244033427202084864,negative,9.844865332606657e-06
1244033427290173451,negative,0.011483482718419638
1244033427348873218,neutral,0.39541541653293916
1244033430859534336,negative,0.007092740778771518
1244033431081754624,negative,0.16061727605996895
1244033431157211136,positive,0.9741186647144223
1244033431375355907,negative,0.00150960376074577
1244033431388016640,positive,0.9122008651736873
1244033431417339906,negative,0.11109946625489824
1244033431442460674,neutral,0.49789225920557484
1244033431454932992,negative,0.00020660898355470144
1244033431509614593,neutral,0.4772438724663922
1244033431543169025,negative,0.06409945035641852
1244033434911002624,negative,0.0011421384291085699
1244033434999296000,negative,2.7418743031770803e-05
1244033435414466563,negative,0.2361982114504274
1244033435531915264,negative,1.464137459180055e-05
1244033435586396164,negative,0.0010856673432045952
1244033435586486274,negative,0.00337411272107555
1244033435649351686,negative,0.09161156495561204
1244033439629746176,negative,0.01965873695559837
1244033439637966849,neutral,0.49789225920557484
1244033440057561089,neutral,0.43583771708756175
1244033440112168962,negative,0.07730921141011626
1244033440137314305,neutral,0.49789225920557484
1244033443807342594,positive,0.9611958417475951
1244033443819896832,neutral,0.3507781522289823
1244033447892574210,negative,0.03409791401283905
1244033448228110342,negative,0.00854925037423649
1244033452133027843,negative,0.009554998558988306
1244033452242059264,negative,0.2539135204009503
1244033452720128005,negative,0.00022325718911281068
1244033455991775237,neutral,0.40355696579222006
1244033456281133056,negative,0.0004297861821360235
1244033456407040007,negative,0.00035003942544144354
1244033456419594242,negative,0.16802438710796086
1244033456457252867,positive,0.7898565583048688
1244033456599941122,negative,0.012652817569050732
1244033456675438592,negative,0.07738059547332773
1244033456675467264,negative,4.105411476139788e-06
1244033456784527361,negative,1.464137459180055e-05
1244033459749883905,negative,0.003631429095454684
1244033460559212545,neutral,0.49789225920557484
1244033460567711756,negative,0.05445331772901715
1244033460580253697,negative,0.014003489200819525
1244033460802588673,negative,0.29363842261871115
1244033460878086153,neutral,0.390828263951581
1244033460911685635,negative,0.005543912008790338
1244033460991340545,negative,0.02579050155996067
1244033461129797632,negative,4.622258486566205e-05
1244033461251387392,negative,0.1960703352058945
1244033462463537152,negative,0.00016769490686698341
1244033464791228416,negative,1.658254361096706e-05
1244033464866934785,negative,0.05177277466832924
1244033465034604550,negative,0.0009948166327767066
1244033465047289861,positive,0.7898565583048688
1244033465156337666,negative,0.0758847487036547
1244033465173118976,neutral,0.3688120122074838
1244033465189830665,negative,7.85375262553082e-07
1244033466481684481,neutral,0.4440114489913187
1244033468671164416,negative,0.004011213733941074
1244033468734070785,negative,0.00025830408749513505
1244033469052837889,negative,0.08416240590792011
1244033469090615309,neutral,0.4507454498615163
1244033469182689280,negative,0.02215049456252285
1244033469270953990,negative,0.0028208237437340107
1244033469329674247,negative,0.24406553068144562
1244033469375791105,negative,0.0031698023375010915
1244033469379948549,negative,2.926724422251301e-08
1244033472995512325,neutral,0.34581187806444724
1244033473003819016,negative,0.26049666908013563
1244021480691830786,negative,0.0001310602692167349
1244021480696020995,negative,0.006759207829199101
1244021480704237572,negative,0.05090584590107345
1244021481253847040,negative,0.037822322158600125
1244021481526476801,negative,0.002461423139304192
1244021481862021121,negative,0.001951247255355429
1244021481891344385,negative,9.078185718582633e-07
1244021482101055489,negative,0.1996497795473914
1244021482260398081,negative,0.0028208237437340107
1244021482403123201,negative,2.4320498404274944e-08
1244021482491084800,negative,0.0025452735171759963
1244021482675736578,negative,0.013473656582322175
1244021482717622272,negative,0.027884692553562653
1244021483162255362,neutral,0.43245535882626035
1244021483212603394,negative,0.31138705512589365
1244021483447496705,negative,0.00043479158297754717
1244021483493642240,negative,1.0831894168086737e-07
1244021483497754625,negative,0.16329902222979023
1244021483598381057,negative,0.00017746571030837383
1244021483762061312,negative,0.0810357961058143
1244021483799826432,negative,0.0026183847140741445
1244021484030484481,negative,0.062078244041998354
1244021484076630018,negative,0.00011486591003712674
1244021484156268544,negative,0.2149668651837337
1244021484756107264,neutral,0.5601074124055782
1244021484806377473,neutral,0.6501195493830086
1244021484806438913,negative,0.00017742322596606534
1244021484827357186,negative,7.168210168870402e-05
1244021484898697217,negative,0.14447090845404978
1244021485007667201,negative,0.0009405835588412403
1244021485263560705,negative,7.614472124157863e-06
1244021485548732416,negative,0.004295893940106045
1244021485762732032,negative,0.023453351307945992
1244021486031122432,neutral,0.48728019602140255
1244021486270255109,negative,0.0003519712412922897
1244021486354157569,negative,0.0016068741614398726
1244021486953934848,negative,0.0005005073813694988
1244021487021015040,negative,0.041663830134125265
1244021487050293249,negative,0.10955290550181071
1244021487050412034,negative,0.00046980250087485923
1244021487067160576,negative,0.0006521966640329419
1244021487176163328,negative,0.014559859026652643
1244021487201398784,neutral,0.6311263797285287
1244021487213989888,negative,0.07554262521679907
1244021487419494400,negative,0.0016734340388849492
1244021487465611266,neutral,0.40112326862808023
1244021487482417153,negative,0.06116018580540677
1244021487742394369,negative,0.08071790220644316
1244021487784333312,negative,0.008194190516602307
1244021487796998151,negative,0.2994667002012834
1244021487927013376,negative,0.000531661702069201
1244021488296046592,negative,0.03272275407174009
1244021488400961536,negative,0.034757561817672554
1244021488665198593,negative,0.010065054018490461
1244021488736501761,negative,0.00036031420819253855
1244021489034301440,negative,0.22034467059752194
1244021489290088448,negative,0.0010928191823583243
1244021489596354561,negative,0.011076433876945145
1244021489789173762,negative,0.08783194342588421
1244021489801875457,negative,0.08783194342588421
1244021489885745152,negative,0.03690540417300197
1244021490003083267,neutral,0.45951481552100104
1244021490112233474,negative,0.05357146308768236
1244021490397347841,neutral,0.38371190857257187
1244021490426818560,negative,0.151631961768421
1244021490628071424,negative,0.010613161496317683
1244021491072749569,neutral,0.6271983826372071
1244021491227918337,negative,0.07811486630362856
1244021491383091200,negative,0.0849259795735326
1244021491387285504,negative,0.0511302540897556
1244021491643101187,negative,0.006044578013271609
1244021491672416259,negative,0.0010168766338956936
1244021492217716739,negative,0.004790351062067848
1244021492276396034,negative,0.0013832795089375426
1244021492523970560,negative,0.05004234220526821
1244021492704256001,negative,0.005186732020307045
1244021492758822913,negative,0.062078244041998354
1244021492779810818,negative,0.00028504002521389886
1244021492825939971,negative,3.162774246136649e-05
1244021492960157697,negative,0.12179039431685997
1244021493039849472,positive,0.9948547591569158
1244021493115346944,positive,0.9911523965245718
1244021493220159489,positive,0.8306330254957636
1244021493434068993,negative,0.0009838971456966935
1244021493752836096,negative,4.713201097264313e-07
1244021493761298432,negative,0.013079293816547323
1244021493765373952,negative,0.001783717237823678
1244021493807357954,negative,0.013079293816547323
1244021493895438337,negative,0.05000972278013805
1244021493962543104,negative,0.00031544589569313633
1244021494889558016,negative,1.4848533100947449e-05
1244021495120171008,negative,0.0006381757380093362
1244021495510097920,positive,0.9987892601598714
1244021495895973889,negative,0.001783717237823678
1244021495942299648,negative,0.0012635899871934794
1244021495980085249,negative,0.013726876051428716
1244021496026140674,positive,0.7898565583048688
1244021496445579265,negative,0.006637363255833475
1244021496454021120,negative,0.00662413855396368
1244021496776986624,negative,0.30246502162681876
1244021496781197315,negative,0.006044578013271609
1244021496797900800,negative,0.004605932673330669
1244021496919592960,positive,0.9016784198807171
1244021497020256257,negative,0.028786205109426116
1244021497204621312,positive,0.7245720051794796
1244021497284513793,negative,0.005919917288187467
1244021497460654081,negative,0.00184133656803176
1244021497762582529,negative,0.03499935783459731
1244021497926213634,negative,0.001783717237823678
1244021497942945792,negative,0.1419849997970458
1244021497976557568,negative,0.0005352034819980819
1244021498177826818,negative,0.07201808274067398
1244021498223960064,negative,0.006044578013271609
1244021498274291713,negative,3.6926567374332634e-05
1244021498387378178,negative,0.21761928271707548
1244021498551119874,negative,0.02617496394117456
1244021498983170051,negative,0.28844747902179985
1244021499029327873,negative,0.0012978503105311302
1244021499037650945,negative,0.12975482955359893
1244021499108954115,negative,0.04826559063380591
1244021499155173376,negative,0.013079293816547323
1244021499197095938,negative,0.0363489809667651
1244021499360657409,negative,0.0001570762370165333
1244021499645898753,negative,0.23108660748076523
1244021499750682624,negative,0.004043594512216925
1244021499893334019,negative,0.014345423146114726
1244021616402710530,negative,0.0004339804233115323
1244021616587268097,neutral,0.41858586299945316
1244021616675299328,negative,0.005186732020307045
1244021616780218368,negative,1.0323099350360985e-07
1244021616960552960,negative,1.1593462166961372e-05
1244021616989921282,negative,0.010310247255889506
1244021617132527616,negative,0.052256046489331125
1244021617174462465,negative,0.05388633277646532
1244021617254170624,negative,0.00033812522526439296
1244021617531006977,negative,0.0001336550687845265
1244021617564532737,negative,0.004605932673330669
1244021618160132097,negative,0.028786205109426116
1244021618176708608,negative,0.01657640195004737
1244021618608930819,negative,0.14666907117432557
1244021618646691841,negative,0.006891679323850784
1244021618650877953,negative,0.03160954588924478
1244021618856415234,negative,0.1608293192754019
1244021618957004802,neutral,0.3986771351137957
1244021619456200705,positive,0.7450415407955834
1244021619791626240,negative,0.0009573374504413971
1244021619930140672,negative,0.007596587981538805
1244021620051791872,negative,0.002662962074531981
1244021620295032835,neutral,0.607227681056038
1244021620949336065,negative,5.788610593142314e-06
1244021621016408066,negative,0.0006061921080529063
1244021621171662850,negative,0.05663499362000135
1244021621280722944,negative,0.0005956740714152548
1244021621406535681,negative,0.00026012664261102484
1244021621612064769,negative,0.004605932673330669
1244021622446710785,neutral,0.3440748575731681
1244021622719348737,negative,0.0016681070704991513
1244021622761283584,neutral,0.5343273261767144
1244021623235149824,negative,0.2778737071329898
1244021623814066176,neutral,0.5528027851369759
1244021623998513152,negative,0.004718100697276942
1244021624145416192,negative,0.10499299692036099
1244021624350924800,negative,0.003631429095454684
1244021624501932032,negative,0.024887703034714832
1244021624585760768,positive,0.8767624715904464
1244021624875159552,negative,0.12814726804395457
1244021624988467202,positive,0.9633618146570545
1244021625185599490,negative,2.7999068837533633e-09
1244021625198166016,neutral,0.3371917382004204
1244021625269469185,negative,6.587823566879314e-06
1244021625428869120,negative,0.023453351307945992
1244021625613438977,negative,0.03690540417300197
1244021625974140929,negative,0.13005039473615035
1244021625982464001,negative,0.002864757432043591
1244021626037063681,negative,0.0014695604194779363
1244021626313814018,neutral,0.49789225920557484
1244021626322276353,negative,1.2230171882510266e-05
1244021626749976577,neutral,0.3599607905714538
1244021626800410625,negative,0.04249078125618548
1244021626989133824,negative,0.0016952152485840265
1244021626989162496,negative,0.21560301466637494
1244021627064631296,negative,0.0007035035899756882
1244021627119173632,negative,0.00023501636608027972
1244021627362275334,negative,0.01362470811346964
1244021627387555840,negative,0.30008384362478996
1244021627626704896,negative,0.023168571397405368
1244021627777622016,negative,0.016183134023784636
1244021627857309697,positive,0.7469405270194408
1244021627869958144,negative,9.078185718582633e-07
1244021627874168833,negative,0.16023298056495605
1244021627987341314,negative,0.005107166272803154
1244021628121550849,negative,0.00023553789970734358
1244021628427780096,negative,0.006854436458580595
1244021628440322048,negative,0.04826559063380591
1244021628562034688,negative,0.003255326782231566
1244021629514059777,negative,4.194927275232794e-06
1244021629820309505,negative,7.453287120132322e-08
1244021630059327488,negative,0.2259363313368372
1244021630080176128,negative,0.021451602629445534
1244021630344540160,negative,9.078185718582633e-07
1244021631158300672,negative,7.44828579714155e-08
1244021631242174464,negative,0.042487083239101775
1244021631275671554,negative,0.008660462246551816
1244021631288258561,negative,0.017857501480695672
1244021631367946240,negative,0.0006061921080529063
1244021631376392193,negative,0.0011697914856799566
1244021631598637057,positive,0.7058974431839885
1244021631732899843,negative,0.002785913932155849
1244021631787438080,negative,0.08530603216676903
1244021631841759233,positive,0.6920385024178974
1244021631900692481,positive,0.7898565583048688
1244021632060084224,negative,7.614472124157863e-06
1244021632106221569,negative,0.026367815204831703
1244021632282365955,negative,0.18743316652488654
1244021632437542912,negative,0.004478255686125542
1244021632710201344,negative,0.0024361475528289988
1244021632869511168,positive,0.9633618146570545
1244021633364434945,neutral,0.3311703258312896
1244021633393799170,positive,0.7898565583048688
1244021633507041282,negative,0.11606615711610639
1244021633641218048,negative,0.00028504002521389886
1244021633792249856,negative,0.00028504002521389886
1244021634039775232,negative,0.13516801169331602
1244021634362757120,positive,0.7898565583048688
1244021634719252480,negative,0.012845703814972952
1244021634777911296,negative,0.003631429095454684
1244021635042152449,negative,0.0003140181239540877
1244021635109343233,negative,0.28350443382720564
1244021635121852416,neutral,0.37758735993681
1244021635411296256,negative,0.0007165252805427558
1244021635776208896,negative,0.02486595466041837
1244021636166287360,negative,0.06238617393366298
1244021636204036101,negative,0.16061727605996895
1244021750519783426,negative,0.01165578132929399
1244021750830153728,negative,0.09934271626015083
1244021750851080194,negative,0.0009405835588412403
1244021751211872257,negative,0.20104499632480102
1244021751564177408,negative,0.02647932589327968
1244021751723458561,negative,0.00033862580664533777
1244021751815815170,negative,0.0009405835588412403
1244021751853527040,negative,0.00662413855396368
1244021751996133376,negative,0.0575450218026726
1244021752579096578,neutral,0.37758735993681
1244021752637935616,negative,0.05681789827597908
1244021752784707587,negative,0.015775119185978608
1244021752986042370,negative,0.18164883588736264
1244021753116004352,negative,0.07568310837200005
1244021753195659264,negative,0.009946397545797354
1244021753829097473,negative,0.0009405835588412403
1244021753862598656,positive,0.833249333142946
1244021754395271169,positive,0.6617440734925079
1244021754474840064,negative,0.0009405835588412403
1244021754638581761,negative,0.2621435295041906
1244021754818936833,negative,0.0038570612579550616
1244021755041193984,negative,0.000328600517334401
1244021755183804416,negative,0.0001570762370165333
1244021755322273792,negative,0.000247472276470234
1244021755360038914,negative,4.153980406367475e-05
1244021755561336834,negative,3.337443781617255e-05
1244021755582328834,negative,0.06656632870685551
1244021755766857729,negative,0.008983608685983172
1244021755833958400,negative,0.013959624772092496
1244021755871723521,negative,0.151631961768421
1244021756198780928,negative,2.888371199600019e-07
1244021756563574785,negative,0.04218817575043573
1244021756622508033,negative,0.011896139005547597
1244021756689633282,negative,0.011186603691380036
1244021756693749761,negative,2.575389152822565e-06
1244021756978966528,negative,0.006302397749799379
1244021757037522944,negative,0.03602396993932181
1244021757096402944,negative,0.00017916272213454527
1244021757360644096,negative,0.007076597188481792
1244021757536808961,negative,0.030740836166897833
1244021757687795712,negative,0.060108592983851294
1244021757767487488,negative,1.0153714190150674e-11
1244021757838852096,negative,0.012652817569050732
1244021757868232705,negative,0.0009405835588412403
1244021757893378049,negative,0.0034307333391984563
1244021758740566016,negative,4.883302305235676e-05
1244021758820257792,negative,0.0014624269952852591
1244021758996418563,negative,0.06560520082635739
1244021759294267393,negative,0.07728154121894935
1244021759340404737,neutral,0.5140335801237879
1244021759596212226,negative,0.0001829132232352643
1244021759612944384,negative,0.18477356597233874
1244021759692738560,negative,0.04943767567444571
1244021759843565568,negative,0.0859068835247598
1244021760242126850,negative,0.007260135119388749
1244021760321826820,negative,0.0006061921080529063
1244021760472879105,negative,0.002922892162245995
1244021760791642113,negative,0.10499299692036099
1244021760892305408,negative,0.038565867754964275
1244021760980377601,negative,9.078185718582633e-07
1244021761068466176,negative,0.0007035035899756882
1244021761253019648,negative,0.0021146262419722596
1244021761408196608,negative,0.1433519490885973
1244021761534025728,negative,0.13011871948132217
1244021763165556739,negative,9.69627843222924e-05
1244021763211759617,negative,0.01577092977700161
1244021763287154690,negative,0.003608508008212976
1244021763522035713,negative,2.1215333792757838e-05
1244021763954049024,negative,0.25009513614824985
1244021764033781760,negative,0.041933276513833655
1244021764428005378,negative,0.03282257547826082
1244021764436492288,negative,0.002958956812424432
1244021764516130817,neutral,0.34053597096917604
1244021764646146050,negative,0.0014551579720839555
1244021764788760577,negative,1.8242777695381061e-07
1244021764801396738,negative,0.0004938530946125513
1244021764952375298,positive,0.8767624715904464
1244021765065621505,negative,9.078185718582633e-07
1244021765296308226,negative,0.00437874493612149
1244021765367648259,negative,0.005835010119374576
1244021765510234112,positive,0.9083950952301793
1244021765644472321,negative,0.11562310871185347
1244021765694803968,negative,0.014834406942160556
1244021765984210948,negative,0.010245360425363967
1244021766533648385,negative,3.352361354611772e-05
1244021766898552832,neutral,0.6335386465649767
1244021767242473474,negative,0.004149099536362812
1244021767603134464,negative,0.016713895842492135
1244021767691292674,neutral,0.3364082756260011
1244021767821279232,negative,0.0007657644973231108
1244021768077160449,negative,0.21036643373767208
1244021768102260737,neutral,0.3841723473384547
1244021768207163394,negative,0.08641516893394857
1244021768584658947,negative,0.003491451048151276
1244021768723017732,negative,0.005260775403274126
1244021768899170307,negative,0.0007067739530015191
1244021769884884994,negative,0.10307432340427858
1244021770056761344,negative,0.002370977018037898
1244021770434347009,negative,6.707866704574196e-07
1244021770740531200,negative,0.0009361122383027407
1244021770790862848,negative,0.0026611557568528344
1244021770895712256,neutral,0.6271983826372071
1244021770899734528,negative,1.5020348289517011e-06
1244021771268804615,negative,0.0023472983364017748
1244021771436724226,negative,0.011349348171007396
1244021771671605249,negative,0.07738609678574275
1244021772174983171,negative,0.317626749779072
1244021772191760384,negative,0.00184133656803176
1244021772497883137,negative,0.001894827782618416
1244021773143769089,positive,0.9944552791336777
1244021773303189504,negative,0.020252162110012566
1244021887128211457,negative,0.0006390444891854684
1244021887698681856,negative,3.934602269968796e-09
1244021887711072256,negative,0.0009405835588412403
1244021887857983488,positive,0.990874293047394
1244021887916785664,positive,0.8767624715904464
1244021887937777664,negative,0.00209734124858413
1244021888164167682,negative,0.06897304448899813
1244021888210415618,negative,0.21036643373767208
1244021888294273024,negative,8.603993300332254e-05
1244021888390762497,positive,0.9878330121877
1244021888860524545,negative,0.06254477186045729
1244021888969584641,negative,0.0001310602692167349
1244021889154068480,positive,0.9542043903517397
1244021889200279553,negative,0.005986979540829703
1244021889296670721,negative,5.130908500159121e-05
1244021889376419841,negative,0.012652817569050732
1244021889502232576,negative,0.05868855515589094
1244021889888129024,negative,0.05821091833556173
1244021890081054721,negative,9.69627843222924e-05
1244021890215272448,negative,0.010113108252073856
1244021890441715713,negative,3.70449645448944e-05
1244021890668167169,negative,0.0009149074229372437
1244021890760544256,negative,0.08889029117570464
1244021890840068101,negative,0.002864757432043591
1244021891158999040,negative,0.22139672693403878
1244021891213467648,positive,0.7561959567113394
1244021891624579072,negative,0.27007438576683057
1244021891700006912,positive,0.8767624715904464
1244021892119441408,negative,5.9216909044370646e-09
1244021892194975745,negative,0.059995926236084345
1244021892366962689,negative,0.05848713039613169
1244021892442447873,negative,5.693921343100454e-06
1244021892652183553,negative,5.044496675201345e-05
1244021892740251648,negative,0.031734383975092074
1244021893381922816,neutral,0.3932594373728811
1244021893432324096,neutral,0.396352349529719
1244021893826580482,negative,0.07738609678574275
1244021893935566852,neutral,0.3371917382004204
1244021893981704197,negative,0.062078244041998354
1244021894053011457,negative,0.13011871948132217
1244021894216585217,negative,3.133587291932924e-05
1244021894342414336,negative,0.05681789827597908
1244021894665338881,neutral,0.585899793654122
1244021894686400512,negative,0.3034643701562173
1244021894983999492,negative,5.073474765627474e-06
1244021895139414016,neutral,0.3838651720914426
1244021895311372288,negative,0.29212468790112484
1244021895558828033,negative,0.006891679323850784
1244021895634341888,negative,0.018610095460724393
1244021895667879938,negative,0.11573686274405388
1244021895772717057,negative,1.8242777695381061e-07
1244021895948795904,negative,0.0006061921080529063
1244021895994826758,negative,2.338212469474306e-05
1244021896032780288,neutral,0.4757917870980924
1244021896242442240,negative,0.0009405835588412403
1244021896309608450,negative,0.006891679323850784
1244021896364134400,negative,0.034029479345197615
1244021896695463936,negative,0.04480207532810421
1244021896800321536,negative,8.409243191946418e-05
1244021897475567616,negative,0.004302936035052433
1244021897513308162,negative,1.1259120074150248e-05
1244021897530048514,negative,0.01767102748294925
1244021897731473410,neutral,0.38153666406110287
1244021897932791808,negative,0.300314867232281
1244021897949597698,negative,0.0023212325689417816
1244021898381590529,negative,4.02751548555672e-05
1244021898448646144,neutral,0.3371917382004204
1244021898700349440,negative,1.6719519095053524e-08
1244021898914271232,negative,0.009209429554740382
1244021899006480385,negative,0.014513029960521917
1244021899111342081,negative,3.507422929699343e-05
1244021899379838980,negative,0.12215079170698896
1244021899471904772,negative,0.018287333965463604
1244021899828572162,positive,0.8767624715904464
1244021899841220608,negative,0.00016457784495098795
1244021899849580544,negative,0.004527329282623551
1244021900076036098,neutral,0.538537789725144
1244021900407451648,negative,0.03876737456449012
1244021900948508672,negative,0.015026293865349136
1244021901128871937,negative,3.761967837388861e-06
1244021901405687809,negative,3.900744338995659e-06
1244021902026424322,negative,0.06853289861815255
1244021902567510018,negative,0.0006390444891854684
1244021902689140736,negative,0.06219430179630523
1244021902710050819,negative,3.0650131981997945e-08
1244021902760443904,positive,0.9999996616280389
1244021903372754946,negative,0.0014094257187744165
1244021903754477568,positive,0.8876354051989515
1244021904073244672,negative,0.0006061921080529063
1244021904110792705,negative,0.011534272463010031
1244021904203186176,negative,0.020252162110012566
1244021904236843009,negative,0.11296209532166543
1244021904295460864,negative,0.008230241267569468
1244021904366862336,negative,0.0602219417442213
1244021904974938115,negative,9.078185718582633e-07
1244021905050537986,negative,0.0007888539352750521
1244021905385906181,negative,0.13786324302075764
1244021905646108672,negative,0.0003655833871144253
1244021905750884352,negative,0.00898831791968692
1244021905776087043,negative,6.195080719967024e-05
1244021905872637956,negative,0.02649751675832098
1244021906140995585,negative,0.004832988568603072
1244021906501664769,negative,0.05681789827597908
1244021906635919360,negative,0.21009642298769565
1244021906967314432,negative,0.0014359289268992168
1244021907055210497,negative,0.003298343069749181
1244021907416113152,negative,0.0026981932380042307
1244021907684495360,negative,0.05821091833556173
1244021907726442497,negative,0.062078244041998354
1244021907780964352,negative,0.0005352034819980819
1244021907839688704,negative,0.05771397167816779
1244021908187893760,negative,0.06022548899216122
1244021908217245698,neutral,0.4507454498615163
1244021908384989185,negative,0.0005913478855086392
1244021908695375873,negative,0.062078244041998354
1244021908934443008,positive,0.8767624715904464
1244021909437759488,positive,0.986918881626361
1244022026010071042,negative,0.07763903852516132
1244022026131693569,negative,0.0003160575967488021
1244022026144079872,negative,0.01892446118027608
1244022026207100929,negative,8.091541784709543e-05
1244022026404331521,neutral,0.49789225920557484
1244022026714730499,negative,0.05735691840036623
1244022026907586561,negative,0.12607019369195466
1244022027171790848,neutral,0.5173008960746949
1244022027419373570,negative,0.10667274043780822
1244022027746512897,negative,0.006891679323850784
1244022027889119232,negative,0.0013722757752262192
1244022028061081600,negative,0.00010415703785484485
1244022028094537730,negative,9.078185718582633e-07
1244022028253966337,negative,0.3282419999848567
1244022028476219394,negative,3.6926567374332634e-05
1244022029382307841,negative,0.05080595096907198
1244022029583605760,neutral,0.3920775259595825
1244022029952659456,negative,0.005581251591427411
1244022030141358080,neutral,0.35641863155921
1244022030669881345,neutral,0.471768085713234
1244022030808289282,neutral,0.40506534230917196
1244022030825111552,negative,0.19272269145044194
1244022031047372800,negative,0.0003676496949212843
1244022031051558913,negative,9.429104678878851e-05
1244022031064215552,negative,0.018108523465303537
1244022031160619012,negative,0.0017704414975331455
1244022031177396224,negative,0.0004903623249069306
1244022031399731200,neutral,0.5140335801237879
1244022031592628224,negative,1.215468154487479e-07
1244022031944990721,negative,0.2994667002012834
1244022032242749440,negative,0.05216391749894212
1244022032276377603,negative,0.25009513614824985
1244022032884523009,negative,0.26676435695800577
1244022032943198208,negative,0.06043424831479443
1244022033199005699,negative,0.018679113247141395
1244022033283010562,negative,0.053148128124647746
1244022033341693954,neutral,0.4757917870980924
1244022033651990530,negative,2.2514586999149342e-05
1244022033773715457,negative,0.062078244041998354
1244022034184548352,negative,0.0005421837687864796
1244022034235080704,negative,0.0023469198538217557
1244022034755174401,negative,5.941476961699832e-17
1244022035031953410,negative,0.15516518808822433
1244022035203985408,positive,0.9683068889712751
1244022035279462400,negative,0.02617496394117456
1244022035350609921,neutral,0.4537541227075798
1244022035417882624,negative,0.016779019780422216
1244022035489095681,negative,0.31117086364062047
1244022035552055299,negative,7.676888610742312e-06
1244022035849895936,negative,6.195080719967024e-05
1244022036147642368,negative,0.1344107798479823
1244022036285947904,negative,0.005255797865420092
1244022036902576128,negative,0.022322400282719885
1244022037091364867,negative,1.8242777695381061e-07
1244022037544345601,negative,0.10787673731852802
1244022037796065280,negative,0.030611514362518036
1244022037967970305,negative,0.014523785532581907
1244022038186078208,negative,0.2784703072252877
1244022038349709314,negative,0.00030797308030094657
1244022038446170112,negative,0.00018405284700184613
1244022038567751680,neutral,0.6436430925504697
1244022038659989506,negative,0.002164983696452398
1244022038806880257,negative,0.06169819881592672
1244022038894911488,negative,0.23044581231275554
1244022039201153026,negative,0.10685917072109306
1244022039675011077,negative,0.01794513091880118
1244022039939289088,negative,9.935482589207624e-05
1244022040065122307,negative,0.02392482146328759
1244022040178429952,negative,0.008416143574594425
1244022040178438144,negative,0.23044581231275554
1244022040421478403,negative,0.009209429554740382
1244022040434282497,positive,0.6890930011949904
1244022040727822337,negative,0.26906874183465346
1244022040744558593,negative,0.0004938530946125513
1244022040979484672,negative,0.030611514362518036
1244022041096982530,negative,0.17323694748104682
1244022041172459520,negative,0.06008591722671426
1244022041323462657,negative,0.0021146262419722596
1244022041378017281,negative,0.026871319351284388
1244022041898029056,negative,0.0021650805977782355
1244022042103631873,neutral,0.5343273261767144
1244022042527227904,negative,0.0009405835588412403
1244022042837614595,negative,0.003183848591553295
1244022042879561731,negative,0.2687799760519118
1244022042887950337,negative,0.020106949918940444
1244022042950799360,negative,0.28100447792976174
1244022043458318337,negative,4.3211648564129896e-07
1244022043458371585,negative,0.049418201191200765
1244022043630350338,positive,0.7898565583048688
1244022043940655106,positive,0.9957534799307725
1244022044171350018,negative,0.0005199054850623376
1244022044292939777,neutral,0.6552466849140712
1244022044578152451,negative,0.0011629729554293812
1244022044674658305,negative,0.0014806900657808753
1244022044775284737,negative,0.033584046300484074
1244022044834050048,negative,0.055654301476907295
1244022044834103298,neutral,0.44946521766632974
1244022044863447041,negative,2.508111739018532e-08
1244022044863463424,negative,0.22034467059752194
1244022044918001664,neutral,0.35359027095536927
1244022045194760193,neutral,0.5287874960061721
1244022045396123650,negative,0.12532369604191165
1244022045446492163,negative,0.003631429095454684
1244022045501001731,negative,0.005186732020307045
1244022045672738817,negative,0.027404548432453296
1244022045836488704,negative,0.11109946625489824
1244022046306246657,negative,0.0009303081792198511
1244022046700359680,negative,0.02009021825372022
1244022046750900225,negative,0.06108013323853682
1244022046809632772,negative,7.569188375929305e-05
1244022046939582466,negative,2.7815948285269492e-05
1244022047027744769,negative,0.003631429095454684
1244022047098966016,neutral,0.3443303789389152
1244022047384178688,negative,0.0004822776616587305
1244022048323710976,negative,0.23293511111483112
1244022163507687426,negative,0.00029251648789579683
1244022163801288707,negative,9.078185718582633e-07
1244022163989987328,neutral,0.5432498562801166
1244022164082343937,negative,9.078185718582633e-07
1244022164237492224,negative,0.0005405656263860874
1244022164371787778,negative,0.003631429095454684
1244022164581425152,negative,2.180655695779039e-05
1244022164719837184,negative,0.014513029960521917
1244022164862513152,negative,0.019876790533769468
1244022164879278081,positive,0.7026866349505742
1244022165034471425,neutral,0.49789225920557484
1244022165089005570,negative,9.078185718582633e-07
1244022165109964800,negative,0.010501835868966403
1244022165122449409,negative,1.4174646438019684e-05
1244022165147697153,negative,0.0025241793907642184
1244022165286109184,negative,0.16766203543355965
1244022165374189569,negative,0.1150729399759155
1244022165428633602,negative,0.09478636848306106
1244022165504167937,neutral,0.49789225920557484
1244022165604831232,positive,0.7005337465871286
1244022165609070593,negative,0.011186603691380036
1244022165659357184,negative,0.0005199054850623376
1244022165739102208,negative,0.1837470751223466
1244022166364008448,negative,0.14666907117432557
1244022166607273988,negative,0.20055744148438234
1244022166615658497,negative,0.003631429095454684
1244022167160991744,positive,0.8767624715904464
1244022167471304706,negative,0.03562753466045372
1244022167970484224,negative,2.71895972215169e-09
1244022168113078272,negative,0.06022548899216122
1244022168792576000,negative,0.00508124051620028
1244022169081802758,neutral,0.604546034898304
1244022169421647872,negative,0.062078244041998354
1244022169467621382,negative,2.338212469474306e-05
1244022169719406592,negative,0.07738059547332773
1244022169862111233,negative,0.059724425686002114
1244022169903992833,negative,0.006679077964235363
1244022170055041025,negative,0.028786205109426116
1244022170138836993,negative,0.03876737456449012
1244022170302533633,negative,0.05601908134395998
1244022170604515328,negative,0.01645904097656966
1244022170675748866,positive,0.9908198361856696
1244022170709303296,negative,0.28629620271192024
1244022170784800768,negative,0.005260775403274126
1244022170893856768,positive,0.8445891616602653
1244022170914873345,negative,4.011444863103895e-06
1244022171074207746,negative,0.05821091833556173
1244022171166367744,negative,0.270805484267641
1244022171464347649,negative,0.0005318280729464152
1244022171548241920,negative,0.0002655267701907654
1244022171732770818,negative,0.0004933617112200989
1244022172282228737,negative,0.19014020865323636
1244022172429045761,negative,0.06178162477705615
1244022173376942080,negative,0.018679113247141395
1244022173729206273,negative,0.011534272463010031
1244022173855092736,negative,5.887489261950888e-06
1244022173951496193,neutral,0.41376677277902923
1244022173976723456,negative,0.2153057457054572
1244022174178033664,negative,5.163590919001867e-05
1244022174538752001,negative,2.8534834752974265e-05
1244022175302123521,neutral,0.47712603306775137
1244022175457316865,negative,3.304909325663523e-05
1244022175952187393,negative,0.02617496394117456
1244022176589721601,negative,1.8242777695381061e-07
1244022176606552064,negative,0.21546190103161894
1244022176610750464,negative,1.9386994124879305e-06
1244022177223061504,negative,0.00022099419936892989
1244022177319575555,negative,0.2532104951239483
1244022177453813761,negative,9.078185718582633e-07
1244022177462190082,negative,0.002992413880297529
1244022177730572288,negative,0.1758654494718857
1244022178116485122,negative,0.16929763141846732
1244022178129076227,neutral,0.5127340618632145
1244022178183614464,negative,0.03819681487786787
1244022178498183168,negative,0.022988372599091967
1244022178624012288,negative,0.0006390444891854684
1244022178711994368,negative,0.3139607748872519
1244022178766602243,negative,0.3045062464873719
1244022178904973312,negative,0.041882381216379494
1244022179056009217,negative,0.00010336459075638365
1244022179085385728,negative,0.0012039928300389931
1244022179357917185,negative,0.000159524417787223
1244022179529883648,negative,0.1424829771831002
1244022179836157952,negative,3.761967837388861e-06
1244022180150738947,negative,0.13746048632846494
1244022180217831424,negative,0.03248728285522912
1244022180247220226,negative,0.003631429095454684
1244022180855394306,negative,0.0009417264267630954
1244022181006315521,negative,0.02617496394117456
1244022181014749186,positive,0.6920385024178974
1244022181278990337,negative,0.020252162110012566
1244022181480333314,neutral,0.45536191414240157
1244022181874597890,negative,0.05689080346814553
1244022182092685312,negative,0.023453351307945992
1244022182197460993,positive,0.7432949441097312
1244022182281449478,negative,0.023453351307945992
1244022182281457667,negative,0.09059253469118485
1244022182344343552,negative,0.0004937799506944488
1244022182751145984,negative,0.00032704964648208444
1244022183107735553,negative,0.1786972182123343
1244022183476813824,neutral,0.47000137975763745
1244022183531347968,negative,0.25047827271507306
1244022183590060033,negative,4.815518213717229e-10
1244022183841738753,negative,0.11370155692546786
1244022183850119169,negative,0.00020949297219303995
1244022183862681601,negative,0.024974428834873916
1244022184214966273,negative,0.0002655267701907654
1244022184470691840,negative,2.5675365194902262e-06
1244022184672100352,positive,0.8851805878228999
1244022303689670657,negative,0.1469788767056307
1244022303777841153,negative,4.2932248763129675e-06
1244022303853338624,neutral,0.3688120122074838
1244022303882481664,negative,0.0023341036979017847
1244022304125767683,negative,0.18865361099026448
1244022304457273345,negative,0.05735691840036623
1244022304801161219,negative,0.13013020898792965
1244022305073836033,negative,7.587613945040545e-05
1244022305111584769,negative,0.009261191746477371
1244022305275117568,negative,2.2179087116248716e-05
1244022305736536064,negative,0.22389093335761176
1244022306235658240,negative,5.130908500159121e-05
1244022306701180928,negative,0.003631429095454684
1244022307221356544,negative,0.012652817569050732
1244022307263217666,negative,0.08522073652010008
1244022307460452352,positive,0.7782480392980674
1244022307460460544,negative,0.008348250877265873
1244022307615621122,negative,0.006227517022281741
1244022307758227458,negative,0.0006390444891854684
1244022307779227651,negative,0.00184133656803176
1244022307858849793,neutral,0.458452529704962
1244022307946991616,positive,0.9957083181247435
1244022308043468801,positive,0.8767624715904464
1244022308177674240,negative,0.023239680395150206
1244022308219555841,negative,0.010336006428128652
1244022308471287808,negative,0.09778083065743422
1244022308483858432,negative,0.010473219027601014
1244022308609634306,neutral,0.5212084554669985
1244022309024923651,negative,0.31820487300311295
1244022309427589120,negative,0.15166386809415816
1244022309675053056,negative,0.038980483150472284
1244022309779898369,neutral,0.6436652494440961
1244022310006226944,negative,0.0619612968016282
1244022310035750913,negative,1.9208851982959733e-07
1244022310157180931,neutral,0.4262730508022111
1244022310241271808,neutral,0.3650158396528556
1244022310312579072,positive,0.7898565583048688
1244022310635548673,positive,0.8808094069168896
1244022310711025665,negative,0.009471654592520095
1244022310987800577,neutral,0.4045268021614645
1244022311604432897,negative,0.1424829771831002
1244022311679860736,negative,0.00898831791968692
1244022312296472578,positive,0.9626149413712061
1244022312594178049,positive,0.9121496640672753
1244022312606851072,negative,0.020262599662608814
1244022312694939648,negative,0.006891679323850784
1244022313005322240,negative,1.6719519095053524e-08
1244022313051250688,negative,0.011186603691380036
1244022313089105921,negative,0.007915212560538558
1244022313529589763,negative,0.17402810091096543
1244022313554673664,negative,0.0593550199829757
1244022313609244673,negative,0.2508910509430845
1244022313634476038,negative,0.002324327881466681
1244022314121023488,negative,0.020252162110012566
1244022314196443138,negative,0.23982229298951227
1244022314213269504,negative,0.07554262521679907
1244022314552999937,negative,0.17796700611220864
1244022314557112320,negative,0.009319695880400426
1244022314724929537,negative,0.22034467059752194
1244022314741751808,neutral,0.6436652494440961
1244022315106676738,positive,0.8382990379254236
1244022315127578624,positive,0.9786353919813421
1244022315144404992,negative,0.014345411785701081
1244022315538681857,negative,0.2508910509430845
1244022315823882240,neutral,0.49789225920557484
1244022316218056706,negative,3.152473851844987e-08
1244022316314566657,negative,0.001094877720567086
1244022316440453120,negative,7.85375262553082e-07
1244022316457230337,negative,0.0006061921080529063
1244022316566183936,negative,0.05692714432048238
1244022316629098499,neutral,0.3461466560523086
1244022316968837121,neutral,0.538537789725144
1244022317216382977,negative,0.00184133656803176
1244022317245779969,negative,0.003240947529306696
1244022317463867392,negative,0.015887996908581024
1244022317530972160,negative,9.078185718582633e-07
1244022317644230657,negative,0.00042642724588313986
1244022318202003457,negative,0.03819681487786787
1244022318281756674,negative,0.023453351307945992
1244022318948646912,negative,0.014513029960521917
1244022319158382592,negative,5.073474765627474e-06
1244022319422550016,negative,0.057124255215899325
1244022319628107778,negative,0.062078244041998354
1244022319753953283,negative,0.03914535013560267
1244022319821004801,negative,0.059210525896458935
1244022319829442560,negative,0.04768646782206183
1244022320517320705,negative,0.00867596911654418
1244022320756396032,negative,0.08069223272341064
1244022320827637760,negative,0.005260775403274126
1244022321037402112,negative,0.03148201972749659
1244022321284820992,negative,0.0133605220467624
1244022321284857856,negative,6.025372200336058e-05
1244022321863516167,negative,0.0021146262419722596
1244022321964351489,negative,0.014513029960521917
1244022322052374528,negative,0.007658865339814364
1244022322199171073,positive,0.8767624715904464
1244022322287259649,neutral,0.49789225920557484
1244022322371211264,negative,0.24081627254952076
1244022322606071809,negative,5.048687148246909e-09
1244022322803150848,positive,0.7469405270194408
1244022439211827202,positive,0.8767624715904464
1244022439295754240,negative,5.729497596046869e-08
1244022439341953024,negative,0.014375952264872507
1244022439413252097,negative,0.006981155293945821
1244022439488749569,negative,7.380113993557666e-09
1244022440323407872,negative,0.012660365041008865
1244022440356917248,negative,0.00011687378572176339
1244022440528920577,negative,3.337443781617255e-05
1244022440784736256,negative,0.015077421830073975
1244022440801570818,negative,0.0010928191823583243
1244022440931536896,negative,1.8242777695381061e-07
1244022441065820160,negative,0.0001740357534866108
1244022441225203714,positive,0.7898565583048688
1244022441480982530,negative,0.015444143310967958
1244022441560682497,positive,0.7782480392980674
1244022441577517056,negative,0.002806565497744683
1244022441631985664,negative,0.01965800656497229
1244022441963380736,negative,9.754581828924789e-05
1244022441992749057,negative,0.01794513091880118
1244022442034683904,negative,0.030232878545045392
1244022442126868480,negative,0.05775984598970599
1244022442395385856,positive,0.8767624715904464
1244022442747736065,negative,0.07537307679235614
1244022442781216768,negative,2.180655695779039e-05
1244022442806448128,positive,0.7898565583048688
1244022443053920256,negative,0.0015641254720027275
1244022443234263040,negative,0.0026981932380042307
1244022443251052544,negative,0.0011206185526683
1244022443393593345,negative,0.0001633383406209246
1244022443422908417,negative,0.0017981650016121226
1244022443423027200,negative,0.20541017813191503
1244022443657871362,positive,0.8808094069168896
1244022443729137665,negative,0.0014930445860261495
1244022443796291585,negative,3.352361354611772e-05
1244022444245110787,negative,0.018679113247141395
1244022444429578242,negative,1.9465517714491917e-05
1244022444513468416,negative,0.025702176507238283
1244022444681236480,negative,0.14666907117432557
1244022444874182656,negative,0.1804486289990351
1244022444979077120,negative,0.26973588546629695
1244022445188747264,negative,0.005668741250425686
1244022445285220352,neutral,0.36908624322194583
1244022445717295106,negative,0.005186732020307045
1244022445822152705,negative,0.07002694445908031
1244022446036070402,negative,0.26973588546629695
1244022446199578625,negative,0.004101678016798883
1244022446224805888,negative,0.01165578132929399
1244022446577106944,negative,0.0026981932380042307
1244022446581256193,negative,0.1419849997970458
1244022447109742592,negative,0.0010928191823583243
1244022447814234118,negative,0.015887996908581024
1244022447973728257,negative,5.422889446390483e-06
1244022448200310784,positive,0.7898565583048688
1244022448263180288,negative,4.485485216116735e-06
1244022448535805952,neutral,0.5345417183620891
1244022448883982336,negative,6.587823566879314e-06
1244022449093648384,negative,0.09058217449365957
1244022449223675905,negative,0.014078983221164462
1244022449420763137,negative,0.09677227477939761
1244022449773084672,negative,0.07678137237827207
1244022449785708544,negative,0.028770933077826747
1244022449894641669,neutral,0.37869331932414446
1244022450016391168,negative,0.004605268386516648
1244022450138099712,positive,0.7921907857797261
1244022450192605185,negative,0.005260775403274126
1244022450347749378,negative,0.05539547922083657
1244022450666508288,negative,0.0014464892681165934
1244022450783948802,negative,0.002662962074531981
1244022450905440257,negative,0.0009405835588412403
1244022450922369025,negative,5.422889446390483e-06
1244022450926600193,negative,0.010827702447137728
1244022452633690112,negative,9.078185718582633e-07
1244022452709208064,negative,0.13903576760815609
1244022452784594944,negative,0.02281926571677279
1244022452872605696,negative,0.06690395701441747
1244022452922888198,negative,0.01598409316537107
1244022453246087168,negative,0.1540219144567375
1244022453426421760,negative,0.03566551889710549
1244022453573214209,negative,0.0050323014755891075
1244022453610872833,negative,0.008983608685983172
1244022453828911107,negative,0.0001691762367769115
1244022453912907776,negative,0.002977573654426058
1244022454122471425,negative,0.11487525043437631
1244022454240055297,negative,0.018665277096224255
1244022454424657920,neutral,0.478222068601085
1244022454508572672,negative,0.0037469073180578707
1244022454575673344,negative,0.005128858072598898
1244022454865072128,neutral,0.4781762953387675
1244022455255076864,negative,1.8242777695381061e-07
1244022455284436992,negative,6.920493842444021e-07
1244022455368327168,negative,0.0033971437834369534
1244022455443894273,negative,1.8242777695381061e-07
1244022455666192385,negative,8.010786224852789e-08
1244022455930433536,positive,0.8767624715904464
1244022456043671553,negative,1.111066336566028e-07
1244022456588869632,negative,0.0002088779803552696
1244022456593141760,negative,0.006891679323850784
1244022456978898944,negative,0.004510286417311742
1244022457104838656,negative,2.180655695779039e-05
1244022457482108928,negative,0.07202095940848774
1244022457717215232,negative,0.0400424148881356
1244022457721389056,neutral,0.6120886767952053
1244022458153340929,negative,0.010697596259679863
1244022458165886977,negative,5.326199534451738e-07
1244022459126493184,positive,0.9914485276330509
1244022459273265155,negative,0.09330976467401222
1244022459646476289,negative,0.009877335459611518
1244022459721863169,negative,0.00019196689941581742
1244022459910819841,negative,0.022802807299521433
1244022460074295296,negative,0.06376335637928947
1244022460082794496,negative,0.1940468283687743
1244022460208611328,neutral,0.4931013985492398
1244022578865455106,negative,0.05735691840036623
1244022578899046401,negative,0.1424829771831002
1244022579037458433,negative,0.020767154034314738
1244022579318439937,negative,0.03201166961449882
1244022579649818626,neutral,0.6180443261503853
1244022579679178755,neutral,0.504069034033038
1244022580379598848,negative,0.002059827834441446
1244022580383793153,neutral,0.5484390713045627
1244022580832620545,negative,0.24730369838184757
1244022581428174848,neutral,0.3364082756260011
1244022581478543362,negative,0.0005264746590688127
1244022581528793088,negative,8.224620821721131e-05
1244022581662973952,negative,0.0017981650016121226
1244022582128578562,negative,0.0006621867072126613
1244022582174560256,positive,0.7469405270194408
1244022582644539392,negative,0.001451911891880387
1244022582879424512,negative,1.593628660453658e-06
1244022582892023810,positive,0.9998091542839425
1244022583303065600,positive,0.7898565583048688
1244022583307223040,negative,0.3126560777416468
1244022583672156161,negative,0.0004933731453114392
1244022583751839744,negative,0.2680089186139416
1244022584091512835,negative,1.1934620844647198e-05
1244022584234164224,negative,0.0032965504662607037
1244022584401895425,negative,0.018679113247141395
1244022584666206210,negative,1.019303844615223e-09
1244022584775192577,positive,0.8767624715904464
1244022584787730433,negative,0.04633392533879334
1244022584842375169,negative,2.180655695779039e-05
1244022584922030080,negative,0.018966196418778163
1244022585194577920,negative,0.0008642599683568871
1244022585228177411,negative,0.2566200895577627
1244022585853128705,neutral,0.3499352441185855
1244022585853186048,negative,9.078185718582633e-07
1244022585987391488,negative,0.00031878369796270375
1244022585991606272,neutral,0.4748675020945169
1244022586104852480,negative,0.29212468790112484
1244022586125815809,negative,0.062078244041998354
1244022586314547201,negative,1.870402110449988e-08
1244022586411044864,negative,0.21036643373767208
1244022586511630336,negative,0.19087448924578138
1244022587275063296,negative,0.02681216664024527
1244022587333783552,negative,0.020252162110012566
1244022587342102528,negative,0.05735691840036623
1244022587509915648,neutral,0.3499352441185855
1244022587535110145,negative,0.07738059547332773
1244022587677687809,negative,1.3607573620498768e-06
1244022587723862016,negative,0.007766811363363102
1244022587971325953,negative,1.0553118803713439e-06
1244022588302557184,neutral,0.41585981585196535
1244022588445274114,negative,0.2478608849363327
1244022588592005122,negative,0.0012635899871934794
1244022588868788224,negative,0.02617496394117456
1244022588956913667,negative,0.12603413822233858
1244022589149908992,negative,6.416580814399413e-06
1244022589221191680,negative,0.05445331772901715
1244022589225406464,neutral,0.3387659427432253
1244022589439086593,negative,0.0037236240010942523
1244022589988560896,negative,0.019526727886600755
1244022590177492993,negative,0.043451973846592995
1244022590248759297,negative,1.8242777695381061e-07
1244022590349467648,negative,0.00028504002521389886
1244022590840156160,negative,0.0006061921080529063
1244022591163191296,negative,0.004643938231216682
1244022591335038976,positive,0.7898565583048688
1244022591595122688,negative,0.1446041164482266
1244022591620251648,negative,0.07223986606967611
1244022591729401856,negative,1.5481185858808585e-05
1244022591733600258,negative,0.03429879048791909
1244022591842660352,negative,0.31732489718339985
1244022592178094083,negative,0.002164983696452398
1244022592505249792,negative,0.005186732020307045
1244022592614338560,negative,6.004990752683222e-05
1244022592664633345,negative,0.021672320184958318
1244022592736038913,positive,0.9500175493328346
1244022592836698112,negative,0.0008194689451906385
1244022592907993088,negative,0.018384348658198293
1244022593021259777,negative,0.14620407224756607
1244022593285390336,negative,0.16889370307883503
1244022593662996481,neutral,0.5140335801237879
1244022593751040001,negative,0.000372666538571266
1244022594145222656,negative,0.2503870263801907
1244022594430533634,negative,0.005260775403274126
1244022595374252032,positive,0.8889118481293443
1244022595802054656,negative,2.180655695779039e-05
1244022596246568962,negative,0.1487449582094241
1244022596292804610,negative,0.01283396223773986
1244022596515045376,negative,0.0009405835588412403
1244022596670193668,negative,0.07879731270601507
1244022596737421312,negative,0.062078244041998354
1244022596779163649,neutral,0.34053597096917604
1244022596783529984,positive,0.7814303862653554
1244022596980674566,negative,0.1557873326536418
1244022597655957506,negative,0.11639044368079772
1244022597773414400,negative,0.0009791006800303358
1244022597869809664,negative,0.05877420690821062
1244022597911797760,negative,0.0006061921080529063
1244022598087766017,negative,0.033584046300484074
1244022598322868226,negative,6.416580814399413e-06
1244022598545129473,negative,0.006891679323850784
1244022598742261763,positive,0.7898565583048688
1244022598930960384,neutral,0.6120886767952053
1244022598943596544,negative,0.003300558771955118
1244022599430090753,negative,6.416580814399413e-06
1244022599434342402,negative,0.29212468790112484
1244022599505584128,negative,0.003608508008212976
1244022599786561536,neutral,0.5372799487021712
1244022600432582656,negative,0.0005199054850623376
1244022600524869632,neutral,0.40251340277389563
1244022600663171073,negative,2.180655695779039e-05
1244022715675074560,negative,0.11296334308126084
1244022715738132484,negative,0.01846798840859004
1244022715746414592,positive,0.8276182055845942
1244022715826257921,negative,0.06740616768471087
1244022715952095233,negative,0.13011871948132217
1244022716098908160,negative,0.0029083071539462916
1244022716346380289,negative,0.15100042416498058
1244022716526723072,negative,0.0006390444891854684
1244022716648361985,negative,2.4625419291539924e-06
1244022716707078145,negative,1.9430107704356296e-06
1244022717025783808,neutral,0.49789225920557484
1244022717189435393,negative,0.0017227398097685884
1244022717222981632,negative,0.1528494247879666
1244022717277442048,neutral,0.5978923873978816
1244022717654929408,negative,0.0749008905915595
1244022717935951872,neutral,0.47355917002305203
1244022718057582592,negative,0.08347523442771872
1244022718246379520,negative,0.17077005232773634
1244022718288334848,negative,5.163590919001867e-05
1244022718577721345,negative,0.028525397931189356
1244022718661419014,negative,0.016954904268219457
1244022718686773248,negative,0.05923535581011173
1244022718732918785,positive,0.7898565583048688
1244022718787457025,neutral,0.4507454498615163
1244022718879731712,positive,0.8767624715904464
1244022718925864961,negative,0.0007035035899756882
1244022719018123265,negative,5.684935556243765e-07
1244022719123001346,positive,0.9938983395698957
1244022719320072192,negative,4.153980406367475e-05
1244022719898927105,negative,7.614472124157863e-06
1244022720095977472,negative,0.0037469073180578707
1244022720507101184,negative,0.07738059547332773
1244022720532283392,negative,0.009261191746477371
1244022720968437760,negative,0.0006272624411091805
1244022720997793792,negative,0.08072644089299534
1244022721786380289,negative,7.824677456824862e-08
1244022721849278464,negative,0.021672320184958318
1244022721891057670,negative,0.023646447971035853
1244022721954144256,negative,0.037045486304708164
1244022722327388160,negative,1.5687530257268507e-08
1244022722432286721,negative,0.0008642599683568871
1244022722620989440,positive,0.9986790105290775
1244022722767794177,negative,1.1174837525043369e-05
1244022722860122112,neutral,0.3499352441185855
1244022722876837888,negative,0.02050999708544534
1244022723183030273,negative,0.13467469163136847
1244022723283578880,negative,0.020288685343251546
1244022723354841088,negative,0.046538041755625786
1244022723736723457,negative,0.16889370307883503
1244022723757703168,negative,0.00039492362741074005
1244022724302954496,neutral,0.36093170711884504
1244022724369862656,positive,0.9601587051106456
1244022724537671681,negative,0.025942774352586708
1244022724927688705,negative,0.22856720458712662
1244022725007405062,neutral,0.5037337938975129
1244022725045256192,negative,0.020866347113043006
1244022725376724992,negative,0.005186732020307045
1244022725527601152,negative,0.006891679323850784
1244022726290898944,neutral,0.44946521766632974
1244022726412529664,negative,0.023646447971035853
1244022726458777601,negative,0.0005199054850623376
1244022726479806464,negative,0.2445360184000481
1244022726672764929,negative,0.012652817569050732
1244022726991495169,negative,3.8808112206376194e-05
1244022727184392192,negative,0.0005708744938507157
1244022727352168450,negative,0.0026938681957631655
1244022727578734592,negative,3.547380172044862e-08
1244022727993950209,positive,0.7205256469580235
1244022728044224513,negative,0.0029309644323082776
1244022728182693888,negative,0.010245360425363967
1244022728216260609,negative,0.00010336459075638365
1244022728379838464,negative,0.000298147617739404
1244022728425906178,negative,0.24186861711948962
1244022728665051138,negative,0.20370014582226972
1244022728849387520,negative,0.020288685343251546
1244022728899862529,negative,0.22176006910625612
1244022728925032448,negative,0.010178443829727647
1244022729403072512,negative,0.0218301820551049
1244022729520668672,negative,0.023621772221511225
1244022729856163844,negative,0.005260775403274126
1244022729881161729,negative,0.025942774352586708
1244022730003021824,negative,0.07579706910682077
1244022730032218112,negative,0.023646447971035853
1244022730506280961,negative,0.0018221174185453642
1244022730799939585,negative,0.0028059570367769938
1244022731105906688,negative,0.020288685343251546
1244022731319971840,negative,0.0009405835588412403
1244022731336814592,negative,0.0031620445426744025
1244022731445874689,negative,9.078185718582633e-07
1244022731521306624,negative,0.004469003856964275
1244022731596840961,neutral,0.6271983826372071
1244022731647127554,negative,0.24213013814462236
1244022731647209472,negative,0.23191472071940364
1244022731693318145,negative,2.033602695157895e-05
1244022731743596545,negative,0.2829832947955861
1244022732012040192,negative,0.03291708806755632
1244022732091797505,negative,0.16403080419111943
1244022732095778818,negative,0.025942774352586708
1244022732498632705,negative,0.0023212325689417816
1244022732582420480,negative,0.00011284764404439656
1244022732599296000,negative,0.018679113247141395
1244022732775440384,negative,0.05370200171584384
1244022732855087104,negative,0.059210525896458935
1244022732855087106,positive,0.7898565583048688
1244022733064654848,positive,0.9601587051106456
1244022733094207488,negative,0.05539547922083657
1244022733111013377,negative,0.003471708674048777
1244022733270327301,negative,0.1271244251243975
1244022733563985920,negative,0.00043347510479667276
1244022733723308035,negative,6.195080719967024e-05
1244022733815664641,negative,0.09240425062180992
1244022734008602625,negative,0.006044578013271609
1244022734256037888,negative,0.0593550199829757
1244022734335721472,neutral,0.36004348628277705
1244022734390202368,negative,4.713201097264313e-07
1244022734696431617,negative,0.03599528715394099
1244022848286490626,positive,0.7898565583048688
1244022848437583873,neutral,0.46706653570466933
1244022848655486977,negative,0.0006419146098548056
1244022848760537090,negative,0.00383035557925773
1244022848810868738,negative,0.05282635524974264
1244022849309999105,negative,0.23997546096807162
1244022849502928897,neutral,0.417313045073183
1244022849725177859,negative,0.060861092367324655
1244022850027126784,negative,0.21977029653592076
1244022850106929152,negative,0.020747706075200358
1244022850283069444,negative,0.004000567439216172
1244022850459222016,negative,0.07554262521679907
1244022850513707009,negative,0.0006061921080529063
1244022850559803392,negative,9.69627843222924e-05
1244022850572496896,negative,0.0009405835588412403
1244022851331600384,negative,1.2789968718850559e-05
1244022851864334336,negative,0.0007657644973231108
1244022852342419456,positive,0.9970600110104176
1244022852665446400,negative,0.3030175950111938
1244022852904460289,negative,0.000731445917807802
1244022853030350848,neutral,0.6120886767952053
1244022853827211264,negative,0.00014526383508671353
1244022854099914754,negative,6.638304240931146e-05
1244022854120767489,negative,0.027404548432453296
1244022854418644994,negative,0.03227695608738588
1244022854733033479,negative,0.0137324476462993
1244022854901010433,negative,0.0019236540861136896
1244022855190355969,negative,0.05838953449698414
1244022855333003267,negative,0.2766605011260487
1244022855915929602,negative,0.00039989310216890193
1244022855949410304,negative,0.029864439653807175
1244022856004009986,neutral,0.396352349529719
1244022856092200960,negative,2.5718013507420024e-07
1244022856322822145,negative,0.03656064917229534
1244022856415133696,negative,0.0024052921486290434
1244022856679337986,negative,6.092335393876772e-07
1244022856717041664,neutral,0.35929710572141743
1244022856758984704,negative,0.006891679323850784
1244022856834592768,negative,1.6719519095053524e-08
1244022857081946114,negative,0.0013268495598961366
1244022857371443200,neutral,0.3499352441185855
1244022857388228608,negative,0.02617496394117456
1244022858038292480,negative,0.06714536299967383
1244022858134827008,negative,0.028786205109426116
1244022858143145985,negative,0.0004938530946125513
1244022858436816897,negative,1.0585388535886867e-09
1244022859485392898,negative,0.21700973800492393
1244022859539890177,negative,6.138977634263252e-06
1244022859552489473,positive,0.8808094069168896
1244022860324188160,positive,0.9999996616280389
1244022861091700737,negative,0.21557724049747937
1244022861339275267,negative,0.13011871948132217
1244022861347594240,negative,0.00021144307138165895
1244022861498589184,negative,0.0018848827307038375
1244022861607600130,negative,0.04505718621506524
1244022861611831296,negative,0.317626749779072
1244022861750288384,neutral,0.49789225920557484
1244022861884534786,negative,5.163590919001867e-05
1244022861968420864,negative,0.0026938681957631655
1244022862018752516,negative,0.012059524914774623
1244022862459142144,negative,0.0011353495049675436
1244022862668800000,negative,0.0006061921080529063
1244022862769541121,negative,2.180655695779039e-05
1244022863377694720,negative,0.0007657644973231108
1244022863771959296,neutral,0.4670100671583925
1244022864065503233,negative,0.0575450218026726
1244022864195530752,negative,0.0001570762370165333
1244022864505864192,negative,0.01404329876692896
1244022864812085248,neutral,0.5547948592490254
1244022864824729601,negative,0.059995926236084345
1244022864925294596,negative,0.063641596107581
1244022864942116864,negative,0.13526837424072044
1244022864967278593,negative,0.006891679323850784
1244022865185382400,negative,1.7132265986900026e-12
1244022865197924352,negative,0.03562753466045372
1244022865210552320,negative,0.009309453902356914
1244022865256734721,negative,0.01577092977700161
1244022865483182080,negative,0.12974310845169645
1244022865525190656,negative,0.07234648391801614
1244022866317901824,neutral,0.4507454498615163
1244022866397536256,positive,0.9122160306404562
1244022866569351173,negative,0.037045486304708164
1244022866569580545,negative,0.005260775403274126
1244022866573746176,negative,0.02649751675832098
1244022866867367936,negative,0.0856393710704782
1244022867056046081,negative,0.06376335637928947
1244022867181867009,negative,0.1474364704225686
1244022867358109696,negative,0.03876737456449012
1244022867467087872,neutral,0.35775206435085055
1244022867693535232,negative,0.18477356597233874
1244022868528246785,neutral,0.3319490892515104
1244022868712849411,negative,1.5362578596074023e-05
1244022868872216577,negative,1.0508734223567943e-07
1244022869199388672,negative,0.03819681487786787
1244022869312638977,negative,0.18454512665813708
1244022869425827840,negative,0.0004987927869777117
1244024719235592194,neutral,0.35103193690844414
1244024719302590464,negative,0.0029309644323082776
1244024719311097858,negative,0.00011648234468201617
1244024719663382528,positive,0.7469405270194408
1244024720191885312,negative,0.005850363943881921
1244024720351248384,negative,0.005293330108302836
1244024720359657472,negative,0.10689808793770958
1244024720363859969,neutral,0.5061256727279215
1244024720481120259,negative,0.00020949297219303995
1244024720535826432,negative,0.21743039439877215
1244024720607121408,negative,0.004605932673330669
1244024721445982208,negative,0.012307289428367446
1244024721659908099,negative,5.784689600241253e-06
1244024721739579393,negative,0.2543662700515375
1244024721739583488,negative,0.016248047811573473
1244024722054053888,negative,2.4705691846884193e-07
1244024722490363907,negative,0.0020445381008495607
1244024722813267968,negative,0.0005757111949247003
1244024722846896128,negative,0.03819681487786787
1244024723337601024,positive,0.9436899865524921
1244024723597660160,negative,0.03575074999052621
1244024723727622144,neutral,0.35103193690844414
1244024723786399746,negative,0.04408625249503705
1244024724017078272,negative,0.002931697433098396
1244024724130316289,negative,0.0017981650016121226
1244024724319088641,negative,7.85375262553082e-07
1244024724394516480,negative,2.4625419291539924e-06
1244024724977594369,negative,0.22034467059752194
1244024725136965633,negative,0.0037751233968933724
1244024725178810368,negative,1.1206072422136712e-09
1244024725208289280,neutral,0.41487043792870404
1244024725417984000,positive,0.8115218893952237
1244024725518647296,negative,3.7513483783942866e-06
1244024726672019457,negative,0.0031620445426744025
1244024726785228800,neutral,0.5140335801237879
1244024727011823616,negative,0.01112019061444056
1244024727020220418,negative,0.0014059488326492917
1244024727443779584,negative,0.25592084731881803
1244024727603236865,neutral,0.49789225920557484
1244024727649345537,neutral,0.5696924475961646
1244024727657746432,negative,0.006235258068432183
1244024727691239425,neutral,0.35103193690844414
1244024727997382656,negative,0.0005511236811576669
1244024728022638592,negative,0.02426978568864995
1244024728127406080,negative,0.14991518857674693
1244024729268301824,negative,0.0021146262419722596
1244024729490599937,negative,0.000100786466632191
1244024729582919683,negative,0.001276753420551529
1244024729633206274,negative,0.060513601297338675
1244024730002358272,negative,7.893801955189051e-05
1244024730082041858,negative,0.034391851235357054
1244024730333646851,negative,0.006891679323850784
1244024730367205378,negative,0.0009038099999992446
1244024730526629889,negative,0.060286070478451394
1244024730526650368,negative,0.001282429364034173
1244024731071848452,negative,0.0006061921080529063
1244024731537465344,negative,0.015887996908581024
1244024731621343233,positive,0.9993776587104609
1244024731692662785,neutral,0.5287874960061721
1244024732414083072,negative,0.0021650805977782355
1244024732665741313,negative,0.08485003377066434
1244024732724461568,negative,0.27981274151179514
1244024732829302787,negative,0.151631961768421
1244024732892180480,negative,1.5857480653649993e-05
1244024732929884161,negative,7.052152149898944e-08
1244024733068414976,neutral,0.35103193690844414
1244024733525512193,negative,0.01577092977700161
1244024733638762498,negative,0.034301583021262044
1244024733865259009,negative,0.0025715859006435375
1244024733957525505,neutral,0.40506534230917196
1244024733961728001,negative,0.02617496394117456
1244024734020521985,negative,0.0010928191823583243
1244024734578143234,negative,0.1557873326536418
1244024734716760064,negative,0.0026981932380042307
1244024735090069504,negative,0.07738059547332773
1244024735878561792,positive,0.8767624715904464
1244024736025378817,negative,0.10745002545854587
1244024736075714563,positive,0.9969023191403229
1244024736121847808,negative,0.025449449504429456
1244024736318918659,neutral,0.5169955073393762
1244024736549609473,negative,0.003658428478365529
1244024736616775680,negative,0.05923535581011173
1244024736646082560,negative,0.31138705512589365
1244024736746811392,positive,0.8767624715904464
1244024736826490881,positive,0.9967971719461507
1244024737061314560,negative,0.0003499106241902801
1244024737182945281,neutral,0.3543868866873423
1244024737308737536,negative,0.0119708168362287
1244024737476550656,negative,0.08443550720690707
1244024737497591808,neutral,0.3433534678876257
1244024737568903173,negative,0.004605932673330669
1244024737770201088,negative,0.18694488141919033
1244024737954697218,negative,0.034301583021262044
1244024738118328321,neutral,0.4757917870980924
1244024738365792257,negative,0.07428056840709026
1244024738722308098,negative,0.034301583021262044
1244024738860666881,neutral,0.4486520979118294
1244024738932015105,negative,0.0023629696235877126
1244024739074637824,negative,2.7885057126151217e-06
1244024739083030528,negative,0.07610923271037257
1244024739368251394,negative,0.24068867409648653
1244024739405934594,negative,4.65022532994773e-06
1244024739409965056,negative,0.08531169572805392
1244024739456311296,negative,1.6719519095053524e-08
1244024739519234048,negative,0.06022548899216122
1244024739523432448,neutral,0.35103193690844414
1244024739603058688,negative,0.019777013565301496
1244024739657650178,negative,0.02649751675832098
1244024739686948865,negative,0.003631429095454684
1244024739875688450,neutral,0.5461101177847246
1244024740706222085,negative,0.02612873209025212
1244024855810449412,negative,0.010836215468669438
1244024855835492358,negative,0.003971686372121269
1244024855860850689,negative,3.533686370328956e-06
1244024855936237568,negative,0.014502633325625451
1244024856045387776,negative,0.0018279018281585956
1244024856448024576,negative,0.015707974361957238
1244024856670281729,negative,0.006891679323850784
1244024856804577282,negative,0.02617496394117456
1244024857727242240,positive,0.8767624715904464
1244024857865715713,neutral,0.396352349529719
1244024857869811713,negative,0.009997168119589374
1244024858045865986,negative,4.320438147206444e-05
1244024858100387840,positive,0.7469405270194408
1244024858389905408,negative,0.0003090138680594218
1244024858436087808,negative,7.85375262553082e-07
1244024858524160000,negative,0.1572388055298432
1244024858838740992,negative,0.03690540417300197
1244024858914304001,negative,0.062078244041998354
1244024859077890050,negative,1.9386994124879305e-06
1244024859216285696,negative,5.405154997361996e-08
1244024859312771072,negative,0.027972807831734378
1244024859421786113,negative,0.016248047811573473
1244024859585327105,negative,2.639536410905444e-06
1244024859593773056,negative,3.533686370328956e-06
1244024859925061632,negative,0.021672320184958318
1244024860399087616,negative,0.06254477186045729
1244024860663107584,negative,0.0009405835588412403
1244024860831100929,negative,0.005096345034547426
1244024860889751552,negative,0.317626749779072
1244024860969504768,negative,9.078185718582633e-07
1244024861556649984,negative,0.005040339458723299
1244024861632192514,negative,0.0009405835588412403
1244024861640601601,negative,3.0489728789717257e-05
1244024862072594433,negative,0.3010233309983735
1244024862873657346,positive,0.9999998531331863
1244024862936641539,negative,0.00746241478029209
1244024863309824002,negative,0.02649751675832098
1244024863620075520,negative,0.07428056840709026
1244024863746129920,negative,0.0011185212314119104
1244024864136138752,negative,0.16889370307883503
1244024864140333056,negative,0.13224554325993124
1244024864270360577,negative,0.039344678868039044
1244024864387796992,negative,0.0043484507167189015
1244024864694042626,positive,0.8767624715904464
1244024864715034625,negative,0.08684048413983579
1244024864756969472,negative,0.010245360425363967
1244024865323200514,negative,0.062078244041998354
1244024865654476800,negative,8.00892308034798e-05
1244024865658675201,negative,9.078185718582633e-07
1244024865935556608,negative,0.04152253602054488
1244024866178826240,negative,0.00662413855396368
1244024866401124352,negative,0.20006750265595902
1244024866556317696,positive,0.9908369365037759
1244024866954711040,negative,0.0007165252805427558
1244024867286142976,negative,0.003233112122821972
1244024867306913793,positive,0.7469405270194408
1244024867307036672,negative,0.07098215912165586
1244024867994943488,negative,0.04943767567444571
1244024868078866432,positive,0.8876354051989515
1244024868137349122,negative,0.01770811773360727
1244024868980523009,negative,0.022371995485589012
1244024869009973249,negative,0.009601276954877723
1244024869504851968,neutral,0.43245535882626035
1244024869534289920,negative,0.0055673367022466376
1244024869538402304,negative,0.034301583021262044
1244024869613862912,neutral,0.5140335801237879
1244024869748117506,negative,0.00035669073720470576
1244024869899165696,negative,0.010310247255889506
1244024869970460675,negative,0.0018005988739625577
1244024870477926401,negative,0.03824134914641854
1244024870507286528,negative,0.0026938681957631655
1244024870607949826,negative,4.9313175771523466e-08
1244024871211982848,negative,0.07093409493269955
1244024871266418690,negative,0.022641726932632965
1244024871413321728,negative,0.00026207898840687784
1244024871522160645,negative,0.007244319640131192
1244024871799197700,negative,0.014174163156158048
1244024871887257601,negative,0.036518796261131505
1244024872050835456,negative,9.078185718582633e-07
1244024872092798978,neutral,0.37377490205268193
1244024872096931841,negative,0.22402031688651783
1244024872407371776,negative,0.00028504002521389886
1244024872596013056,negative,0.010464701415728977
1244024872604327936,negative,0.0005421837687864796
1244024872654852098,negative,0.07098215912165586
1244024872659046400,negative,0.02617496394117456
1244024872759693312,negative,0.0009171882890787658
1244024873304891392,negative,0.1150729399759155
1244024873376272384,negative,0.009601276954877723
1244024873690828801,positive,0.7469405270194408
1244024873887899650,negative,0.07201808274067398
1244024873988640770,negative,0.060513601297338675
1244024874290614273,positive,0.8954230587925122
1244024874479374337,positive,0.7058974431839885
1244024874848395264,negative,0.009989806477906456
1244024874894532608,neutral,0.5169191973525927
1244024875037179904,positive,0.9121496640672753
1244024875230154753,negative,0.27981274151179514
1244024875301449729,negative,0.034757561817672554
1244024875477618688,negative,9.078185718582633e-07
1244024875481792513,negative,0.16061727605996895
1244024875490172928,negative,0.12801204834523602
1244024875586588672,negative,0.007704010730018188
1244024875729055754,negative,0.004144833193015844
1244024875985108992,negative,0.05735691840036623
1244024876014452736,positive,0.8767624715904464
1244024876089987072,negative,0.018679113247141395
1244024877205594112,negative,5.422889446390483e-06
1244024877276901379,neutral,0.3599607905714538
1244024877616676865,negative,0.02293058092996498
1244024877943791617,negative,0.062078244041998354
1244024878094848000,negative,0.0549178905726806
1244024878174478336,negative,0.03137268014041387
1244024878338060289,negative,0.034301583021262044
1244024992066609153,negative,0.0031991550113258547
1244024992074956801,negative,0.0511302540897556
1244024992213458945,negative,0.004605932673330669
1244024992771321858,neutral,0.4507454498615163
1244024992792264705,negative,0.006891679323850784
1244024992985219075,negative,0.0006142802561862868
1244024993148796929,negative,0.006891679323850784
1244024993446584320,negative,2.180655695779039e-05
1244024993454927872,negative,2.180655695779039e-05
1244024993605750784,positive,0.8522458958846716
1244024993740206080,negative,0.0010928191823583243
1244024994184790016,negative,0.002140573792273572
1244024994373480448,negative,0.23401236104629689
1244024994402840577,negative,0.018645623459992204
1244024994524549121,negative,3.220920543872018e-08
1244024994579075073,neutral,0.34683404972163834
1244024994604158976,negative,0.01809857907717686
1244024994776178690,negative,0.0008585140879629386
1244024995048718336,neutral,0.4484106650092426
1244024995061174280,negative,0.00011905924747678311
1244024995250135040,neutral,0.5173008960746949
1244024995489157121,negative,0.0511302540897556
1244024995493314562,negative,0.012652817569050732
1244024995828961280,negative,0.014559859026652643
1244024995891892224,positive,0.9999929582263957
1244024996592312322,negative,0.0015580658082157749
1244024997225562113,negative,0.00039048472219982465
1244024997548605440,negative,7.002439210139287e-14
1244024997770919936,negative,0.2512416126315599
1244024997850595329,negative,0.2576324223771769
1244024998010007552,negative,0.002977869115987157
1244024998156738562,negative,0.06678301405642877
1244024998311985152,neutral,0.35778651048256804
1244024998748131328,negative,0.08485003377066434
1244024998873964544,negative,0.000100786466632191
1244024998886395907,negative,2.5134230566681393e-06
1244024998966243328,neutral,0.33059424287826383
1244024999050084352,negative,7.45244148804481e-05
1244025000090382337,negative,0.08137192475281622
1244025000493006849,negative,0.21457903550178445
1244025000610463744,negative,0.02617496394117456
1244025000828559361,negative,0.034301583021262044
1244025000832761856,negative,5.346358338768882e-07
1244025001155706881,negative,0.0002660820635215627
1244025001180909568,neutral,0.33333440016826693
1244025001256206337,negative,0.0006061921080529063
1244025001499602944,negative,0.01767102748294925
1244025001696792576,negative,8.340491212297422e-06
1244025001772232704,negative,9.078185718582633e-07
1244025002162360320,neutral,0.6266243876700941
1244025002242060289,positive,0.8767624715904464
1244025002254577665,negative,0.1392726649526199
1244025002585919489,positive,0.8767624715904464
1244025002871197698,negative,0.03172341202112248
1244025002938294272,negative,0.00020949297219303995
1244025003001155585,negative,0.034301583021262044
1244025003026403330,negative,1.9386994124879305e-06
1244025003038867456,negative,0.03429879048791909
1244025003122794496,negative,0.14075521661100884
1244025003508629504,negative,0.034301583021262044
1244025003538026496,neutral,0.3387659427432253
1244025003701665793,negative,0.09147085435723801
1244025003844284416,negative,0.0012261198695002493
1244025003911208966,negative,1.2731408295575795e-13
1244025004603445250,positive,0.8767624715904464
1244025004943122433,negative,1.8242777695381061e-07
1244025004947169285,negative,9.418075754304757e-05
1244025004997726208,negative,0.018384348658198293
1244025005459021824,negative,0.0007165252805427558
1244025005756874753,positive,0.7469405270194408
1244025005886840832,positive,0.8767624715904464
1244025005941436418,negative,0.0001798378142156536
1244025005979115520,negative,0.18585267876572717
1244025006868357121,negative,2.8190894262414614e-06
1244025007149395970,positive,0.9866973654172769
1244025007501717505,negative,0.20027286487444754
1244025007581298689,negative,0.1107381563077928
1244025007799443456,negative,0.004758608390578756
1244025007975608320,negative,0.1416756607856429
1244025008030208000,negative,0.04912833099778642
1244025008059490304,negative,0.0417427989812241
1244025008101429248,negative,3.721537354427799e-10
1244025008609001472,negative,0.0013840040507389919
1244025008655085568,negative,0.029320481264251096
1244025008793382928,negative,0.2454639718263279
1244025009124904962,negative,0.004267206393327312
1244025009288421377,negative,0.0004168273000116042
1244025009368072193,neutral,0.4480723702474313
1244025009376387073,negative,0.00017572612876281176
1244025009389154306,negative,5.422889446390483e-06
1244025009452077056,negative,0.05467437380747173
1244025010097922048,negative,1.190914503855392e-05
1244025010320297985,negative,0.010173706721365429
1244025010844577795,negative,0.0004701086672102119
1244025011213664257,negative,3.3707402570325095e-06
1244025011293257731,negative,0.034301583021262044
1244025011637301252,negative,1.6719519095053524e-08
1244025011960242178,negative,0.0016750578514124087
1244025012065128448,negative,0.13971734708824482
1244025012492869632,negative,0.003631429095454684
1244025012585144323,neutral,0.3886984834246594
1244025012660645888,negative,0.0010928191823583243
1244025012690051073,negative,0.07738059547332773
1244025012694245377,negative,0.0007165252805427558
1244025013067530240,negative,0.1860334110973661
1244025013243650048,neutral,0.41327894011137084
1244025013369536513,negative,0.021099918679178025
1244025013394722817,negative,3.6926567374332634e-05
1244025013440860163,negative,0.18080256962877272
1244025013759553536,positive,0.8767624715904464
1244025015017918464,negative,0.00184133656803176
1244025015135342592,negative,0.10708284381536276
1244025015273754624,negative,0.009601276954877723
1244025133167190019,negative,0.060513601297338675
1244025133460795392,neutral,0.4507454498615163
1244025133469184001,negative,0.08783194342588421
1244025133515358209,negative,0.014375090342819277
1244025134492667905,negative,0.0038555502255754447
1244025134719152129,negative,0.00028504002521389886
1244025134807162881,negative,0.0034945950054880532
1244025135096565760,negative,0.05413102217628023
1244025135096631296,negative,0.0002646688761998414
1244025135125889024,negative,0.1416756607856429
1244025135172067328,neutral,0.49789225920557484
1244025135314550787,negative,0.0009405835588412403
1244025135348232192,negative,0.05838953449698414
1244025135415414784,negative,1.2746488879597646e-06
1244025135469821952,negative,2.2233451662190564e-06
1244025135868362752,negative,0.00014847343029031235
1244025135931297793,negative,0.0003160575967488021
1244025135948009472,negative,0.07945326475066451
1244025136002609152,negative,0.2183239382732971
1244025136061300736,negative,0.0005575123626943149
1244025136161980418,negative,0.0057220314941069305
1244025136178659329,negative,0.000100786466632191
1244025136329699328,negative,0.0011185212314119104
1244025136568811522,negative,2.6744323366525322e-05
1244025136593997825,negative,0.08641516893394857
1244025136799526912,neutral,0.3838651720914426
1244025137026027521,negative,1.0390653826737942e-10
1244025137227345922,negative,0.00032754854593002746
1244025137231429632,negative,8.75788980896142e-06
1244025137361543169,positive,0.8767624715904464
1244025137655164930,negative,0.004911975043678702
1244025137718009856,negative,0.003608508008212976
1244025138103943169,negative,0.0027002344440646563
1244025138238144514,negative,4.921884447374969e-06
1244025138317852672,negative,0.013473656582322175
1244025138418515969,negative,0.1160739281897383
1244025138502422528,negative,7.78424605739943e-06
1244025138510774273,negative,0.002240725561488292
1244025138783195143,negative,0.2557152125971165
1244025138796023809,negative,0.18477356597233874
1244025139366428673,negative,5.631541119934787e-07
1244025139433521154,negative,4.8926702586864676e-05
1244025139450335232,negative,4.356055611491699e-05
1244025140045848576,negative,0.0005318280729464152
1244025140360380417,negative,2.011593169120973e-06
1244025140444368896,negative,3.564852869585416e-06
1244025140612079616,negative,0.003631429095454684
1244025140612079617,negative,0.018645623459992204
1244025140972830720,negative,0.03137268014041387
1244025141119660033,negative,0.03137268014041387
1244025141518106627,negative,0.14417093552482632
1244025142042386433,positive,0.8767624715904464
1244025142168125442,negative,0.013568554583438126
1244025142306619394,negative,0.016713895842492135
1244025142423977985,negative,1.7305870090911702e-05
1244025142583398400,negative,0.0003108984252100041
1244025142726086658,neutral,0.39570077291060207
1244025143170564098,negative,0.04660073315961632
1244025143204216833,negative,0.08725279684543437
1244025143283851267,negative,0.0018848827307038375
1244025143321657344,neutral,0.5745212042277591
1244025143816531970,negative,0.004173848209626709
1244025143921455104,negative,0.1948855033993393
1244025144089214976,positive,0.7898565583048688
1244025144173092864,neutral,0.4670100671583925
1244025144311414785,negative,0.01669343236116363
1244025144323997696,negative,0.12470306272333033
1244025144357552129,negative,0.006663968676117564
1244025144454131712,negative,0.003631429095454684
1244025144730955778,negative,0.2861739864150424
1244025144844181504,negative,0.22946348594270183
1244025144890269698,negative,0.025527589564474408
1244025144949039104,negative,0.034301583021262044
1244025145200709632,negative,0.03819681487786787
1244025145502687232,neutral,0.645069947612285
1244025145515290626,negative,0.0025576277287812175
1244025146324799489,negative,0.11179390777494015
1244025146446405632,negative,5.073474765627474e-06
1244025146626768898,negative,0.2123086033285053
1244025146953826304,neutral,0.5169191973525927
1244025147000082432,negative,0.04704184114904075
1244025147046182913,neutral,0.3474175314441466
1244025147604045827,negative,0.034301583021262044
1244025147637587969,negative,0.037882596172044675
1244025147826278400,negative,0.004605932673330669
1244025147838922753,negative,0.0025498752886884365
1244025148304510976,negative,0.2322722741223582
1244025148853776387,negative,0.00032058392471721295
1244025148866527232,negative,7.614472124157863e-06
1244025148975525889,negative,0.012838028671452473
1244025149101391873,negative,0.01965800656497229
1244025149155938304,negative,0.1136593562632943
1244025149336190976,negative,0.1837470751223466
1244025149411733504,negative,0.17428209918488682
1244025149650763776,negative,0.0014094749042043782
1244025149722165248,negative,3.547380172044862e-08
1244025149965434881,negative,0.062078244041998354
1244025150053462017,negative,6.017190461059341e-05
1244025150317703168,negative,0.021451602629445534
1244025150581899266,negative,0.006054275632968848
1244025150602973184,negative,0.0021146262419722596
1244025150883930114,negative,0.00011116273825680693
1244025151039160322,positive,0.9862742227891356
1244025151047585792,negative,0.1424829771831002
1244025151185989632,positive,0.7469405270194408
1244025151366234114,neutral,0.41376677277902923
1244025151378919424,negative,5.188301148039147e-06
1244025151794135040,positive,0.9908369365037759
1244025151911575553,negative,0.0011353495049675436
1244025152364523520,negative,0.02649751675832098
1244025152372912129,negative,0.03690540417300197
1244025152914034688,negative,4.684166420328195e-05
1244025153387970560,negative,0.004528536555033131
1244025154008756227,negative,0.07428056840709026
1244025154038050819,negative,0.28745617673739404
1244025269125615618,negative,0.006891679323850784
1244025269331144704,negative,4.713201097264313e-07
1244025269465341954,negative,0.008642102566054405
1244025269909889025,negative,0.12179039431685997
1244025270048305154,positive,0.9862742227891356
1244025270115467265,neutral,0.3599607905714538
1244025270459346944,negative,0.05771397167816779
1244025270526500864,negative,0.20006750265595902
1244025270727630850,negative,0.006157357444392462
1244025270853664768,negative,0.08598707908816086
1244025271071551488,negative,0.0021234155019971526
1244025271105269760,negative,0.000100786466632191
1244025271247929346,negative,6.416580814399413e-06
1244025271403118594,negative,0.1056081548997574
1244025271780429830,negative,0.2961355842093251
1244025272137125888,negative,0.005434525051991227
1244025272497844224,negative,0.00017782969730253433
1244025272724307968,negative,0.049623675576828716
1244025272841703424,neutral,0.4201289886220056
1244025272900427778,negative,2.5937039366176854e-06
1244025274242646018,negative,0.05218349612327863
1244025274246877184,negative,0.31732489718339985
1244025274930548736,negative,9.378919237629134e-05
1244025275131846657,negative,0.09909711978123051
1244025275165237249,negative,0.0017981650016121226
1244025275211558914,negative,0.034301583021262044
1244025275408699392,neutral,0.35359027095536927
1244025275811233793,negative,0.0016671016800761094
1244025275853275138,negative,0.0003605935767283029
1244025276046217217,negative,0.1876708156715868
1244025276083953665,positive,0.8767624715904464
1244025276255932418,negative,0.09499115623941427
1244025276876587009,negative,0.003608508008212976
1244025276910141443,negative,0.038565867754964275
1244025277149151233,negative,0.0511302540897556
1244025277203783680,negative,0.0012887048969940364
1244025277442936832,neutral,0.34330511098721134
1244025277476417536,neutral,0.6120886767952053
1244025277539377154,negative,0.006891679323850784
1244025277585526784,negative,0.012652817569050732
1244025277619019778,negative,0.0008642599683568871
1244025277648379904,negative,0.05118908911051878
1244025277879144448,negative,0.05692418000990931
1244025277899997184,negative,0.024339253221809517
1244025278520795137,negative,0.01862678384973554
1244025278776688640,negative,0.0017981650016121226
1244025278793428992,positive,0.8061061964474351
1244025278818660353,negative,8.966431789713672e-07
1244025278885740545,negative,0.0007842398139093639
1244025278944460800,negative,0.05177277466832924
1244025279124733953,negative,6.416580814399413e-06
1244025279334547457,negative,0.006093791653570581
1244025279892291586,negative,4.383605331803172e-05
1244025280030814209,negative,0.004643938231216682
1244025280320212993,neutral,0.35103193690844414
1244025280429273088,neutral,0.3838651720914426
1244025280819269634,negative,0.006891679323850784
1244025280886341632,neutral,0.37758735993681
1244025281322631170,positive,0.9915853966495997
1244025281440088064,negative,0.0005199054850623376
1244025281855307777,positive,0.999481321174072
1244025281997922309,negative,0.034301583021262044
1244025282081820675,negative,1.8476900415606766e-08
1244025282803240960,negative,0.0025055208404236246
1244025283029712898,negative,0.034301583021262044
1244025283230994433,negative,5.422889446390483e-06
1244025283407228930,negative,0.009601276954877723
1244025284208340994,negative,0.03172341202112248
1244025284292153345,negative,0.003631429095454684
1244025284464128002,negative,0.008260877658642828
1244025284543877121,negative,0.005968788049353322
1244025284552282112,neutral,0.4584780423962094
1244025284573253633,negative,0.004605932673330669
1244025284719935491,negative,0.014559859026652643
1244025284720046080,negative,0.07738059547332773
1244025284845875200,negative,0.20512594173117774
1244025285034590213,neutral,0.3308987968827441
1244025285047091200,negative,5.684935556243765e-07
1244025285059719169,negative,0.3090174163030208
1244025285332344833,negative,3.661133599956198e-06
1244025285571477504,negative,0.05082407348595446
1244025285571497985,negative,0.000100786466632191
1244025285768556545,negative,1.870402110449988e-08
1244025285928005632,neutral,0.49789225920557484
1244025285974130690,negative,0.0008590094656786723
1244025286494126081,negative,0.2813522796506713
1244025286955544577,negative,0.0002452858606728858
1244025287031042049,negative,0.06566276773508715
1244025287039385601,negative,0.005186732020307045
1244025287098187777,negative,0.0006061921080529063
1244025287240810497,negative,0.04335795096254372
1244025287265976321,negative,9.813782361023421e-05
1244025287270113280,negative,0.008179774876908524
1244025287580569602,negative,0.000100786466632191
1244025287685406720,negative,0.31138705512589365
1244025287827959809,negative,0.013810150504346386
1244025287987380224,negative,0.010245360425363967
1244025287999926274,negative,0.00033811698207500266
1244025288020963329,negative,2.536614070501489e-06
1244025288117424131,neutral,0.3675988489080489
1244025288276742144,negative,0.0006373219417625109
1244025288448770050,negative,7.85375262553082e-07
1244025288729731073,negative,0.0009405835588412403
1244025288855638019,negative,0.2605943625960467
1244025288905932802,negative,0.002864757432043591
1244025289023291393,negative,9.078185718582633e-07
1244025289119879168,positive,0.9905439823917801
1244025289153351681,negative,0.0029309644323082776
1244025289199452161,negative,7.458930240551919e-11
1244025289425985536,negative,0.006044578013271609
1244025289468006402,negative,0.04943767567444571
1244025289564401665,negative,0.002324327881466681
1244025290097152001,negative,1.329778600235951e-05
1244025290117902337,negative,0.09876300580294471
1244025290512351232,negative,0.1730666588673223
1244025290696908802,negative,0.03137268014041387
1244025290826944513,negative,0.10499299692036099
1244025291451830272,negative,6.417549006923446e-07
1244025410272342016,negative,0.0054676834098892945
1244025410490380288,negative,0.0017981650016121226
1244025410557444096,negative,0.20286622764586393
1244025410574221313,negative,0.002096719186745064
1244025410591088640,neutral,0.33069066037621353
1244025410792443907,negative,0.0002646688761998414
1244025410892910593,negative,0.013260112840652512
1244025411027247105,negative,0.0018989240736889666
1244025411111174145,neutral,0.3838651720914426
1244025411119562754,negative,0.02505003538790888
1244025411153125376,positive,0.9884895841822864
1244025411165618180,negative,8.606870784570771e-05
1244025411249541121,negative,1.9522446119721806e-05
1244025411417387010,negative,0.0003887777128289678
1244025411819929602,neutral,0.49789225920557484
1244025411962576896,negative,0.007092740778771518
1244025412063240193,positive,0.8157079822542955
1244025412142993410,negative,0.0027002344440646563
1244025412365230083,negative,0.007244319640131192
1244025412398862336,negative,0.1194220866099654
1244025412478545921,negative,0.000100786466632191
1244025412595986433,negative,1.9886902380328435e-05
1244025412675649536,negative,0.006891679323850784
1244025412788924418,negative,0.0023702756485400552
1244025413178920960,negative,4.8238765694839064e-05
1244025413430542337,neutral,0.5086135964481541
1244025413711597569,neutral,0.49789225920557484
1244025413715873792,negative,0.014600203293603908
1244025413954871299,negative,0.014345411785701081
1244025414198140928,negative,0.0026974608200071074
1244025414814765056,negative,0.0005421837687864796
1244025414940528640,negative,0.2738734468713121
1244025415070625792,negative,0.010830410354250475
1244025415385186304,neutral,0.5696924475961646
1244025415498334210,negative,0.0004938530946125513
1244025415506763776,positive,0.9908369365037759
1244025415729123329,negative,4.105411476139788e-06
1244025415884300288,negative,0.0011206185526683
1244025415968215041,negative,3.352361354611772e-05
1244025416135905281,negative,0.0086778406309497
1244025416140173312,negative,0.003631429095454684
1244025416165265411,negative,0.0021146262419722596
1244025416341430273,negative,0.0005535854581259797
1244025416475652096,positive,0.7719608848733042
1244025416643469313,negative,0.014803474008022805
1244025416681209857,positive,0.7898565583048688
1244025416693809153,negative,0.29212468790112484
1244025416723181569,neutral,0.3909677405094468
1244025417197068288,neutral,0.6436652494440961
1244025417452920832,positive,0.9786353919813421
1244025417511641088,negative,0.18080256962877272
1244025417750720512,negative,1.8242777695381061e-07
1244025418295934976,negative,9.078185718582633e-07
1244025418631581698,negative,0.0875233169485378
1244025418929377280,positive,0.9645933160714336
1244025418933579778,negative,0.0001570762370165333
1244025419222966273,neutral,0.3886984834246594
1244025419260715008,negative,0.0982763569114831
1244025419462033409,negative,0.006044578013271609
1244025419592085504,negative,1.0578336603108693e-06
1244025419847827456,negative,0.10423090731213717
1244025419847938050,negative,0.30246502162681876
1244025419986350083,neutral,0.3502185585251918
1244025420066033664,neutral,0.6028106130375538
1244025420112113665,negative,0.0012635899871934794
1244025420196073473,negative,0.29590654744337236
1244025420711890944,negative,0.004267206393327312
1244025420711972867,positive,0.7892743059500112
1244025420900642816,negative,0.29212468790112484
1244025421051592704,negative,0.07428056840709026
1244025421164765184,neutral,0.5225009132923989
1244025421202628608,negative,0.016248047811573473
1244025421647183874,negative,0.0010807336580558426
1244025421693411329,positive,0.7898565583048688
1244025421726916608,negative,0.23982229298951227
1244025422586826752,negative,0.0011206185526683
1244025422741999618,negative,1.1627787138023756e-05
1244025422972624896,negative,9.078185718582633e-07
1244025423018594306,negative,0.14727741089082053
1244025423169798146,negative,0.0014707251861243128
1244025423689920513,negative,0.005668741250425686
1244025424012812289,negative,0.21700973800492393
1244025424033824769,negative,0.03160954588924478
1244025424033861633,negative,0.0019423053848949257
1244025424075685888,negative,0.0007709060692038968
1244025424344166400,neutral,0.5547948592490254
1244025424797188097,negative,0.06634447346325013
1244025424809725952,negative,0.011092568477481569
1244025424885084160,negative,0.00010467691731249328
1244025424994279424,negative,0.08638643180922853
1244025425011052544,negative,0.0004195047551102664
1244025425036300288,negative,0.018704108367642497
1244025425065586691,negative,0.0686491308385723
1244025425367576576,negative,0.00015829801051204148
1244025425560580097,negative,0.01165578132929399
1244025425560580098,negative,0.17967582088407066
1244025425795452929,negative,2.307454520453184e-05
1244025425925246976,negative,0.26942968309050136
1244025426198048768,negative,0.00046197037275694664
1244025426231676928,negative,3.322099464646088e-06
1244025426344701953,positive,0.7469405270194408
1244025426357432320,negative,0.003631429095454684
1244025426600701952,negative,9.1657861132865e-05
1244025426630127617,negative,0.03944389256318938
1244025426676191232,negative,9.078185718582633e-07
1244025426911137792,negative,0.004267206393327312
1244025427368312834,negative,0.00010467691731249328
1244025427393499137,negative,0.07234648391801614
1244025427498340352,negative,0.040655098514277864
1244025427774955521,negative,0.26942968309050136
1244025427808727040,negative,0.09040422508899394
1244025427988971520,negative,0.16061727605996895
1244025428160978944,neutral,0.5173008960746949
1244025428257452032,negative,0.01112019061444056
1244025428341329922,neutral,0.6514525760301595
1244025428668489730,negative,7.513115846027963e-07
1244025429096357889,negative,0.0009405835588412403
1244025429192855552,negative,9.161484836035591e-09
1244025429469642753,negative,0.004412228382105814
1244025429519982592,neutral,0.4486520979118294
1244025429540864001,negative,0.00012556134839340904
1244025429628989442,negative,0.021099918679178025
1244025429952008194,negative,0.0029309644323082776
1244025429968781314,negative,0.034301583021262044
1244025430203457539,negative,0.31732489718339985
1244025430727733249,negative,0.00026536419898089624
1244025430727942145,negative,0.0009892963220489647
1244025431319351298,negative,0.034301583021262044
1244025431319359488,negative,0.2621991204321791
1244025431348711424,negative,0.0575450218026726
1244025546364932097,negative,0.0002472331921562083
1244025546385895424,negative,6.416580814399413e-06
1244025546981457922,negative,0.006044578013271609
1244025547140796416,negative,0.13656577447939605
1244025547270873088,neutral,0.34805642351032545
1244025547493191680,negative,0.20579436892708045
1244025548030062592,neutral,0.49026171070258967
1244025548151476224,negative,0.006184436900314474
1244025548206194688,negative,0.00011207691263318756
1244025548252360705,negative,0.00013862615331664447
1244025548311015426,negative,0.04682639144916058
1244025548516593664,negative,0.027884692553562653
1244025548562726914,negative,0.014513029960521917
1244025549447729152,negative,3.885676149603182e-08
1244025550001364992,negative,1.0018765069703958e-07
1244025550005559296,negative,0.10920595662265328
1244025550219419648,negative,7.85375262553082e-07
1244025550647308292,negative,0.023664476872996824
1244025550647308294,negative,0.08761755954574756
1244025551108661251,negative,0.00036031420819253855
1244025551507075073,negative,0.0030539651929571174
1244025551767121922,negative,0.05838953449698414
1244025551876218882,negative,0.006884676140519891
1244025552010448897,negative,0.26942968309050136
1244025552144605184,positive,0.7898565583048688
1244025552215904259,positive,0.6752333849868682
1244025552270483456,negative,0.002894875434525154
1244025552429887490,neutral,0.3432314663623632
1244025552471764992,negative,2.71895972215169e-09
1244025552836743169,negative,0.25089570953899193
1244025553033854977,negative,2.3484978402440508e-06
1244025553063038976,negative,0.11151435065354616
1244025553172258819,negative,0.0014464892681165934
1244025554048815104,negative,0.00046197037275694664
1244025554304741378,neutral,0.33069066037621353
1244025554392752130,negative,0.0033948365972968045
1244025554560524288,negative,0.0001570762370165333
1244025554682228738,negative,0.00184133656803176
1244025554782900227,negative,0.27831935303253286
1244025555307114496,negative,1.328879316374509e-12
1244025555399385088,neutral,0.41376677277902923
1244025555537797121,negative,4.470736242038846e-07
1244025555869151232,negative,0.13290202711860497
1244025556146040833,negative,0.004043594512216925
1244025556167020544,negative,2.3476527211550113e-07
1244025556481519616,negative,1.4682046135655486e-05
1244025556536041475,negative,0.11309144893708135
1244025556796166147,negative,0.05821091833556173
1244025556812943360,negative,0.010245360425363967
1244025556867440643,negative,0.003631429095454684
1244025556955541504,negative,0.0019423053848949257
1244025556988985344,negative,0.004247219503206488
1244025556997492737,neutral,0.5140335801237879
1244025557127487490,negative,3.1970086364144616e-05
1244025557140082688,neutral,0.5791972507848776
1244025557651783681,neutral,0.3504460520852954
1244025557676969984,negative,0.0575450218026726
1244025557853130754,negative,0.26605632199750157
1244025557991514112,negative,0.012059524914774623
1244025558176010241,negative,1.8242777695381061e-07
1244025558402547712,neutral,0.5683787039220269
1244025558482198530,negative,0.004605268386516648
1244025558570356736,negative,0.00015262472524175187
1244025558704492546,negative,0.037375695215738546
1244025558901481472,negative,0.21766622461380722
1244025559014932480,positive,0.7746963596139614
1244025559589453824,negative,0.21766622461380722
1244025559648104449,negative,0.18477356597233874
1244025559702700032,negative,0.009209429554740382
1244025559815991297,positive,0.9131724436744524
1244025559849582593,negative,0.0034585141735491184
1244025560168304641,negative,0.0017981650016121226
1244025561246302211,negative,0.008650964572332739
1244025561695096832,negative,0.20006750265595902
1244025561845907459,negative,0.012652817569050732
1244025561955139585,positive,0.8767624715904464
1244025561988677634,negative,0.21807435222287017
1244025562181459973,negative,0.26942968309050136
1244025562496004098,negative,0.21537432307405738
1244025562538151936,negative,0.13464067197416293
1244025562747875329,negative,0.07428056840709026
1244025562768736256,negative,0.014513029960521917
1244025562781421569,negative,0.13516801169331602
1244025562794020864,negative,0.012713426409208247
1244025562856861697,negative,0.0023761949265384257
1244025563326681089,negative,0.0005204199659529315
1244025563569893376,neutral,0.35103193690844414
1244025563637047296,negative,0.0006272624411091805
1244025563699912706,negative,0.00014280467010032856
1244025563909677058,negative,0.2897680907619539
1244025564157140993,negative,0.16289727844136848
1244025564324933638,negative,9.078185718582633e-07
1244025564429778944,negative,0.02222078174992644
1244025565037953024,negative,0.002261437390284136
1244025565155295233,negative,0.26983199408684155
1244025565503533057,negative,0.005260775403274126
1244025565528629248,negative,0.1136593562632943
1244025565625098240,negative,0.14666907117432557
1244025565704839169,negative,0.00022462200234529275
1244025565830623233,negative,0.029146409000144674
1244025566078124033,negative,0.0009405835588412403
1244025566560489472,negative,0.13674815188877779
1244025566572969985,negative,0.08638643180922853
1244025567105744897,negative,0.07608550530736444
1244025567109881857,negative,0.01993530508050108
1244025567160213506,negative,0.002473111206258806
1244025567500021760,negative,0.016557984902287486
1244025567579721731,negative,0.0556737086915104
1244025568267550720,positive,0.7314395620416144
1244025568296865792,negative,9.078185718582633e-07
1244025568502439938,negative,0.16403080419111943
1244025568540200968,negative,0.0019994631153304318
1244025569454559233,negative,0.0003227808970711422
1244025569609691136,neutral,0.35103193690844414
1244025681140424705,negative,0.006044578013271609
1244025681169788930,negative,0.000100786466632191
1244025681291497473,neutral,0.5547948592490254
1244025681509593088,negative,0.006514997532595033
1244025682054852608,positive,0.7576264506942083
1244025682331566080,negative,0.05816167727367922
1244025682683977728,neutral,0.6581668239809023
1244025682847510528,negative,0.004972089359297221
1244025682935590913,positive,0.8535534219668095
1244025684005138432,negative,0.05838953449698414
1244025684059545602,positive,0.7469405270194408
1244025684122578945,negative,0.00011704885213186469
1244025684403593217,negative,6.416580814399413e-06
1244025684516896768,negative,0.03410945741539785
1244025684583989249,negative,1.7611151360168937e-05
1244025684697272320,negative,0.003631429095454684
1244025684793712640,negative,3.887589951345138e-05
1244025684902719489,negative,0.00862578274070592
1244025685179580416,negative,0.25188780125339794
1244025685246644226,neutral,0.4578850323795784
1244025685401886724,neutral,0.396352349529719
1244025685481570304,negative,0.0037469073180578707
1244025685527556096,negative,0.0009405835588412403
1244025685607436289,neutral,0.5086135964481541
1244025685716480002,neutral,0.48728019602140255
1244025685758357505,negative,0.31030036529807636
1244025685934473216,negative,0.2249807171429087
1244025686303653888,negative,0.017368663007333505
1244025686349819905,negative,0.0006772814518061324
1244025686437826560,negative,0.0004671046384655466
1244025686718926848,negative,0.18865361099026448
1244025686765035520,negative,0.03453997059558348
1244025687079563267,negative,0.05177277466832924
1244025687142535168,neutral,0.35103193690844414
1244025687595536384,negative,5.491165320443538e-05
1244025687687790594,negative,4.011444863103895e-06
1244025688132325377,negative,0.02725427919542539
1244025688258220032,negative,4.011444863103895e-06
1244025688589504513,positive,0.9892861095870574
1244025688715378689,negative,5.509242907648463e-05
1244025688841170944,negative,0.004605932673330669
1244025689172520963,negative,1.6719519095053524e-08
1244025689638154244,negative,0.20297106815955637
1244025689742999552,neutral,0.5409568034535329
1244025689784963072,negative,0.007338083750353769
1244025689961103360,negative,0.006044578013271609
1244025689977892865,negative,0.13290202711860497
1244025689994678272,negative,0.006565822955124885
1244025690145599488,negative,0.04943767567444571
1244025690183413760,neutral,0.6516858596389244
1244025690254647296,negative,0.00033811698207500266
1244025690778984449,negative,0.17551092563773363
1244025690875453442,negative,1.9430107704356296e-06
1244025690879602689,negative,0.016248047811573473
1244025690883862528,negative,0.21766622461380722
1244025691131305984,negative,0.00026881817546573167
1244025691286487040,neutral,0.47371072416927557
1244025691554938880,negative,0.014198742098991735
1244025691596820480,negative,0.07098215912165586
1244025692116987904,negative,0.003547361005586318
1244025692183879680,negative,0.034301583021262044
1244025692238630913,negative,0.10462817178963833
1244025692259483649,negative,9.38393272362099e-06
1244025692284751873,negative,3.721537354427799e-10
1244025692335063040,negative,0.0021650805977782355
1244025692557361156,positive,0.8864354338884142
1244025692561555456,negative,0.00012610807643609196
1244025692632698882,neutral,0.4916712642910147
1244025692783869952,neutral,0.38498329744299714
1244025692930691073,negative,0.0017981650016121226
1244025693102538752,negative,0.0004701086672102119
1244025693110968320,negative,0.003631429095454684
1244025694629306369,neutral,0.39570077291060207
1244025695015260160,neutral,0.37868847333604844
1244025695719882752,negative,0.012652817569050732
1244025695791087616,neutral,0.37377490205268193
1244025696047050753,negative,0.16192226149174863
1244025696105549824,negative,0.09810329319758795
1244025696168677378,negative,0.034301583021262044
1244025696269320192,negative,0.009613746828256308
1244025696483246082,neutral,0.33333440016826693
1244025696734887936,negative,0.18516714928922876
1244025697624035329,negative,0.04504719860298345
1244025697963839489,negative,0.13695249320336303
1244025698005725184,negative,1.0840654301702828e-12
1244025698190229505,negative,0.0006407347362978636
1244025698349731842,neutral,0.6581668239809023
1244025698580389888,negative,0.043242445551721465
1244025698622132224,negative,0.26942968309050136
1244025698731393024,negative,0.07150052223142817
1244025698798522370,negative,0.020290253861155298
1244025699368873985,negative,0.1302256171059917
1244025700086145024,negative,0.012652817569050732
1244025700132229123,negative,0.057183312841276784
1244025700501327872,negative,0.028786205109426116
1244025700681539585,negative,0.007260135119388749
1244025700992122880,negative,0.04609805192603871
1244025701013037058,negative,0.006219887758999152
1244025701126340608,negative,0.004262510585938101
1244025701243727872,negative,2.4625419291539924e-06
1244025701294112768,neutral,0.5037337938975129
1244025701629489152,positive,0.7838850552562889
1244025702514601984,negative,0.09152250087981971
1244025702770450433,neutral,0.3364082756260011
1244025702820782083,neutral,0.3688120122074838
1244025702938300416,negative,0.21766622461380722
1244025703093252096,negative,0.2369710931082333
1244025703949090818,negative,1.053152814134172e-06
1244025704066449409,positive,0.7950823182260129
1244025704137863171,negative,0.00046197037275694664
1244025704179793920,negative,0.00046197037275694664
1244025704301449218,negative,0.03410945741539785
1244025704473399297,negative,0.02668307305294291
1244025704519352321,negative,0.00019196689941581742
1244025704544681985,negative,0.001011463205853037
1244025704846671873,negative,0.013314677236971939
1244025821167312896,negative,8.385452553198593e-06
1244025822240964608,negative,0.19983902538911968
1244025822241054720,negative,0.0575450218026726
1244025822270427136,neutral,0.3403391890910929
1244025823021146112,negative,0.009319695880400426
1244025823025410049,negative,0.0005104190210892216
1244025823352537090,negative,0.0015530362105178371
1244025823520325633,positive,0.9866779692803831
1244025823583260672,negative,0.00020949297219303995
1244025823738413056,negative,0.009815120824440709
1244025824073977857,neutral,0.48522191375668317
1244025824266850304,negative,8.410795872971419e-05
1244025824396926977,negative,0.04241004511862105
1244025824791199744,negative,0.31030036529807636
1244025825063776256,negative,0.003608508008212976
1244025825084702721,negative,0.16061727605996895
1244025825273528321,negative,0.2349316590613307
1244025825294499840,negative,1.6719519095053524e-08
1244025825374220288,negative,0.052256046489331125
1244025825483243522,negative,0.01263623502751831
1244025825504169986,negative,0.03876737456449012
1244025825688772611,positive,0.7782480392980674
1244025826305282048,negative,0.0003554535906348433
1244025826561142786,negative,0.0014848287289116909
1244025826582106112,negative,1.3838367489188904e-05
1244025826833727488,negative,0.02424705901540113
1244025827257450499,negative,0.0002319025062632092
1244025827345469441,negative,0.009989806477906456
1244025827500724224,negative,0.10499299692036099
1244025827773251586,negative,0.00046197037275694664
1244025827832008705,negative,1.771131904074899e-05
1244025828020813825,negative,0.21766622461380722
1244025828238901248,negative,0.07199775613485015
1244025828356341761,negative,0.06457408419962248
1244025828436070400,positive,0.7782480392980674
1244025828532531200,negative,0.0004751901752006795
1244025828834521089,negative,0.21766622461380722
1244025829044244480,negative,0.05333426148897456
1244025829065138178,negative,0.1282903517708337
1244025829706928131,negative,0.0001740357534866108
1244025830000525313,negative,0.016248047811573473
1244025830260514816,neutral,0.3986771351137957
1244025830378012672,negative,0.21766622461380722
1244025830637961217,negative,0.01585115028319422
1244025831120347136,negative,0.016248047811573473
1244025831405563904,negative,0.0001391863795007439
1244025831917314051,negative,0.0001325301806476251
1244025832185659393,negative,0.013460973566595811
1244025832420577280,negative,5.684935556243765e-07
1244025832743604230,negative,0.17547254793515749
1244025833041338371,negative,0.05663499362000135
1244025833389465600,negative,0.008143924453218012
1244025833456574464,negative,0.01577092977700161
1244025833573847040,negative,0.0008273262135854276
1244025833678929922,negative,0.0471982182953817
1244025833733459968,positive,0.7058974431839885
1244025833766957056,negative,0.13526837424072044
1244025833850888193,negative,0.0009405835588412403
1244025833863479296,negative,0.12229893116998274
1244025834043834368,negative,0.0012039928300389931
1244025834115149825,negative,0.034301583021262044
1244025834425536512,negative,0.01970778199385872
1244025834521931776,negative,0.16319626433192955
1244025834760962049,negative,0.0014707251861243128
1244025834823974913,negative,0.06333154912217008
1244025835092393985,negative,0.000959358726864753
1244025835872534528,neutral,0.38498329744299714
1244025835876581377,negative,0.06364915817324744
1244025836002476032,negative,0.001671506200562899
1244025836245745664,negative,5.058972979599825e-05
1244025836623335424,negative,0.010494943394097494
1244025836782718976,negative,0.0008841711374136233
1244025836946292736,negative,0.05080595096907198
1244025836979859456,negative,5.073474765627474e-06
1244025837176926208,negative,0.08643947367226723
1244025837252423682,negative,0.21735987042146557
1244025837256613889,negative,0.0031620445426744025
1244025837286023170,negative,0.21766622461380722
1244025837306994688,negative,0.05771397167816779
1244025837667655680,negative,0.013569589814836103
1244025837713862656,negative,0.01000980555838636
1244025838259093504,negative,0.0018638858080717643
1244025838577881088,negative,0.061403708581642
1244025838930210818,positive,0.9969840482536642
1244025839039188993,negative,0.00036031420819253855
1244025839064317953,negative,0.00019302312443642453
1244025839068631040,negative,0.0009838971456966935
1244025839504756738,neutral,0.3536020149451268
1244025839739699202,neutral,0.49789225920557484
1244025839869669376,neutral,0.35103193690844414
1244025839890640896,negative,7.236950471584351e-05
1244025840347865088,positive,0.7782480392980674
1244025840427507712,negative,0.01766147002268597
1244025840473714688,negative,0.0069085238471594005
1244025840519860225,negative,0.0346049130933352
1244025840620523522,neutral,0.36429720976738034
1244025840767307777,negative,0.00023237180751051176
1244025840846987265,positive,0.9914995866331767
1244025840876359680,negative,0.0007067739530015191
1244025840939274240,negative,0.00047931442677677245
1244025841643925505,negative,9.078185718582633e-07
1244025841790652416,negative,0.15100042416498058
1244025842004623361,negative,0.21766622461380722
1244025842122002432,negative,0.21766622461380722
1244025842138853376,negative,0.005705039240678329
1244025842163945473,negative,6.634368908411984e-07
1244025842575040512,negative,0.00032867255786668515
1244025842604392448,neutral,0.35103193690844414
1244025842726047744,negative,0.00023501636608027972
1244025842784587778,neutral,0.35359027095536927
1244025843170476032,negative,0.019054138983726654
1244025843292286979,negative,0.00020949297219303995
1244025843376062464,negative,0.0001394014693476783
1244025843514593280,negative,0.317626749779072
1244025843590090753,negative,0.002981729991064678
1244025843904581633,negative,2.3801923520608037e-06
1244025959872897025,negative,0.00020890193195457932
1244025959906328576,negative,1.870402110449988e-08
1244025960145567745,positive,0.774933494831713
1244025960363679745,negative,0.19563760923581308
1244025960409829376,negative,0.010340172687995353
1244025960619540480,negative,7.85375262553082e-07
1244025960837627904,negative,0.0018658179604059205
1244025960959299584,negative,0.03137268014041387
1244025961076703233,negative,2.401943509389068e-07
1244025961525530627,negative,3.721537354427799e-10
1244025961953312768,negative,0.25596941190794986
1244025962238443520,negative,0.06279105522112872
1244025962355986433,negative,0.00033862580664533777
1244025962444001280,negative,0.006891679323850784
1244025962536284161,negative,0.006044578013271609
1244025962557321216,negative,0.1194993844273807
1244025962708250625,negative,0.004394917358088082
1244025963001909248,positive,0.9121496640672753
1244025963270344706,negative,0.0002660820635215627
1244025963312222209,negative,0.09997597742680292
1244025963677200385,negative,0.0027002344440646563
1244025963769401344,positive,0.8767624715904464
1244025963857555456,negative,0.07554262521679907
1244025963962347522,negative,0.020017247865276422
1244025964025315329,negative,0.10284473938483231
1244025964486590464,negative,0.07579706910682077
1244025964646072320,negative,0.0007165252805427558
1244025964759310336,negative,0.008520618014145172
1244025964864180224,negative,0.12027109120897769
1244025964897734658,negative,0.0009405835588412403
1244025965015183361,positive,0.7898565583048688
1244025965304516609,negative,0.25452165827242157
1244025965363298304,negative,0.00662413855396368
1244025965417824256,negative,0.06623089181568541
1244025965543665666,negative,0.022317661910838088
1244025965606588416,negative,6.0879133990333495e-05
1244025965795131399,neutral,0.47921954232601344
1244025966483116032,negative,0.004527329282623551
1244025966747357184,negative,0.000100786466632191
1244025966831316993,negative,6.2921967279269126e-06
1244025967041011713,negative,0.1786972182123343
1244025967053504513,positive,0.9905439823917801
1244025967246442497,negative,0.08162359631165897
1244025967288483841,negative,0.0007035035899756882
1244025967699308545,negative,6.765264033869306e-05
1244025967808520196,negative,0.002394130450580185
1244025968068526081,negative,0.0018200553072138556
1244025968144113665,negative,3.200696579452935e-07
1244025968177623040,negative,2.5072460235908674e-08
1244025968567693314,negative,0.034301583021262044
1244025968823590913,neutral,0.3954843159579057
1244025968961957888,neutral,0.39570077291060207
1244025969452765184,negative,0.006235258068432183
1244025969469468672,negative,0.07762078055214564
1244025969570086912,negative,0.31138705512589365
1244025969595363328,negative,0.007736465778307024
1244025970111250432,negative,0.0010735999314641195
1244025970136408065,negative,0.006891679323850784
1244025970182553601,neutral,0.35103193690844414
1244025970962694144,negative,0.317626749779072
1244025971335933954,negative,0.02684143417321762
1244025971457523714,negative,1.6379294875428703e-07
1244025971646369792,negative,0.015635171855398103
1244025972334231552,negative,0.005096345034547426
1244025972594225153,negative,0.07428056840709026
1244025972606865408,positive,0.6860333041463255
1244025972673974272,negative,0.00047638596538302944
1244025973013708800,negative,0.007076597188481792
1244025973105926147,negative,0.04943767567444571
1244025973156253696,negative,0.05074830401198708
1244025973353451521,negative,0.0011185212314119104
1244025973709910017,negative,3.533686370328956e-06
1244025973755920384,negative,0.034301583021262044
1244025973764472832,negative,0.00046197037275694664
1244025973856763905,negative,1.4862748129529687e-05
1244025974095843329,negative,4.776858009654605e-07
1244025974213263360,negative,0.06279105522112872
1244025974267789313,negative,0.019777013565301496
1244025974313889792,negative,1.9386994124879305e-06
1244025974368407552,negative,0.034301583021262044
1244025974624333824,positive,0.9999389470391452
1244025974666256384,negative,0.17719105154438772
1244025975291215872,negative,0.020340702841426483
1244025975471472640,negative,0.004657883012791949
1244025975563857920,negative,0.034301583021262044
1244025975911972864,negative,0.006891679323850784
1244025976008454145,negative,0.0012041869541551005
1244025976461447170,negative,0.0007449103242660983
1244025976473956354,negative,0.034301583021262044
1244025976864063488,negative,1.2230171882510266e-05
1244025976943755264,negative,0.043264052809915014
1244025977015078912,negative,0.006891679323850784
1244025977107349504,negative,0.26942968309050136
1244025977145110528,negative,1.6123234876258858e-05
1244025977409241088,negative,0.017315622672831158
1244025977690300416,negative,0.0014806900657808753
1244025978076246017,negative,2.710755630420368e-09
1244025978088718339,negative,0.043915903913191126
1244025978117971970,negative,1.659376483496774e-05
1244025978160140289,negative,0.002609792684786951
1244025978550132738,negative,0.0018808567538167878
1244025979246465024,negative,9.078185718582633e-07
1244025979464548352,negative,0.013473656582322175
1244025980265607169,negative,0.15967384295413728
1244025980852862977,negative,1.7153376091091305e-09
1244026101237768193,neutral,0.5086135964481541
1244026101342633984,positive,0.7898565583048688
1244026101992734722,negative,0.057183312841276784
1244026102105899009,negative,0.0035869608780305737
1244026102185635840,negative,1.4964619099941422e-05
1244026102298836993,negative,0.000365840717291867
1244026102307336192,negative,0.04943767567444571
1244026102399590400,negative,0.21766622461380722
1244026102407999489,negative,6.62295684282535e-05
1244026102449950721,negative,0.07876794385128488
1244026102642769920,negative,0.00034526802388131313
1244026102663786497,negative,0.0006061921080529063
1244026102676258817,neutral,0.4074040899832298
1244026102735155200,negative,0.11910465655380176
1244026102978396161,negative,0.014513029960521917
1244026103494332417,negative,0.008386107726372409
1244026103544635393,negative,0.02649751675832098
1244026103578210304,positive,0.8889118481293443
1244026103749996544,negative,0.26942968309050136
1244026103813079040,negative,0.014513029960521917
1244026103863422976,negative,0.014078983221164462
1244026104760930304,neutral,0.39439463283712184
1244026104836509699,positive,0.7898565583048688
1244026104895152128,negative,0.011422904586937285
1244026104895193088,negative,0.30246502162681876
1244026105205608449,negative,0.08942244908378869
1244026105415245827,negative,0.239496850751111
1244026105444601858,negative,0.0018221174185453642
1244026105553727489,negative,6.793770576237708e-07
1244026105931202560,negative,0.21766622461380722
1244026106031808514,negative,0.020252162110012566
1244026106279333888,positive,0.8767624715904464
1244026106325471235,negative,0.22246863043429252
1244026106329661442,negative,2.639536410905444e-06
1244026106648371200,negative,0.0017704414975331455
1244026106698780672,negative,0.31138705512589365
1244026106891689984,negative,0.11910465655380176
1244026107281563648,negative,0.04393529375493576
1244026107512467458,negative,0.0009405835588412403
1244026107852132352,negative,0.0027002344440646563
1244026107948609536,negative,6.138977634263252e-06
1244026108523294722,negative,0.09934271626015083
1244026108523294724,negative,1.8242777695381061e-07
1244026108531654656,negative,0.13235666399712087
1244026108569403392,negative,0.11910465655380176
1244026108867235840,negative,2.1730701516379773e-07
1244026109156626432,positive,0.7874597952851933
1244026109366321152,negative,0.1424829771831002
1244026109638909952,negative,0.0575450218026726
1244026109852868608,negative,0.0056678834030327386
1244026109932552192,negative,0.05082407348595446
1244026109966065664,negative,5.684935556243765e-07
1244026109978542085,negative,0.00010467691731249328
1244026110830161921,negative,0.0002679490885114666
1244026110867734529,negative,0.0002983264977962546
1244026110876270593,negative,0.07002694445908031
1244026110926557184,negative,0.00523113221628422
1244026110997860352,negative,0.014367836915619669
1244026111811637248,negative,0.0013722757752262192
1244026111966748673,negative,0.0002786428325240214
1244026111987777537,negative,0.0007597315773764387
1244026112252018688,negative,1.870402110449988e-08
1244026112654467077,negative,0.26942968309050136
1244026112805613569,negative,1.0942915837414239e-05
1244026113350930433,negative,3.875565779974035e-05
1244026113367646208,negative,4.9157366591766055e-05
1244026113380122624,negative,0.009066809459170678
1244026113615167489,negative,0.1702234440877167
1244026113875234816,negative,0.19896983849250832
1244026114076524544,neutral,0.33069066037621353
1244026114248335363,negative,0.0602455098103874
1244026114311249920,negative,0.0006419146098548056
1244026114701434882,negative,3.721537354427799e-10
1244026114827259904,negative,0.20006750265595902
1244026114877599745,negative,0.008425569098825502
1244026115171045378,negative,0.17159000973075153
1244026115557150721,negative,0.0008590094656786723
1244026115628380161,negative,1.114979730383823e-05
1244026115645153280,negative,0.0799291484556156
1244026115645153281,negative,5.631541119934787e-07
1244026115657732097,negative,0.0033569777672011664
1244026115825557506,negative,0.21766622461380722
1244026115989045249,negative,0.0008648964919517477
1244026116781658112,negative,0.0020598858334955634
1244026116798664704,negative,0.23293511111483112
1244026117108858881,negative,0.0020598858334955634
1244026117142568962,negative,0.07600261249047938
1244026117201096705,negative,0.0020598858334955634
1244026117314490368,negative,0.0005719389044042758
1244026117331095553,negative,0.0020598858334955634
1244026117394235392,negative,0.02674941437058917
1244026117494890497,negative,0.005186732020307045
1244026117733920768,neutral,0.43498126429009193
1244026117972832256,negative,0.0020598858334955634
1244026117994012672,negative,0.0025498752886884365
1244026118061133824,positive,0.8779780032221528
1244026118082101250,negative,0.028786205109426116
1244026118216331264,negative,0.16889370307883503
1244026118245625858,negative,0.014513029960521917
1244026118346346498,negative,0.26512827459876154
1244026118405074945,negative,0.14991518857674693
1244026118434426881,negative,0.01809857907717686
1244026118463766528,negative,3.0290198208330303e-06
1244026118530793472,negative,7.825475549400788e-05
1244026118602133506,negative,0.002002145343904458
1244026118669099014,positive,0.8764276495223581
1244026119206117376,negative,2.639536410905444e-06
1244026119239741441,negative,0.0003227808970711422
1244026119315165184,negative,0.014513029960521917
1244026119705300994,negative,0.0010014132611097493
1244026119730454528,negative,2.2807130163885143e-05
1244026119843713024,negative,0.2564337992225651
1244026120007307264,negative,0.005186732020307045
1244026120078573569,negative,0.015707974361957238
1244026120288305152,negative,2.3057514676790278e-05
1244026120384557057,negative,0.0020598858334955634
1244026120640630786,negative,0.010469161319580977
1244026120888037377,negative,0.011186603691380036
1244026121038876675,negative,0.07872363747194837
1244026121370218496,negative,0.247841144760538
1244026122075082752,negative,0.1370402556756933
1244026122251239426,negative,0.04943767567444571
1244026122314137600,negative,4.0160246023440064e-08
1244026122389651458,negative,8.528057756507744e-05
1244026122402181122,positive,0.7767134653645851
1244026122679001088,negative,0.07201808274067398
1244026122880397314,neutral,0.49789225920557484
1244026238546690049,negative,8.385452553198593e-06
1244026238550843392,negative,0.014513029960521917
1244026238752210944,negative,0.0011866547674259833
1244026238945107969,negative,0.00027883678816101077
1244026239196725249,negative,0.0010448286875024803
1244026239201017857,negative,0.062078244041998354
1244026239595294720,negative,6.416580814399413e-06
1244026239603683329,negative,6.363767851907415e-05
1244026239649792002,negative,0.003631429095454684
1244026239817592833,neutral,0.396352349529719
1244026239825915904,negative,0.0018221174185453642
1244026239872053249,negative,0.005849928055335127
1244026239964200960,negative,0.1958157767718701
1244026240077418496,negative,0.011186603691380036
1244026240274743297,negative,0.05177277466832924
1244026240324927498,negative,0.14556915071140827
1244026240396341248,negative,0.30246502162681876
1244026240715100162,negative,0.04943767567444571
1244026240731942913,negative,0.016023432457596073
1244026240886951936,positive,0.9929963723291296
1244026241314967552,negative,0.21766622461380722
1244026241356910592,negative,0.00046197037275694664
1244026242115960833,positive,0.9485833297111423
1244026242183106560,positive,0.8767624715904464
1244026242292166658,negative,0.0021146262419722596
1244026242313093124,negative,1.9676541334279905e-05
1244026242392784897,negative,1.190914503855392e-05
1244026242556362752,negative,3.407700364581446e-07
1244026242791346176,negative,9.433023538430254e-05
1244026242938126336,negative,1.115994055407311e-08
1244026243013660673,negative,0.07738059547332773
1244026243080740864,negative,0.016838058364343957
1244026243290476544,negative,0.16889370307883503
1244026243315642369,neutral,0.5140335801237879
1244026243407843329,negative,0.0009405835588412403
1244026243533635584,negative,0.034301583021262044
1244026243671965696,negative,0.0005913478855086392
1244026243802116099,negative,0.151631961768421
1244026243814572033,negative,0.07872363747194837
1244026243890249729,neutral,0.6087025449867457
1244026243919630339,neutral,0.5897356730215634
1244026244334837760,negative,0.21766622461380722
1244026244473200640,negative,0.003631429095454684
1244026244477390849,positive,0.7245720051794796
1244026244477394944,positive,0.9020148682727999
1244026244519407617,negative,0.0005318280729464152
1244026244917866499,negative,0.2897680907619539
1244026244980670464,negative,0.016248047811573473
1244026245119164419,negative,0.07554262521679907
1244026245236633600,neutral,0.35429444431605167
1244026245370781696,negative,0.002400138109525898
1244026245454557185,neutral,0.3838651720914426
1244026245693812736,negative,0.0034585141735491184
1244026245832224770,neutral,0.3688120122074838
1244026245840384000,negative,0.0005361044277434341
1244026246436093953,negative,0.034301583021262044
1244026246591320065,negative,6.337770724392067e-10
1244026246691946497,neutral,0.43255568278659845
1244026247740420104,negative,0.0004250673063673476
1244026248206090240,negative,0.0001724548910215966
1244026248281686017,negative,5.875236820833197e-05
1244026248357130240,neutral,0.6482602621661915
1244026248575287296,neutral,0.3865864341583829
1244026248705310722,negative,0.15696471571448117
1244026248730476544,negative,0.1376942201084429
1244026249363800064,negative,0.03649321482797093
1244026249795850241,positive,0.8767624715904464
1244026249950965760,neutral,0.5696924475961646
1244026250051629056,negative,0.00869080151864861
1244026250538160128,negative,0.13370553711890965
1244026250668249088,negative,0.01809857907717686
1244026250751913989,negative,0.002648652455068661
1244026250760466435,negative,0.0041227829771153125
1244026250949255168,negative,0.004269542138628701
1244026251058216960,negative,0.016713895842492135
1244026251066695680,neutral,0.6266243876700941
1244026251213447169,negative,0.07428056840709026
1244026251297333250,positive,0.8767624715904464
1244026251360251905,negative,1.8242777695381061e-07
1244026251553226753,neutral,0.38498329744299714
1244026251595132929,negative,0.308199125160694
1244026251737739264,negative,0.10499299692036099
1244026251787943937,negative,0.3090174163030208
1244026252299771904,negative,0.005383592535039881
1244026252354293764,negative,0.034301583021262044
1244026252555694081,negative,0.0018302758314453478
1244026252857573378,negative,0.21140615682185843
1244026253109276673,neutral,0.5734576952979002
1244026253331648512,negative,0.25522131484736466
1244026253621035010,negative,0.014174163156158048
1244026254036217860,positive,0.8767624715904464
1244026254048845825,negative,0.1786972182123343
1244026254233403393,negative,0.007984030768423696
1244026254304727040,negative,0.0012635899871934794
1244026254468268033,neutral,0.3883671875814757
1244026254505852931,negative,0.056262256676094365
1244026255239979008,negative,2.225902999934375e-05
1244026255944663043,negative,0.01263623502751831
1244026256007577600,negative,0.19065792111495167
1244026256305393664,negative,0.012713426409208247
1244026256624177153,negative,9.058991507534921e-10
1244026256997462017,negative,0.026000030929510615
1244026257232269314,negative,0.04412947667519408
1244026257249046528,negative,0.013473656582322175
1244026257291042816,neutral,0.6590564074200111
1244026258033426432,negative,0.003631429095454684
1244026258054316032,negative,0.0009405835588412403
1244026258306076673,negative,0.21766622461380722
1244026258687754240,negative,0.03819681487786787
1244026258721255425,positive,0.9786353919813421
1244026258733838336,negative,0.001487437731614408
1244026259409195008,negative,2.179315171380431e-11
1244026259560108032,negative,0.057124255215899325
1244026259572764673,negative,3.1970086364144616e-05
1244026260277415937,negative,0.07201808274067398
1244026260444962825,neutral,0.35429444431605167
1244026372688875520,neutral,0.4486520979118294
1244026372869292032,negative,0.26942968309050136
1244026372894359553,negative,5.000669565691193e-12
1244026373003448320,negative,0.05687640201973875
1244026373166989312,negative,0.004862867296726145
1244026373183848448,negative,0.0018448265303936898
1244026374018551808,negative,0.2610842195219524
1244026374035103744,neutral,0.5177876846284236
1244026374328856577,negative,0.07002694445908031
1244026374446342145,negative,5.3425502440991215e-05
1244026375117459457,negative,0.21766622461380722
1244026375268417536,neutral,0.6266243876700941
1244026375301971969,negative,0.0007601456145716616
1244026375322963969,negative,0.006891679323850784
1244026375826259968,positive,0.8830788274688061
1244026376069492736,negative,0.04699977754333828
1244026376103002113,negative,0.010969838623133249
1244026376199512064,neutral,0.4506794917885837
1244026376329605121,negative,0.028786205109426116
1244026376707100674,negative,0.0006142802561862868
1244026376786714624,negative,0.062078244041998354
1244026376790913024,negative,0.007092740778771518
1244026376958722048,negative,0.050409980149242
1244026376996470785,negative,0.2276152115098916
1244026377298489345,negative,0.21870772628859386
1244026377357197313,negative,0.0006450827241048882
1244026377575243777,negative,0.31138705512589365
1244026377659170816,negative,0.010653859928321968
1244026377835290627,negative,0.008755456328030969
1244026377927634945,negative,0.00046197037275694664
1244026377969557504,negative,0.003631429095454684
1244026378007261184,negative,0.0010147365375617777
1244026378078638081,negative,0.0163961849030784
1244026378208645121,neutral,0.546713107287904
1244026378225410048,negative,0.00046197037275694664
1244026378250412032,negative,0.033532650021075215
1244026378598694912,negative,0.0013811686195056435
1244026378829389826,negative,0.023889875722986603
1244026379202637825,negative,0.03137268014041387
1244026379294908417,neutral,0.33179675355856647
1244026379500433408,negative,0.21862394221399392
1244026379823460352,negative,0.00010162881845705767
1244026380049924096,negative,0.011422904586937285
1244026380066660352,negative,0.000731445917807802
1244026380314165248,negative,0.0006061921080529063
1244026380473507840,negative,0.1804486289990351
1244026381136265220,negative,0.034301583021262044
1244026381614407680,negative,0.011208614695418527
1244026381878677504,negative,0.0002768654720082666
1244026381983453184,neutral,0.6266243876700941
1244026382268727298,negative,0.006044578013271609
1244026382755270659,negative,0.00020318958180476422
1244026383078227968,negative,0.06374595202651592
1244026384311255040,negative,9.078185718582633e-07
1244026384575377409,negative,0.12752856768062462
1244026385456398338,negative,0.011852425754201135
1244026385493975040,positive,0.7245720051794796
1244026385598906369,negative,1.0831894168086737e-07
1244026385636691968,negative,0.1194993844273807
1244026385770983456,negative,0.25184351262683236
1244026385817108481,negative,0.0575450218026726
1244026385917755392,negative,6.416580814399413e-06
1244026386270097411,negative,0.0015427790685460419
1244026386618159107,negative,0.00032754854593002746
1244026386643398656,negative,0.162593046256012
1244026386651594759,negative,0.059995926236084345
1244026386697850881,negative,0.17513396010460444
1244026386744049665,negative,1.667524079146697e-05
1244026386769207297,negative,0.062078244041998354
1244026386802708481,negative,1.9386994124879305e-06
1244026386920112128,negative,4.105411476139788e-06
1244026386932731904,negative,1.9845389722884797e-05
1244026386962145284,positive,0.7058974431839885
1244026386978766848,positive,0.7469405270194408
1244026387050225664,negative,0.02468102677102533
1244026387075399680,negative,0.003631429095454684
1244026387322683393,negative,0.0003912462032757119
1244026387503165441,negative,0.011186603691380036
1244026387507359744,negative,0.02265780396262849
1244026387595485184,negative,0.014198742098991735
1244026387599671297,negative,0.03174421808277741
1244026387616468992,negative,1.8242777695381061e-07
1244026387654156288,negative,0.003631429095454684
1244026387654225920,neutral,0.650575362676644
1244026387725418496,negative,1.4964619099941422e-05
1244026387775832065,negative,1.9386994124879305e-06
1244026387847098368,positive,0.8767624715904464
1244026387943559168,negative,0.11157062256723287
1244026388182708224,negative,0.0006061921080529063
1244026388421771264,negative,0.00024635696438720593
1244026388425949184,neutral,0.39570077291060207
1244026389713629184,negative,0.19233156072169083
1244026389860319232,negative,0.2349316590613307
1244026390003036161,negative,5.81494468751682e-06
1244026390514749442,negative,0.0012041869541551005
1244026390808350720,negative,0.0001740357534866108
1244026390900604928,negative,0.26942968309050136
1244026390934106112,negative,0.0013268495598961366
1244026391219363840,negative,1.8990477581200601e-06
1244026391269703681,negative,3.412463330517005e-05
1244026391324176384,positive,0.8954230587925122
1244026391416496129,negative,1.4552224705790728e-06
1244026391718477824,negative,0.0010928191823583243
1244026392746037250,negative,0.2583541832735781
1244026392985186306,neutral,0.4241949410609836
1244026393022861317,negative,0.014112722635558421
1244026393253601283,negative,0.0005614730074301697
1244026393270378496,negative,0.00020949297219303995
1244026393329053697,negative,0.21766622461380722
1244026393396162560,negative,0.07738059547332773
1244026393404379137,negative,0.00011666978008212774
1244026393652015104,neutral,0.45712347739599046
1244026393752678401,neutral,0.6125336998226261
1244026393807196160,negative,0.034301583021262044
1244026394063110145,neutral,0.396352349529719
1244026394398638080,negative,0.0006061921080529063
1244026394537086977,negative,0.006066402809500474
1244026394771849216,negative,0.10309600235074601
1244026395132600322,negative,0.004605932673330669
1244026506256560130,negative,0.034301583021262044
1244026506415951872,negative,0.0021146262419722596
1244026506478637057,negative,3.721537354427799e-10
1244026506483040257,negative,0.1673091307832704
1244026506751475713,negative,0.01066812219856078
1244026506768199681,negative,2.0121637361162102e-07
1244026507145723904,negative,0.08780538338485823
1244026507368038400,negative,0.2157852973131094
1244026507376447489,negative,0.00406333692033846
1244026507393208320,negative,0.0018989240736889666
1244026507409924096,negative,0.05601908134395998
1244026508114563073,negative,0.0001325301806476251
1244026508349497345,negative,0.0037469073180578707
1244026508412366848,neutral,0.3432314663623632
1244026508701827072,negative,0.00012526938149067164
1244026509175795712,negative,0.12591273702461983
1244026510048145408,negative,0.00029533538845832825
1244026510610055173,negative,0.0011941425582957192
1244026510727659521,negative,0.16355578832098583
1244026510740242432,negative,0.03160954588924478
1244026510811504645,negative,0.004605932673330669
1244026511050641408,positive,0.8889118481293443
1244026511629443072,neutral,0.6120886767952053
1244026511721738240,negative,0.18454512665813708
1244026512073986048,negative,0.0602219417442213
1244026512405225472,negative,0.21065320808347496
1244026512493314053,negative,0.038691350488738244
1244026512518475778,negative,0.0005754172791775422
1244026512543711233,neutral,0.5402425567311976
1244026512967376898,negative,0.006044578013271609
1244026513223307265,negative,0.049623675576828716
1244026513265221632,negative,3.427842602765277e-07
1244026513290297344,negative,0.05816167727367922
1244026513672089600,neutral,0.48728019602140255
1244026513714012160,negative,0.006044578013271609
1244026514007560192,negative,0.0034160855007831
1244026514234015744,negative,0.006044578013271609
1244026514410266626,negative,0.0594162308504652
1244026514426998785,negative,1.013399386268212e-06
1244026514460545026,negative,0.1424829771831002
1244026515244941313,negative,0.31732489718339985
1244026515542720518,negative,0.00033862580664533777
1244026516108988417,negative,0.04662232470331997
1244026516209569792,negative,3.9772641084120805e-05
1244026516243189762,negative,1.0831894168086737e-07
1244026516423540736,negative,0.004718192486895123
1244026516444512256,neutral,0.5140335801237879
1244026516540973056,negative,1.6719519095053524e-08
1244026516771651585,negative,0.0019519238509081288
1244026516792582144,negative,0.006565822955124885
1244026516960354305,negative,2.3220490893420633e-06
1244026517048504321,negative,9.419919711947677e-06
1244026517333647361,negative,0.31138705512589365
1244026517350424576,negative,9.078185718582633e-07
1244026517518200833,negative,0.006891679323850784
1244026517832769536,negative,0.0027585635638270292
1244026518269034497,negative,1.6719519095053524e-08
1244026518390616064,negative,0.00019302312443642453
1244026519183405057,negative,0.21766622461380722
1244026519300665346,negative,0.10783157224232158
1244026519636279296,negative,0.26942968309050136
1244026519695097857,negative,0.006044578013271609
1244026519942561792,negative,0.07712876527079193
1244026520185823233,negative,0.021451602629445534
1244026520252940289,negative,0.11910465655380176
1244026520361992193,negative,0.009209429554740382
1244026520546369537,negative,0.12229893116998274
1244026520575844353,negative,0.013473656582322175
1244026520756199424,positive,0.7898565583048688
1244026520953393152,negative,8.809335189177777e-05
1244026521246937088,neutral,0.506305204092726
1244026521477619713,negative,0.0009303081792198511
1244026521599086595,negative,0.06749048928787428
1244026521620303872,negative,0.0031124067270612023
1244026521892913152,negative,0.00019607815430981636
1244026521943265283,negative,0.16061727605996895
1244026521959964673,negative,0.0006450827241048882
1244026521968353281,negative,0.12192242441515524
1244026522161287168,negative,0.019777013565301496
1244026522412990464,negative,0.07738059547332773
1244026522413010944,negative,0.006891679323850784
1244026522459082753,negative,0.001906016276464256
1244026522471665664,negative,0.0011899616854203945
1244026523134373889,negative,1.0363706354269406e-05
1244026523423834112,neutral,0.4513605618894927
1244026523587395584,negative,0.00039448202480560823
1244026523608383488,negative,0.04943767567444571
1244026524019445760,negative,0.014345411785701081
1244026524094906368,negative,0.020252162110012566
1244026524237529088,negative,0.034301583021262044
1244026524266831872,negative,0.028786205109426116
1244026524304621572,negative,0.004097203396000351
1244026525466406914,negative,3.6926567374332634e-05
1244026525961379840,positive,0.7898565583048688
1244026525982351362,negative,0.0026981932380042307
1244026526447874049,positive,0.8779780032221528
1244026526657654787,negative,0.0047389548250386755
1244026526858952706,negative,0.0036482646143696507
1244026527177748481,neutral,0.33333440016826693
1244026527341297664,negative,0.14393730543745037
1244026527383277568,positive,0.999481321174072
1244026527412629505,negative,2.0528384065984e-07
1244026527433531392,positive,0.7898565583048688
1244026527454502912,neutral,0.5790140147459575
1244026527525863425,positive,0.9970635510899437
1244026528100466688,negative,0.04629332776170519
1244026528490573824,negative,0.19065792111495167
1244026528524120067,negative,0.006891679323850784
1244026528536694784,negative,0.009209429554740382
1244026528591044611,neutral,0.35359027095536927
1244026528658272256,negative,0.21766622461380722
1244026528683429888,negative,8.224620821721131e-05
1244026528754814976,negative,0.034301583021262044
1244026528758988800,negative,0.25009513614824985
1244026528909987842,negative,0.015887996908581024
1244026529421508614,negative,0.034301583021262044
1244026529471967232,negative,0.0006061921080529063
1244026529472040962,positive,0.7126696122482175
1244026529727811587,negative,1.296222245856599e-05
1244026530168287232,negative,0.006584765067040438
1244026530180759552,negative,0.00043479158297754717
1244026648074256384,negative,1.870402110449988e-08
1244026648267304962,neutral,0.3499352441185855
1244026648376176642,neutral,0.4532243126278243
1244026648749641728,negative,0.001957954621212012
1244026649072537602,negative,0.00010150372385805726
1244026649424822272,negative,0.03575074999052621
1244026649471062019,neutral,0.3599607905714538
1244026649487781889,negative,0.10210213299125362
1244026649693298688,negative,0.2872448809192512
1244026649768792064,neutral,0.5129612846762157
1244026649894629376,negative,0.16889370307883503
1244026650183913475,negative,0.015288683984704005
1244026651236843520,neutral,0.6087025449867457
1244026651526279169,negative,0.07098215912165586
1244026652352483328,negative,0.028786205109426116
1244026652549578754,positive,0.7656106512283299
1244026652553863168,negative,0.0009405835588412403
1244026652558065664,negative,0.2318293906574359
1244026652595818496,negative,0.1424829771831002
1244026652595826688,positive,0.7469405270194408
1244026652671295488,negative,0.00662551661125867
1244026652797132801,negative,0.28841730333979604
1244026652939694080,negative,9.078185718582633e-07
1244026653057015816,negative,0.0008113997839731822
1244026653317238785,negative,0.21766622461380722
1244026653745000448,negative,0.24449272468652725
1244026653875077121,negative,0.26942968309050136
1244026653875081216,negative,0.006044578013271609
1244026653912768512,neutral,0.6266243876700941
1244026653984067584,neutral,0.4612468296336095
1244026654076395521,neutral,0.642220613813763
1244026654323879936,negative,1.667524079146697e-05
1244026654579666944,negative,0.00033943154385716455
1244026654630051841,positive,0.8767624715904464
1244026654856445954,negative,2.0835600012359803e-07
1244026654994948097,negative,0.006891679323850784
1244026655099813891,negative,0.01673779024969636
1244026655401750528,negative,0.2653511339864869
1244026655456321538,negative,1.0297834907166442e-05
1244026656056107010,negative,0.006891679323850784
1244026656290897921,negative,0.010043456913661238
1244026656626524160,negative,1.3518880596910553e-09
1244026656685207552,negative,0.060861092367324655
1244026656764854273,negative,0.017603050016097854
1244026656903368704,negative,0.053461640233258265
1244026657075314688,negative,0.20666979214861628
1244026657096302592,neutral,0.5887973398928581
1244026657280835586,positive,0.8522458958846716
1244026657494663168,negative,0.014513029960521917
1244026657540890624,negative,1.228011100742408e-11
1244026657977110529,neutral,0.655073448921178
1244026658442674177,positive,0.9908369365037759
1244026658618773504,negative,0.041882381216379494
1244026658618826753,negative,0.019737290598150475
1244026658899755008,negative,0.07339647905927149
1244026659029823490,negative,3.322099464646088e-06
1244026659260399617,negative,0.17826612380369888
1244026659826798592,negative,0.00017907870911761258
1244026659910680576,negative,0.1136593562632943
1244026659931635712,negative,0.000409745013038248
1244026660086853632,negative,1.9386994124879305e-06
1244026660091027456,negative,0.004605932673330669
1244026660124610560,neutral,0.33333440016826693
1244026660170670081,neutral,0.5095945639740878
1244026660254613504,negative,0.16061727605996895
1244026660304846849,negative,0.21766622461380722
1244026660523032576,negative,6.000627925368424e-06
1244026660648882176,negative,0.00011116273825680693
1244026660871168001,neutral,0.5031145305330695
1244026660963471360,negative,0.04422847859551154
1244026661093466113,neutral,0.4892208706959827
1244026661105958912,neutral,0.37377490205268193
1244026661135409152,negative,0.0009405835588412403
1244026661198315520,positive,0.8767624715904464
1244026661571637248,negative,0.00413139051059664
1244026661714223105,negative,0.05669740902151245
1244026661793927168,negative,0.06554344251347045
1244026661861015553,negative,0.00045521155368006373
1244026662053990401,negative,0.22333358926196867
1244026662188130304,negative,0.03453997059558348
1244026662297231360,negative,2.7325790520631913e-05
1244026662372638721,negative,0.009938335385826409
1244026662423007232,negative,0.05080595096907198
1244026662444040193,neutral,0.49789225920557484
1244026662481772547,negative,0.002186092920424184
1244026662649552896,negative,5.073474765627474e-06
1244026662821429249,negative,0.012652817569050732
1244026663207346178,positive,0.8788496885490493
1244026663333253121,negative,6.868260724795192e-05
1244026663387705344,negative,0.0017981650016121226
1244026663777812481,negative,1.464182294936746e-06
1244026663857467393,negative,0.05080595096907198
1244026663983288321,positive,0.8984196457495143
1244026664247595008,negative,0.09594703961066478
1244026664708968449,negative,2.040585546710421e-05
1244026664746717184,positive,0.8808094069168896
1244026665216376832,negative,0.21766622461380722
1244026665270984704,negative,5.684935556243765e-07
1244026665719730176,negative,2.5414164504069954e-05
1244026666076291072,negative,0.1487449582094241
1244026666633977856,negative,0.05670008490629617
1244026666835496962,negative,0.012652817569050732
1244026667359756289,negative,1.8242777695381061e-07
1244026667485597696,positive,0.7423028510888254
1244026667573673987,negative,0.003456060096518806
1244026667942785025,negative,9.516568896454247e-05
1244026668244766721,negative,0.00024198723682821173
1244026668819283970,negative,0.04376878854496563
1244026669071032320,neutral,0.4480723702474313
1244026669121384448,negative,0.03649321482797093
1244026669129703424,negative,0.2678775659630976
1244026669452668928,neutral,0.6120886767952053
1244026670513901568,negative,0.007092740778771518
1244026670924906496,negative,0.003283805958603603
1244028516548689921,negative,0.005040339458723299
1244028516598976512,negative,0.21766622461380722
1244028516678742016,positive,0.99897320345085
1244028516770906112,negative,0.0011407663315790451
1244028517144297472,neutral,0.3534575539115691
1244028517534388230,positive,0.7122661468012299
1244028517723049984,negative,0.012442416424751681
1244028517853077506,negative,0.07738059547332773
1244028517907664896,neutral,0.6501195493830086
1244028518251540482,negative,0.07385159381469492
1244028518356389889,negative,0.010473219027601014
1244028518473875458,negative,0.05216391749894212
1244028518666768384,negative,0.0023212325689417816
1244028518851325953,negative,6.638304240931146e-05
1244028518889029634,negative,3.8480088788500283e-07
1244028519178477568,negative,0.01148555994747389
1244028519677648898,neutral,0.5184705040344015
1244028520474566656,negative,0.07363912987542856
1244028520898199555,negative,0.00017019953434089984
1244028521481191425,negative,0.0035869608780305737
1244028521502199810,negative,6.065512712944363e-06
1244028521883803648,neutral,0.6516858596389244
1244028522055839748,negative,0.0027002344440646563
1244028522399543296,negative,0.04174704530721535
1244028522479456256,negative,0.062078244041998354
1244028523007877120,negative,0.015880807654681174
1244028523406331904,negative,0.0012978503105311302
1244028523586732032,negative,0.21766622461380722
1244028523951595520,negative,0.0014739812875009762
1244028524094242817,negative,0.1409641842001654
1244028524169551872,negative,0.06730597594679376
1244028524295598080,negative,0.14666907117432557
1244028524408844290,negative,0.10369638213399007
1244028524786257921,neutral,0.3487619035545952
1244028524891189248,negative,0.3267733749824798
1244028524975046658,negative,0.00013675558087036829
1244028525000171521,negative,0.14991518857674693
1244028525209845760,negative,0.04768646782206183
1244028525658718208,negative,2.628125451982244e-05
1244028525679689728,negative,0.00046197037275694664
1244028525843222530,negative,0.062078244041998354
1244028526648602624,negative,1.870402110449988e-08
1244028526921224193,negative,0.005260775403274126
1244028527034466306,negative,0.062078244041998354
1244028527491584000,negative,0.006891679323850784
1244028527822987265,positive,0.8889118481293443
1244028527948763137,neutral,0.4421068522483257
1244028528271798272,positive,0.7259904548679056
1244028528477253632,negative,1.9769695931746675e-05
1244028528762523649,negative,9.078185718582633e-07
1244028528770912257,negative,0.14359334494999146
1244028528842194944,negative,3.091038108388626e-05
1244028528934506497,negative,0.012059082217135263
1244028528951255041,negative,0.00046197037275694664
1244028529253265408,positive,0.8767624715904464
1244028529391566848,negative,0.041149818028196034
1244028529400045571,negative,0.28629620271192024
1244028529504915457,negative,0.006308627662660122
1244028529735618562,negative,4.713201097264313e-07
1244028529823580163,negative,0.26400261329183855
1244028529932722176,negative,0.01515824771999866
1244028530276564992,negative,0.028677740365834238
1244028531119702017,positive,0.7402645665710843
1244028531224514563,negative,0.16012063657479822
1244028531820150786,negative,0.05011347766587656
1244028531971063811,negative,0.008891739496646426
1244028532470288385,negative,1.6551370627832876e-05
1244028532558385154,neutral,0.4670100671583925
1244028533082636288,negative,6.753867123078512e-05
1244028533099421698,negative,0.00039039292209761835
1244028533334323200,negative,1.8242777695381061e-07
1244028533510463488,negative,0.002261437390284136
1244028533531443201,positive,0.9045502814459039
1244028533619523587,neutral,0.49789225920557484
1244028533673832448,positive,0.7898565583048688
1244028533904748545,negative,2.628125451982244e-05
1244028533942386688,negative,0.23115339704907517
1244028534957518849,negative,0.17272023314356166
1244028535301386241,negative,0.06368808999060553
1244028535406297088,negative,0.008745768045774106
1244028535494361089,negative,0.020252162110012566
1244028535557234688,negative,9.818122291921694e-05
1244028535712485376,negative,0.0014707251861243128
1244028535821471744,positive,0.9990504716285471
1244028535892774914,negative,5.890525862600059e-08
1244028535942995971,negative,1.4445300098262424e-07
1244028536039628801,negative,0.23108660748076523
1244028536148680705,negative,0.004997935051934325
1244028536287047680,negative,0.01687518523905032
1244028536396144641,positive,0.7364246423684668
1244028536618455040,negative,2.467397361275809e-07
1244028537025236994,negative,3.533686370328956e-06
1244028537088151557,positive,0.9683068889712751
1244028537167904769,neutral,0.5148448242947887
1244028537306300417,negative,0.26942968309050136
1244028537553719296,negative,0.006891679323850784
1244028537574744065,negative,0.3045062464873719
1244028537725759490,negative,0.0602219417442213
1244028537780211712,neutral,0.5791972507848776
1244028538082058249,negative,0.011186603691380036
1244028538090594304,neutral,0.49502330842247205
1244028538468139009,neutral,0.3599607905714538
1244028538610683906,negative,0.08020771480070414
1244028538774224897,negative,0.07738059547332773
1244028538841432065,negative,0.2149668651837337
1244028539403481089,negative,5.188301148039147e-06
1244028653094264832,negative,0.0011206185526683
1244028653370998784,negative,8.050355489178959e-05
1244028653412986880,negative,2.7535882750477425e-05
1244028653572423681,negative,0.01148555994747389
1244028653954048004,negative,0.0006061921080529063
1244028653979254784,negative,0.07350768533355774
1244028654038011906,negative,0.08641516893394857
1244028654058909696,negative,0.006891679323850784
1244028654520283136,negative,0.21355308885133734
1244028654683713537,negative,0.0011777900498385365
1244028654755217408,negative,0.1557873326536418
1244028654872559617,negative,0.26512827459876154
1244028655271059456,positive,0.8355041267231138
1244028655405273088,negative,0.2897680907619539
1244028655623458817,negative,0.03876737456449012
1244028655812194304,negative,7.519793008990366e-07
1244028656084754432,neutral,0.6370093832716519
1244028656214847488,negative,0.0004168273000116042
1244028656642658305,negative,0.00523113221628422
1244028656655257601,negative,0.23401236104629689
1244028656705511425,negative,0.11689118862717456
1244028656994975745,negative,0.0007006051475255538
1244028657871523840,negative,0.00010923162088034862
1244028658081239040,neutral,0.49789225920557484
1244028658261647362,negative,0.062078244041998354
1244028658341294080,negative,0.0009417264267630954
1244028658425171968,negative,0.07613845383150922
1244028658693615617,negative,0.08638643180922853
1244028658710347779,positive,0.7245720051794796
1244028658781741057,negative,0.0023825262608787694
1244028659008241666,negative,0.0002550825154302368
1244028659167608832,negative,2.3476527211550113e-07
1244028659318566912,negative,0.014078983221164462
1244028659553513473,negative,0.0025241793907642184
1244028659725299713,negative,0.009684441950779865
1244028660174241793,negative,0.04250438807761725
1244028660719341571,neutral,0.48728019602140255
1244028660924870656,negative,0.000690132012233528
1244028661227040771,negative,0.016222243934770023
1244028661273186307,neutral,0.46865114495049026
1244028661587640321,negative,0.001744537647391519
1244028661910646784,negative,0.009319695880400426
1244028661998784512,positive,0.8984196457495143
1244028662128803840,positive,0.7898565583048688
1244028662183313410,negative,0.024008156714364185
1244028662334308352,neutral,0.34605822776843476
1244028662393049088,negative,0.00013701954270003565
1244028662665617408,negative,0.002662962074531981
1244028662745378817,negative,0.01663717174976077
1244028663252881408,negative,0.022662371449698827
1244028663278026752,negative,0.01663717174976077
1244028663315783680,negative,0.0001325301806476251
1244028663844257792,negative,0.14255058836565995
1244028664066584576,negative,0.00046197037275694664
1244028664137895936,negative,0.004593931453124571
1244028664184025089,negative,0.12911152408941115
1244028664225779712,negative,0.00025124862845907664
1244028664720883714,neutral,0.3838651720914426
1244028664863391747,negative,0.034301583021262044
1244028665022775297,negative,9.950070830220188e-05
1244028665102467073,negative,0.07738059547332773
1244028665287135233,negative,1.0942915837414239e-05
1244028665404456960,negative,0.0010207591038171645
1244028665513619457,negative,0.0009248004669171528
1244028665559687169,negative,0.06984300364247739
1244028665840746496,negative,0.05515094849638509
1244028666117607424,negative,0.08783194342588421
1244028666209800193,negative,0.006891679323850784
1244028666360799233,neutral,0.4241949410609836
1244028666994180098,negative,4.153980406367475e-05
1244028667287818242,positive,0.726381781425456
1244028667350614016,negative,0.03979638409934283
1244028667732168709,negative,0.056262256676094365
1244028667732332544,negative,3.192784842140431e-09
1244028667858169856,negative,0.016315632137774788
1244028667996626945,negative,0.01148555994747389
1244028668143435777,negative,1.8242777695381061e-07
1244028668306960386,negative,0.017279098247515452
1244028668478963714,negative,8.185607580860578e-06
1244028668705472512,negative,0.05821091833556173
1244028668764213248,negative,1.8151535355391696e-06
1244028668898414596,negative,0.013015673522861192
1244028669053542402,neutral,0.5659707964617209
1244028669208801281,negative,0.04943767567444571
1244028669376462848,negative,0.006891679323850784
1244028669699469313,negative,0.0034262527189707526
1244028670035058689,negative,0.0007067739530015191
1244028670328668164,neutral,0.5292622990076453
1244028670529896448,negative,0.00020949297219303995
1244028670798372866,negative,0.010310247255889506
1244028671372996608,negative,2.3057514676790278e-05
1244028671385534464,negative,0.00010467691731249328
1244028671570120705,negative,0.015569226031690706
1244028671679180800,negative,0.03342553863823339
1244028671851139072,negative,0.28100447792976174
1244028672073510913,negative,0.3134895987942178
1244028672102842368,negative,0.2595658852813192
1244028672165773313,neutral,0.3784504279493474
1244028672253796353,negative,0.006891679323850784
1244028672740335616,negative,0.00022106933418789278
1244028672945860610,negative,0.006891679323850784
1244028673390493696,negative,7.297504941525507e-09
1244028673642070019,negative,0.025476163778944204
1244028673889615873,negative,0.01148555994747389
1244028673893826560,neutral,0.46127768308170247
1244028674313256960,negative,7.85375262553082e-07
1244028675114188802,negative,0.021451602629445534
1244028675588345857,negative,0.11594496894115976
1244028675877724160,negative,0.08942244908378869
1244028792315817985,negative,0.007305084076499874
1244028792533852160,negative,0.004527329282623551
1244028792798134272,negative,0.0021019570034601785
1244028793049829377,negative,0.0004938530946125513
1244028793066532865,negative,5.1509824600298635e-08
1244028793095946241,negative,0.001671506200562899
1244028793544720384,neutral,0.3688120122074838
1244028794349985792,negative,0.0026938681957631655
1244028794366767104,negative,0.0015217213735590257
1244028794568085505,negative,0.17729586318849308
1244028794610036737,negative,8.286324544070664e-06
1244028794647842817,negative,0.271236019929061
1244028795155361792,negative,0.0009920736931387684
1244028795256012801,negative,0.003631429095454684
1244028795608162317,negative,0.004676061442666241
1244028795960655873,negative,0.01383340890240818
1244028796027777024,neutral,0.41376677277902923
1244028796056915968,neutral,0.49789225920557484
1244028796271034368,negative,1.414527843841788e-05
1244028796354904065,negative,0.014078983221164462
1244028796606562305,negative,0.3101533540539855
1244028797340594177,negative,0.005641057582515902
1244028797340594178,negative,0.0009838971456966935
1244028797378351105,negative,0.01148555994747389
1244028797688610816,negative,0.20006750265595902
1244028798041051137,negative,0.023453351307945992
1244028798351392768,negative,0.03137268014041387
1244028798770851843,negative,6.451207188987738e-07
1244028799223771138,neutral,0.5938878896446258
1244028799248994305,negative,0.10769213526013398
1244028799496437762,negative,0.011253110200746515
1244028800008097793,negative,0.3194099678886921
1244028800180064256,positive,0.7469405270194408
1244028800452657154,negative,9.078185718582633e-07
1244028800532439040,negative,0.0001740357534866108
1244028800960270338,negative,0.014241260245510682
1244028801153105921,negative,2.628125451982244e-05
1244028801320812546,negative,2.628125451982244e-05
1244028801518120960,negative,0.0009405835588412403
1244028801606201345,negative,0.0045312713478664075
1244028801698467840,negative,8.84002648319376e-09
1244028802008834049,negative,0.0006450827241048882
1244028802176598016,negative,0.062078244041998354
1244028802952552448,negative,0.004262510585938101
1244028803367743489,negative,0.034301583021262044
1244028804097605633,negative,0.10878661722277105
1244028804273565698,negative,0.002276631864099465
1244028804571508738,positive,0.8767624715904464
1244028804957429761,neutral,0.4729531609147329
1244028805049651200,negative,0.00021144307138165895
1244028805234253827,negative,0.04018342400236273
1244028805263564801,negative,0.22833303794131588
1244028805808893953,negative,0.31117086364062047
1244028806102503425,negative,0.018149445032712784
1244028806182158336,negative,0.04249078125618548
1244028806379249664,negative,0.003456060096518806
1244028806433853441,negative,0.03949552815946904
1244028806756777984,negative,0.005639051999410674
1244028806878429186,negative,0.00025124862845907664
1244028807067119616,negative,3.1370504509966924e-05
1244028807633395715,negative,0.014513029960521917
1244028807750836226,negative,1.6719519095053524e-08
1244028807750864896,positive,0.9696698460810789
1244028807759216642,negative,0.003631429095454684
1244028807910232065,negative,0.016248047811573473
1244028808354766849,neutral,0.35429444431605167
1244028808560345088,negative,1.1961463892709935e-05
1244028808639979521,positive,0.9768464810383354
1244028808925270016,negative,0.0012579430194715872
1244028808975581189,negative,0.00036031420819253855
1244028809604710401,negative,0.10871098801588358
1244028809852190720,negative,0.0007855230576259707
1244028809973772290,neutral,0.34053597096917604
1244028810011566080,negative,0.006897356382940162
1244028810074435585,negative,0.034301583021262044
1244028810267410434,negative,0.07738059547332773
1244028810380574720,negative,0.13778068845526315
1244028810468691968,positive,0.7898565583048688
1244028810720358401,negative,0.004300587419254736
1244028810867204097,negative,0.004409846396944482
1244028811076866048,negative,0.14666907117432557
1244028811206852609,negative,0.0007450167770832912
1244028811236212736,positive,0.990302466962871
1244028811542495236,neutral,0.3599607905714538
1244028811710251008,neutral,0.3599607905714538
1244028811890614272,neutral,0.5086135964481541
1244028811995422721,neutral,0.49789225920557484
1244028812314251265,negative,0.00010923162088034862
1244028812679053312,negative,0.18663916478438156
1244028812779814912,negative,0.003631429095454684
1244028812972695552,negative,0.0003641548398439019
1244028813677232130,negative,0.04995227040405537
1244028814004535298,neutral,0.3836005520512109
1244028814063292417,negative,0.060286070478451394
1244028814117810176,negative,0.020252162110012566
1244028814205898753,negative,0.014181258565373516
1244028814751141888,negative,6.358882060145066e-05
1244028927363952640,negative,0.0050500255447199
1244028927376572417,neutral,0.38498329744299714
1244028927858946049,negative,0.01148555994747389
1244028927947014144,negative,0.0055673367022466376
1244028928064438273,negative,0.0001223853801749011
1244028928135696384,positive,0.6669754673359252
1244028928685232128,negative,9.078185718582633e-07
1244028928739680257,negative,0.005868073817554513
1244028929104584705,negative,0.004003712756876274
1244028929486336002,negative,0.005705039240678329
1244028929532399617,negative,0.003631429095454684
1244028929842782209,positive,0.8779780032221528
1244028929985458177,negative,7.066639119473401e-07
1244028930048303105,negative,0.0011206185526683
1244028930325184512,neutral,0.3563918284847767
1244028930400681984,negative,0.13603329032948422
1244028930744516609,negative,0.0001325301806476251
1244028931658977282,negative,0.00024065265717286563
1244028931684122624,negative,0.00976525482559458
1244028931877068800,negative,0.014513029960521917
1244028931927347200,negative,0.07690926213484135
1244028932023816194,neutral,0.3688120122074838
1244028932070014979,negative,0.04490195980574549
1244028932187398145,negative,0.21757040480726814
1244028933282172928,negative,0.02505003538790888
1244028933324054529,negative,0.1194888181676766
1244028933697404929,negative,0.004029297183213767
1244028933772845057,negative,3.1633687608269623e-07
1244028933978415104,neutral,0.44946521766632974
1244028934435434497,negative,0.2687799760519118
1244028934485872641,negative,0.08643947367226723
1244028934498459648,positive,0.8889118481293443
1244028934561443840,negative,0.0016671016800761094
1244028934607552512,negative,8.892254896693295e-05
1244028934641127424,negative,0.07966052287609428
1244028934985060352,negative,6.416580814399413e-06
1244028935014363136,neutral,0.49789225920557484
1244028935043796992,negative,0.0002088779803552696
1244028935438032899,negative,0.0076471386574703685
1244028935530307584,negative,0.29212468790112484
1244028935819706370,negative,8.050133104967994e-07
1244028936125845505,negative,0.06704608026588026
1244028936411140097,negative,0.0006799058650356737
1244028936612438017,negative,0.00046197037275694664
1244028936683524097,neutral,0.3499352441185855
1244028936994070531,negative,0.1692976710718293
1244028937556111360,negative,0.0009303081792198511
1244028937975427073,negative,0.08065581244531299
1244028938126532608,negative,0.05080595096907198
1244028938143268864,negative,0.00046197037275694664
1244028938692759552,negative,0.00046197037275694664
1244028938881396736,negative,0.26942968309050136
1244028939191943168,negative,3.871265324082014e-05
1244028939489738752,negative,0.26942968309050136
1244028939577765889,negative,1.8242777695381061e-07
1244028939590385664,positive,0.7898565583048688
1244028939619766272,negative,0.007587534199865253
1244028939867164673,negative,0.2813522796506713
1244028940144041984,negative,0.014513029960521917
1244028940643192832,negative,0.003608508008212976
1244028940714414081,positive,0.9784706609452772
1244028940785725440,negative,0.028657771790181773
1244028941205213184,negative,0.005355854762472509
1244028941423255552,negative,0.02033198645194076
1244028941544947712,negative,0.017962945641384592
1244028941758849025,neutral,0.49789225920557484
1244028941846929408,negative,0.002418478303986504
1244028942014722049,negative,0.034301583021262044
1244028942102732802,negative,0.0987832254173459
1244028942186577920,negative,0.014513029960521917
1244028942408916992,negative,0.05663499362000135
1244028942715105281,negative,0.239026655502023
1244028942748712961,negative,0.002461423139304192
1244028942874488832,negative,3.906604132036775e-05
1244028943042215937,negative,0.005641057582515902
1244028943302352899,positive,0.8767624715904464
1244028943621148672,negative,0.023449477751599293
1244028943813967873,negative,1.2260994038819003e-06
1244028943998562306,negative,1.2714607703533311e-08
1244028944183148547,negative,0.06382859355807463
1244028944363532288,negative,0.004267206393327312
1244028944925577217,negative,0.00046197037275694664
1244028945550491648,negative,0.07098215912165586
1244028945646989312,negative,0.00011648234468201617
1244028945818943491,negative,1.2528944602638466e-07
1244028946037047297,negative,0.2539633770119834
1244028947135959040,negative,0.005641057582515902
1244028947890868224,negative,0.29186591719978777
1244028948012503040,negative,0.05821091833556173
1244028948184469505,negative,0.0026938681957631655
1244028948289331201,positive,0.986918881626361
1244028948574547970,negative,0.0086266313063719
1244028948574593024,positive,0.8767624715904464
1244028948813623298,negative,0.05539547922083657
1244028948864008192,negative,0.03410945741539785
1244028949006561280,neutral,0.6120886767952053
1244028949526720512,negative,0.06634447346325013
1244028949551812608,negative,0.010245360425363967
1244028950222864385,negative,0.06116018580540677
1244028950231355392,negative,0.027972807831734378
1244028950269046786,negative,0.0218301820551049
1244028950570991620,negative,0.18454512665813708
1244028950650781696,negative,0.00563946129804234
1244028951204372483,negative,0.10369638213399007
1244028951254765568,negative,9.078185718582633e-07
1244028951380594690,negative,0.09034668155907193
1244028951770603521,negative,7.423618611090136e-05
1244028952240361473,neutral,0.49496436605000527
1244029069278273537,negative,0.10111182257191074
1244029069928402945,positive,0.8918790343131761
1244029069940924416,positive,0.7191419981579456
1244029069978714112,negative,0.09243934970745343
1244029069995409408,negative,0.01197521456654264
1244029070238789632,negative,0.06129384081284341
1244029071387852801,negative,0.010966783057938611
1244029071580946433,negative,0.018966196418778163
1244029071807447040,negative,0.19591083470464582
1244029071933095938,positive,0.7969389937744407
1244029072038072320,negative,0.00023952865539208397
1244029072407171072,negative,0.062078244041998354
1244029072516112384,positive,0.8632143262149001
1244029072625319936,neutral,0.39570077291060207
1244029072952492034,negative,6.45817427794733e-05
1244029073107623936,negative,2.7325790520631913e-05
1244029073594204161,negative,0.0009171882890787658
1244029073724227585,negative,6.416580814399413e-06
1244029074105925634,negative,0.01148555994747389
1244029074441371650,positive,0.7950823182260129
1244029074533748736,positive,0.8767624715904464
1244029075053785088,neutral,0.4041320898454522
1244029075640983553,negative,0.0010147365375617777
1244029075666206720,negative,8.293361789073219e-05
1244029075691315200,neutral,0.5030332264438171
1244029075708162048,negative,0.005260775403274126
1244029076010041344,negative,0.14991518857674693
1244029076165320704,negative,0.22615238936399967
1244029076173737984,negative,0.000251243979378943
1244029076245032960,negative,0.07045084952213927
1244029076429508610,negative,0.2610842195219524
1244029076458831873,negative,0.2276152115098916
1244029076823826434,negative,0.021448481764660902
1244029077079670787,negative,0.034602156735260695
1244029077176102912,neutral,0.384702058244989
1244029077448777729,negative,0.3257003939246464
1244029077821906944,negative,0.0009461095119313201
1244029077914128384,negative,0.12878950378924583
1244029078086320128,negative,0.12294738056925218
1244029078757310465,negative,0.0008296387789799264
1244029078954483712,negative,0.15679584089794424
1244029079051001859,negative,0.0011932448869651758
1244029079067791361,positive,0.8767624715904464
1244029079470260225,neutral,0.4529260964042007
1244029079944380416,negative,0.0881959485523769
1244029080049274881,negative,7.410507859002873e-10
1244029080145735681,negative,0.05082407348595446
1244029080204238856,negative,0.02367992693127133
1244029081894752256,negative,0.010678343474554002
1244029081986965504,negative,3.1227295026556944e-06
1244029082054123521,negative,0.034301583021262044
1244029082058338304,neutral,0.6174538553206254
1244029082150612994,negative,0.016713895842492135
1244029082217713664,negative,0.004267206393327312
1244029082414845952,neutral,0.4766795874967358
1244029082595020801,negative,0.020816349060268618
1244029082834063364,negative,0.0023212325689417816
1244029082951614464,negative,0.004643938231216682
1244029083547287554,positive,0.7469405270194408
1244029083694096384,negative,0.05601009426206587
1244029083954094080,negative,0.06925906369411683
1244029084390350848,neutral,0.36429720976738034
1244029084469997568,neutral,0.4137227283816657
1244029084591624192,negative,0.033584046300484074
1244029084599975937,negative,0.21766622461380722
1244029084688175108,negative,0.0018848827307038375
1244029084839092224,negative,0.26942968309050136
1244029085015293952,negative,0.007244319640131192
1244029085031870467,negative,0.15446907369206225
1244029085178880000,negative,0.005260775403274126
1244029085283766272,negative,1.4862748129529687e-05
1244029085338173443,negative,5.279678553976993e-06
1244029085371650048,negative,0.002119355434500427
1244029085459853313,positive,0.9993219714153108
1244029085656977409,negative,7.789402996535417e-05
1244029085690494976,negative,0.060970446796152426
1244029085749297153,negative,0.012371423779758516
1244029085866754053,negative,0.001601208395808702
1244029086512668674,negative,0.005814669312464528
1244029086743306240,negative,0.04933629417110936
1244029086772723712,negative,0.0013832661802631238
1244029087015931904,negative,0.10309600235074601
1244029087133454336,negative,0.05848713039613169
1244029087146016769,negative,0.1333972349128142
1244029087259205632,negative,0.05681789827597908
1244029087691280385,negative,0.00083584367261027
1244029087703805952,negative,0.21766622461380722
1244029088001675264,negative,0.005337251174702562
1244029088081330180,positive,0.8399423009886144
1244029088081367040,neutral,0.549649180655565
1244029088106524673,negative,0.012028464620394497
1244029088114892800,negative,0.07350768533355774
1244029088358109185,neutral,0.6120886767952053
1244029088530038784,negative,0.0014059488326492917
1244029088941191170,negative,0.00013113177983604463
1244029089192783872,negative,0.19065792111495167
1244029089264123904,negative,4.713201097264313e-07
1244029089356419072,negative,0.0005421837687864796
1244029089457016832,negative,0.0005421837687864796
1244029089473798145,negative,2.3476527211550113e-07
1244029089536790528,negative,0.015444143310967958
1244029089633259522,negative,0.00595491713726047
1244029089993949184,negative,0.20318197408935407
1244029090031480850,positive,0.9969840482536642
1244029090031681536,negative,4.105411476139788e-06
1244029090312658945,negative,1.6150702032632188e-05
1244029090589442048,positive,0.8502567580057091
1244029090807586816,negative,0.00898831791968692
1244029091650699264,negative,0.018384348658198293
1244029091877212161,negative,0.00046197037275694664
1244029092124676098,negative,0.03819681487786787
1244029205882560512,negative,0.05216391749894212
1244029206209744896,negative,0.012652817569050732
1244029206318796801,neutral,0.39233224931210925
1244029206654304257,positive,0.8808094069168896
1244029206943739904,neutral,0.3838651720914426
1244029207073771520,negative,0.013568485671230084
1244029207329550338,negative,0.004790351062067848
1244029207455371264,negative,0.0009460485351742773
1244029207514054656,positive,0.8355041267231138
1244029207602237440,negative,0.00020890193195457932
1244029207832858625,negative,0.0205339134344406
1244029208193650688,neutral,0.48439634580644964
1244029208508203008,negative,0.003631429095454684
1244029208898277379,negative,0.00046197037275694664
1244029208906608640,neutral,0.4440114489913187
1244029208969519106,negative,1.0290418191748918e-05
1244029209376415746,negative,0.001043942286485346
1244029209456058368,positive,0.7898565583048688
1244029209539903489,positive,0.7699898995526461
1244029209657462785,negative,0.0826782440251954
1244029209770688512,negative,0.2687799760519118
1244029209804226560,negative,0.07915991226643286
1244029210190131200,negative,0.018966196418778163
1244029210198507521,negative,0.0011206185526683
1244029210328477697,negative,0.0009190542636880979
1244029210378846208,negative,0.003631429095454684
1244029210739585029,negative,0.002819611614126036
1244029211343564800,positive,0.8767624715904464
1244029211511271426,negative,0.01891135733335476
1244029211838423040,negative,0.21766622461380722
1244029212345991168,neutral,0.35641863155921
1244029212362711040,negative,0.00011262334943553165
1244029212425474051,negative,0.00045396115020513556
1244029212471615493,negative,0.0002904105066606831
1244029212568293377,negative,0.14875725595335104
1244029212673138688,positive,0.7898565583048688
1244029212702519298,negative,0.03013230744262496
1244029212735963138,negative,3.4597027112559913e-09
1244029212798914561,negative,0.09243934970745343
1244029212819849218,negative,0.08643947367226723
1244029212819894272,negative,0.29919309815153544
1244029213176455169,neutral,0.4440114489913187
1244029213226778627,negative,0.01663717174976077
1244029213264527360,negative,0.0014094257187744165
1244029213608468482,negative,0.015444143310967958
1244029214069841920,negative,4.0194990803027245e-10
1244029214086639616,negative,0.0005631461512481321
1244029214828957697,negative,0.1702938678867583
1244029215047024640,negative,1.8266002960546428e-05
1244029215273447429,negative,0.0009405835588412403
1244029215529369600,neutral,0.33069066037621353
1244029215579799553,negative,0.0008194689451906385
1244029215613255680,negative,3.965261775544826e-06
1244029215701336064,neutral,0.4486520979118294
1244029215827283969,neutral,0.36377104280683514
1244029216045268992,negative,0.3045062464873719
1244029216208945155,negative,0.011507148232629409
1244029216229908483,positive,0.8767624715904464
1244029216510955521,negative,0.002576545564492765
1244029216536039428,negative,0.31138705512589365
1244029216997474304,negative,2.611702884634082e-06
1244029217190412288,negative,0.023168571397405368
1244029217299410946,negative,0.01263623502751831
1244029217454477313,neutral,0.3838651720914426
1244029218289221636,positive,0.8767624715904464
1244029218503213056,negative,0.0002946821162679943
1244029218855493632,neutral,0.34683404972163834
1244029219132174336,negative,0.0007407754693006238
1244029219807604737,negative,0.08545858044316008
1244029219916652544,negative,0.08897213549339074
1244029220180934656,negative,3.0290198208330303e-06
1244029220390486017,negative,0.049465206949282144
1244029220390658048,neutral,0.41858586299945316
1244029220545802242,positive,0.8767624715904464
1244029220684214273,negative,2.5078227596824537e-09
1244029220864606208,negative,0.05080595096907198
1244029220914728960,negative,0.0006061921080529063
1244029221074350080,negative,0.01000616755830865
1244029221212762113,negative,0.22322625163822185
1244029221237899266,negative,6.358882060145066e-05
1244029221414019073,negative,0.0006390444891854684
1244029221422469121,negative,0.0602219417442213
1244029221535653893,negative,0.00044332795656878336
1244029221607026689,negative,0.003088558394618891
1244029221829316610,negative,8.258302599074198e-05
1244029222307467264,positive,0.8278067526045374
1244029222324142081,negative,0.0017981650016121226
1244029222345216000,neutral,0.4486520979118294
1244029222433234944,neutral,0.4254579991310195
1244029222437478401,neutral,0.3563918284847767
1244029222613647361,negative,0.00046197037275694664
1244029222802329600,negative,0.04831722735185442
1244029223783800833,negative,0.007964018175775975
1244029224404627456,negative,2.180655695779039e-05
1244029224421396481,negative,0.0014758066809546016
1244029224433917953,negative,0.00043347510479667276
1244029225293807616,negative,0.0511302540897556
1244029225302196225,negative,0.002555015358770162
1244029225667084288,negative,0.07579706910682077
1244029225671278593,negative,0.11662769576586449
1244029225746735104,negative,0.004101204731734765
1244029225868374019,negative,0.02649751675832098
1244029226032009216,neutral,0.6577500879700502
1244029226639953925,negative,0.013603963038895153
1244029226656899072,positive,0.8767624715904464
1244029227080581121,negative,0.0005707038578696235
1244029227105693702,negative,0.05539547922083657
1244029227311280128,positive,0.8808094069168896
1244029227323674625,negative,0.0002119635240834319
1244029227332182019,negative,0.011635386081112267
1244029227500023808,negative,0.01263623502751831
1244029227508420609,neutral,0.6120886767952053
1244029227915149313,negative,0.2349316590613307
1244029228175241216,negative,0.29212468790112484
1244029344684609537,negative,0.006891679323850784
1244029344877547521,negative,7.025327763454802e-05
1244029344986681346,positive,0.9056178529039074
1244029345049559040,positive,0.7058974431839885
1244029345078878208,negative,0.09234663790152295
1244029345120890880,negative,0.008159220524084257
1244029345728954369,neutral,0.3920775259595825
1244029345934557184,negative,0.22856720458712662
1244029346005778433,negative,2.991484657003936e-07
1244029346349809664,neutral,0.4356364674467824
1244029346760843265,neutral,0.504069034033038
1244029346878283778,negative,0.01003170366079452
1244029347524116480,negative,0.0009405835588412403
1244029347540975616,negative,0.16298836794116855
1244029347603918848,negative,0.018966196418778163
1244029347666767872,neutral,0.5266607897375037
1244029347796791300,negative,0.07184975001231916
1244029348119707648,negative,0.21766622461380722
1244029348270747650,negative,0.05011347766587656
1244029348375662592,neutral,0.5136446707795853
1244029348576976897,neutral,0.35429444431605167
1244029348824469504,neutral,0.4421068522483257
1244029349290000385,negative,0.014375090342819277
1244029349290016769,negative,0.00046197037275694664
1244029349302611968,negative,0.13857901915378038
1244029349411643393,negative,0.21766622461380722
1244029349558444033,negative,0.0075923500144257335
1244029349831020546,negative,3.020131256231834e-05
1244029349998678021,negative,0.0516961019918002
1244029350099509248,negative,0.00046197037275694664
1244029350225141760,negative,0.0009405835588412403
1244029350678315010,negative,0.23738731422110743
1244029350816743425,negative,0.006891679323850784
1244029350820929536,negative,0.00025124862845907664
1244029350950965250,negative,1.1206072422136712e-09
1244029351139704832,neutral,0.3819881067457417
1244029351433248768,neutral,0.5343273261767144
1244029351571664896,negative,0.21540898469183284
1244029352498597888,negative,3.625260870473401e-06
1244029352632897536,negative,0.008635967356721156
1244029352788013056,positive,0.8836509682441532
1244029352800669697,negative,0.04830496129990143
1244029353521864704,negative,0.003420748290453786
1244029353555451912,negative,0.034301583021262044
1244029353576579073,negative,0.02684143417321762
1244029353677201409,negative,3.884833173277086e-06
1244029353857626113,negative,0.00860739999722333
1244029353941446657,negative,7.806021646555221e-05
1244029354172207104,negative,0.003631429095454684
1244029354465800195,neutral,0.3931605871152616
1244029354499325953,negative,0.07738059547332773
1244029354570637312,negative,0.18459858958932926
1244029354977394688,negative,0.00017009462450975137
1244029355023572992,negative,0.29795872555837694
1244029355354963970,negative,0.021803540091154705
1244029355593998337,negative,0.2509766029847353
1244029355665260544,neutral,0.6141285101788084
1244029355740868608,negative,0.019054138983726654
1244029355824680961,negative,0.0006731318905719174
1244029355979874307,negative,0.0030528630527869517
1244029356126674944,negative,0.037822322158600125
1244029356562944000,negative,0.0025576277287812175
1244029356986507264,negative,0.004605932673330669
1244029356994965504,negative,0.0409597139799994
1244029357439451138,negative,0.0005421837687864796
1244029357754122240,negative,5.852423725774729e-10
1244029357774929925,negative,0.14666907117432557
1244029357859000321,negative,0.07579706910682077
1244029358110580737,negative,0.007277107647309495
1244029358215479296,negative,0.022108252607961298
1244029358400036864,negative,0.0009405835588412403
1244029358781628419,negative,0.31030036529807636
1244029358861357061,neutral,0.3838651720914426
1244029359029194753,negative,0.01139601715429965
1244029359033327616,negative,0.0033126220903257615
1244029359054303233,negative,0.016248047811573473
1244029359675117568,positive,0.9121496640672753
1244029359889006592,negative,7.139595265077276e-05
1244029359939346433,negative,0.05868855515589094
1244029360295817216,negative,1.6719519095053524e-08
1244029360350400512,positive,0.8767624715904464
1244029360442572800,negative,0.004262510585938101
1244029360690036737,negative,0.2506130488301726
1244029360694272005,negative,1.8242777695381061e-07
1244029361130541057,negative,0.31732489718339985
1244029361138946048,neutral,0.5061256727279215
1244029361273090048,negative,0.062078244041998354
1244029361445113857,negative,0.012669631870527427
1244029362569125888,negative,0.0009038099999992446
1244029362585964544,negative,0.24067821949012
1244029362661470209,negative,0.23293511111483112
1244029362845999104,neutral,0.3770038492358748
1244029363122814976,positive,0.9977722237971478
1244029363126972419,negative,0.08877181766827191
1244029363357724673,negative,0.0003209680544511152
1244029363403788288,neutral,0.5173008960746949
1244029363458375687,negative,0.15431504819807107
1244029363764559872,negative,0.01226833764478653
1244029363840049152,negative,0.31138705512589365
1244029364167217152,negative,0.07350768533355774
1244029364288868353,negative,0.07690926213484135
1244029364301332481,negative,0.1271244251243975
1244029364406226948,positive,0.8365355209567844
1244029364448243713,positive,0.9871975743212356
1244029364494389248,negative,0.0013982520876487541
1244029364766900227,negative,0.005405351719138659
1244029364779585536,negative,0.1194993844273807
1244029364934782978,negative,0.0050323014755891075
1244029365119324160,negative,0.32642116662776754
1244029365471645697,negative,0.0002840511598599025
1244029365794504705,positive,0.771424175973983
1244029366188810240,negative,0.00523113221628422
1244029366255800320,negative,0.0014806900657808753
1244029366264356866,negative,6.416580814399413e-06
1244029483746840576,negative,0.006856610328010697
1244029483759415298,negative,0.014078983221164462
1244029483772006400,negative,0.016248047811573473
1244029483830489089,negative,0.07690926213484135
1244029483897819142,negative,0.21766622461380722
1244029483969122305,negative,5.411843606695755e-07
1244029484015247361,negative,0.0005405656263860874
1244029484556320768,negative,0.21766622461380722
1244029484568907776,negative,3.352361354611772e-05
1244029484572999681,negative,0.006891679323850784
1244029484694724619,negative,0.0025576277287812175
1244029485189488646,negative,0.0048570355769334585
1244029485550362624,negative,0.15844089396705152
1244029485839724546,negative,0.00020949297219303995
1244029485915095041,negative,0.0019423053848949257
1244029486024331264,neutral,0.646082568934198
1244029486326329344,negative,1.0206459850989748e-07
1244029486582153216,negative,0.04541213197949062
1244029486770855938,negative,0.018309113924077837
1244029487026769923,neutral,0.43473880474351456
1244029487118979072,negative,0.0005942318232588507
1244029487194550274,negative,1.845341354284508e-05
1244029487223918592,positive,0.8808094069168896
1244029487429439489,neutral,0.4242800750996528
1244029487442006016,negative,0.0003219892243309456
1244029487517511680,negative,9.60265703644161e-06
1244029487764955137,negative,4.065011746854452e-05
1244029488117231617,negative,0.00010467691731249328
1244029488222044161,negative,0.0014464892681165934
1244029488284839937,negative,0.020880513517149073
1244029488318603265,negative,0.00046197037275694664
1244029488431841282,negative,0.006044578013271609
1244029488435990529,negative,0.014174163156158048
1244029488528269313,negative,0.00012510548435059755
1244029488725233666,negative,0.26942968309050136
1244029488729600000,negative,0.03146227723101986
1244029489308450819,negative,0.17825074756686812
1244029489593663488,negative,0.002143509141176189
1244029489648148480,neutral,0.5367507232958325
1244029489849479169,negative,7.684893515783548e-05
1244029490101137409,negative,0.005746951654272196
1244029490243739648,negative,2.7099403618827446e-07
1244029490415702016,negative,0.04249078125618548
1244029490654851075,positive,0.9990504716285471
1244029491007062016,negative,0.010678343474554002
1244029491044851712,positive,0.8355041267231138
1244029491086835715,negative,0.2716718335949088
1244029491300700161,negative,0.21766622461380722
1244029491363614728,negative,0.00027225912149026876
1244029491489517568,negative,0.17624316287016042
1244029491736973312,neutral,0.3499352441185855
1244029491833380864,negative,0.006891679323850784
1244029492055527424,negative,0.2814623313707707
1244029492080803842,neutral,0.3337418035665887
1244029492441616384,neutral,0.6113137100141249
1244029492479344640,negative,0.11019144403941446
1244029492949143555,neutral,0.4748675020945169
1244029493083164673,negative,0.1788222575944635
1244029493251051520,negative,7.066639119473401e-07
1244029493284679681,neutral,0.3641977767938963
1244029493330747392,negative,0.08761755954574756
1244029493578260480,negative,7.538582947655054e-07
1244029494094188545,negative,0.2687799760519118
1244029494500962305,negative,1.7592685178002907e-05
1244029494677176321,negative,0.00531904111168456
1244029494857469952,negative,0.000100786466632191
1244029495021010945,negative,0.006891679323850784
1244029495029399556,negative,0.004643938231216682
1244029495276904449,neutral,0.48522191375668317
1244029495604056066,negative,0.014513029960521917
1244029495738335232,negative,0.014383380513054511
1244029496342257667,negative,5.399998473222921e-10
1244029496346509312,positive,0.9999414020398665
1244029496442982400,negative,0.0040961443360203595
1244029496447164416,negative,0.2813522796506713
1244029496505831424,negative,0.016248047811573473
1244029496744960001,negative,0.23191472071940364
1244029496832995329,positive,0.7469405270194408
1244029497101467649,negative,1.6366183294728756e-05
1244029497332191232,positive,0.8767624715904464
1244029498091352064,negative,0.014513029960521917
1244029498342989825,negative,0.2530504706836792
1244029498745634819,negative,0.0027002344440646563
1244029498745651206,neutral,0.34700335381218417
1244029498758176770,negative,0.00010048109162916671
1244029499085336577,negative,0.13857901915378038
1244029499219509248,negative,0.05735691840036623
1244029499580329986,negative,0.03437606505070875
1244029499911569409,negative,0.0009417264267630954
1244029500293341184,negative,0.29816079844023624
1244029500318515201,positive,0.7898565583048688
1244029500372942849,negative,0.06402413844437214
1244029500389756928,negative,0.003631429095454684
1244029500477841409,negative,0.12114929120602734
1244029500553400320,negative,0.003631429095454684
1244029501153120256,negative,0.00046197037275694664
1244029501291577348,negative,5.248348531759553e-12
1244029501396443137,negative,0.03160954588924478
1244029501585096704,negative,3.5840898898312954e-08
1244029501648109572,negative,0.005479158126766742
1244029501715161088,positive,0.9217750052011746
1244029501924732928,negative,0.027742073829809862
1244029502138855424,negative,0.028786205109426116
1244029502432436228,negative,4.105411476139788e-06
1244029502868652032,negative,0.00019233591937190542
1244029502960746497,negative,0.000731445917807802
1244029502965125122,negative,0.00925317903903511
1244029503208292352,negative,0.0015114147307796696
1244029503405355008,negative,0.0005199054850623376
1244029503405506561,positive,0.7942868306521892
1244029503426498562,negative,0.037829593037823524
1244029503690637313,negative,0.014163711033862315
1244029503745273856,negative,0.07234316791658715
1244029503774523392,positive,0.962914044625955
1244029503896195072,negative,0.14145220774994263
1244029503963303938,negative,3.152398835193523e-10
1244029503980134400,positive,0.7469405270194408
1244029504147738624,positive,0.6639534260457811
1244029504168824833,neutral,0.48728019602140255
1244029504345051137,negative,0.07098215912165586
1244029504781193217,negative,0.008851515220149278
1244029504781275136,negative,0.14666907117432557
1244029504865124353,negative,0.10892661818704782
1244029505011953665,neutral,0.42074628584520324
1244029505104052224,negative,0.01193792120834108
1244029505133522945,negative,0.04679362883140613
1244029505565536256,negative,0.0013326587021259865
1244029624457273346,negative,0.11639044368079772
1244029625384214528,negative,0.003631429095454684
1244029625413652480,negative,0.013746700646208298
1244029625942061057,neutral,0.33333440016826693
1244029626034335748,negative,0.21355308885133734
1244029626189516801,negative,0.0002088779803552696
1244029626344771584,negative,0.00036176952852042595
1244029626382528512,negative,0.00011284764404439656
1244029626814550017,negative,0.0077650297947931225
1244029627519074304,negative,0.0008008067310585374
1244029627598876672,negative,3.7093389076431594e-05
1244029627615625220,negative,1.0831894168086737e-07
1244029627724636160,negative,0.041882381216379494
1244029627930116096,negative,0.21766622461380722
1244029628106395657,positive,0.9784706609452772
1244029628127346688,negative,0.0008440276150128937
1244029628634800135,neutral,0.33467362878218004
1244029628714561536,positive,0.9434090797393155
1244029628722958337,negative,0.07428056840709026
1244029629196886016,positive,0.9965605927838636
1244029629263945729,negative,0.003127348976454252
1244029629586903041,negative,0.06654477614078282
1244029629691760642,neutral,0.38903770078216127
1244029630627172353,negative,0.006637363255833475
1244029631042387969,positive,0.8767624715904464
1244029631168163843,negative,2.112092900314575e-11
1244029631168221184,positive,0.7512393178967296
1244029631382073346,negative,0.0026981932380042307
1244029631444983809,negative,0.00037849165962219276
1244029632329830405,negative,5.5281663681413945e-05
1244029632552329216,negative,0.2813522796506713
1244029632996917249,negative,0.05771397167816779
1244029633223364609,negative,0.007289086509490685
1244029633261076481,negative,0.22856720458712662
1244029633370247168,negative,0.0003187169139203808
1244029633751900163,negative,0.006891679323850784
1244029633768669185,negative,0.07974299540499917
1244029633886117888,negative,0.1997462505041769
1244029633986793472,negative,8.392638997471525e-06
1244029634007773185,negative,0.0002768654720082666
1244029634020126720,negative,0.006881432875029362
1244029634112561152,positive,0.6713338775064326
1244029634133528577,negative,2.000484983400936e-05
1244029634192211971,negative,0.014345411785701081
1244029634238431232,negative,1.4862748129529687e-05
1244029634263613443,negative,0.005791264870339887
1244029634489929728,negative,0.07554262521679907
1244029634603253760,negative,0.062078244041998354
1244029634850807810,negative,0.034757561817672554
1244029635148623873,negative,0.0018848827307038375
1244029635161198592,negative,0.005641057582515902
1244029635316367361,negative,0.1487449582094241
1244029635492528130,negative,0.009989806477906456
1244029635920310273,negative,1.4254139047019547e-09
1244029635995873282,negative,0.006891679323850784
1244029636029317120,negative,7.2806060239656914e-09
1244029636876668930,negative,0.0656882623295934
1244029636968882176,negative,0.0007067739530015191
1244029637014896645,negative,0.01809857907717686
1244029637161889792,negative,0.014174163156158048
1244029637191176197,negative,0.03385029072236073
1244029637363105793,negative,9.38393272362099e-06
1244029637581299714,negative,0.0029309644323082776
1244029638332035073,negative,0.0017981650016121226
1244029638571175936,negative,0.07712876527079193
1244029639024087040,negative,1.870402110449988e-08
1244029639829254149,negative,0.003631429095454684
1244029639925907456,neutral,0.5908618181140313
1244029639930019842,negative,0.00019579746008291802
1244029640018182144,negative,0.011620041809362885
1244029640139657217,neutral,0.3385252644667176
1244029641179848704,negative,0.009319695880400426
1244029641247072256,negative,3.352361354611772e-05
1244029641821732867,negative,0.00491019725625779
1244029642098475008,negative,0.01000980555838636
1244029642140459009,negative,0.05821091833556173
1244029642278928384,negative,0.0006490308170165578
1244029642648010752,negative,0.002140573792273572
1244029642673197056,negative,0.0001704655625837459
1244029642928992258,negative,0.028677740365834238
1244029643247755264,negative,0.10423090731213717
1244029643298082818,negative,0.00027225912149026876
1244029643423977472,negative,0.006044578013271609
1244029643440693249,positive,0.7898565583048688
1244029643725946880,positive,0.7898565583048688
1244029643876859908,neutral,0.5862231108840664
1244029643973328906,neutral,0.6336628959513968
1244029643994341376,negative,0.01918080717506263
1244029644015382528,negative,0.00042642724588313986
1244029644057137153,negative,3.6830036650459115e-06
1244029644262776836,negative,0.07738059547332773
1244029644694790144,negative,0.0014094257187744165
1244029644866715649,negative,0.012652817569050732
1244029644887769089,positive,0.8767624715904464
1244029645193953281,positive,0.8767624715904464
1244029645214924801,negative,0.23922662435811057
1244029645307219968,positive,0.911246276049679
1244029645458149376,negative,9.913321684277516e-07
1244029645579837441,negative,0.1419849997970458
1244029645739167745,negative,0.1136593562632943
1244029645776982016,neutral,0.5978923873978816
1244029646020067334,negative,0.0013754160226537697
1244029646187962370,negative,0.07738059547332773
1244029646456279046,negative,5.466513282939727e-06
1244029647005900800,negative,0.020340702841426483
1244029764815466496,negative,0.03696251130261216
1244029764974886912,negative,0.308199125160694
1244029765213962242,negative,0.03690540417300197
1244029765352218624,positive,0.7469405270194408
1244029765381689345,negative,0.06730597594679376
1244029765427826688,negative,0.0352376979139601
1244029765872504832,negative,0.0014059488326492917
1244029765947994113,negative,0.014067437190483758
1244029766065369088,negative,8.177101517549456e-09
1244029766287622144,negative,0.006891679323850784
1244029766321278977,negative,0.002883934854777139
1244029766325481473,negative,0.13903576760815609
1244029766723928065,negative,0.003730977567632427
1244029766736494594,negative,0.11910465655380176
1244029766866526208,negative,0.08216504258180292
1244029766967181313,negative,0.03160954588924478
1244029767138983939,negative,0.15780486724464168
1244029767327703040,negative,0.0077670819470120585
1244029767353065473,neutral,0.5683787039220269
1244029767403425792,negative,0.025479083476939897
1244029767659278336,negative,0.06116018580540677
1244029767982231555,negative,0.26251218936778453
1244029768384815106,negative,4.320468519062169e-06
1244029769156624384,negative,0.01767102748294925
1244029769307521024,positive,0.9999999606754678
1244029769982885890,negative,3.352361354611772e-05
1244029770146471937,neutral,0.5140335801237879
1244029770376986624,negative,0.011482903999509365
1244029770435891203,positive,0.7898565583048688
1244029770637156354,negative,0.01148555994747389
1244029771211837445,negative,0.0031620445426744025
1244029771366965250,positive,0.9997613749045235
1244029771425689601,negative,7.614472124157863e-06
1244029771522150401,neutral,0.5061256727279215
1244029771677405184,negative,0.0017981650016121226
1244029771845177344,negative,1.4258619612038565e-05
1244029771966791680,negative,0.14436365252385724
1244029772297932802,negative,0.0042444631505009845
1244029772918816768,negative,0.03137268014041387
1244029773208268800,negative,0.033975064159149165
1244029773308923904,neutral,0.5790140147459575
1244029773325701122,negative,0.0006142802561862868
1244029773363511297,neutral,0.4622903534400044
1244029773761953792,negative,0.0031620445426744025
1244029773782962176,negative,0.0003108984252100041
1244029774374338561,negative,0.09126713991943815
1244029774407839744,negative,0.00040179350484254055
1244029774411988993,negative,0.07712876527079193
1244029774831517697,negative,0.29325814358926605
1244029774902759424,negative,9.078185718582633e-07
1244029775095771136,positive,0.8767624715904464
1244029775150276608,negative,0.10499299692036099
1244029775477342209,negative,0.01767102748294925
1244029776060391424,negative,0.002107708617987482
1244029776551202816,negative,0.014559859026652643
1244029777025081344,neutral,0.3934630720282688
1244029777234800642,negative,0.00019346049725560497
1244029777406758912,negative,0.0016176675564071807
1244029777436123138,neutral,0.48492339353763403
1244029777440374785,negative,0.002473111206258806
1244029777452752902,negative,2.536614070501489e-06
1244029777754890240,neutral,0.6028443616666352
1244029777817874433,negative,0.0218301820551049
1244029778409259009,negative,0.06859722546579611
1244029778535026688,negative,1.3525280153046473e-05
1244029778757390336,negative,0.0016643672223856073
1244029778908323841,negative,0.00010923162088034862
1244029779130580993,negative,0.16061727605996895
1244029779726213122,negative,0.04878993200244674
1244029780049178624,neutral,0.6120886767952053
1244029780120481792,negative,0.005337251174702562
1244029780263161856,negative,0.00044547270117609405
1244029780405686272,negative,8.224620821721131e-05
1244029780409933828,negative,0.0003151343559335256
1244029780535672832,negative,1.8242777695381061e-07
1244029780699332608,neutral,0.35359027095536927
1244029780770664448,negative,0.0004047067318376573
1244029781022314497,negative,0.21355308885133734
1244029781491974144,negative,0.30468365606845155
1244029781496168448,negative,0.14581066107008356
1244029781617901571,negative,0.007649548517020005
1244029781743632384,negative,2.5937039366176854e-06
1244029782486122496,negative,0.00023582372659408378
1244029782511230981,negative,0.022059681172020593
1244029782783909891,negative,0.07428056840709026
1244029782947397633,negative,0.17513396010460444
1244029783308107782,negative,8.117833415968679e-06
1244029783517913088,negative,0.03490748811215549
1244029783740157952,negative,0.043264052809915014
1244029783824097281,negative,0.0005199054850623376
1244029784096739331,negative,0.0618602479981751
1244029784440651778,negative,0.28051707561528083
1244029784440659968,negative,0.05080595096907198
1244029784499331072,negative,0.006891679323850784
1244029784713244673,negative,0.0011206185526683
1244029784876859392,negative,1.3152559298948294e-05
1244029784998412290,negative,0.0086266313063719
1244029785673695233,negative,0.0030753480698920517
1244029785866735616,negative,3.7006990199853813e-06
1244029786017738752,negative,0.01767102748294925
1244029786206482432,positive,0.7245720051794796
1244029786311270402,neutral,0.3870020180728887
1244029786458132482,negative,0.006891679323850784
1244029786860785664,negative,0.07245251796559368
1244029901956689922,negative,0.004837848841420925
1244029902266957824,negative,0.06787053480209275
1244029902430535680,negative,0.00018387778524272253
1244029902904492032,negative,0.016713895842492135
1244029903131025408,negative,9.964270858268138e-07
1244029903315632128,negative,0.0070932943817461885
1244029903575691264,negative,0.05681789827597908
1244029903642787840,positive,0.9358659827855831
1244029903915417600,negative,0.0749435340425153
1244029904406171654,negative,0.2227703344595418
1244029904695459840,negative,2.9655522335661333e-05
1244029904745893890,negative,0.023453351307945992
1244029904859140097,negative,0.008635967356721156
1244029904930451456,negative,0.008448609994311674
1244029905714765824,neutral,0.34053597096917604
1244029906008199174,negative,0.0016176675564071807
1244029906343903234,negative,0.2700177323183393
1244029906385801217,negative,0.018665277096224255
1244029907212132352,negative,0.005865453524522696
1244029907237306368,negative,0.000731445917807802
1244029907455393793,negative,3.3550113950255503e-07
1244029907996467200,negative,0.13664796872461799
1244029908029931521,negative,0.272540591418359
1244029908076171266,negative,0.00013687281768650443
1244029908088762371,negative,0.07579706910682077
1244029908248137729,negative,0.2700177323183393
1244029908260728833,negative,0.006891679323850784
1244029908373962752,negative,0.16061727605996895
1244029908671762432,negative,0.20027286487444754
1244029908763979784,negative,0.04693139513645497
1244029908965371905,negative,2.639536410905444e-06
1244029909032472576,negative,0.0920619431980766
1244029909179215872,negative,0.2700177323183393
1244029909191843841,neutral,0.5711675092567567
1244029909242085377,negative,0.018665277096224255
1244029909372043264,neutral,0.48038420429752
1244029909577666560,negative,0.07979454856678829
1244029909829386241,neutral,0.551077815994506
1244029910206873600,negative,0.008823269651270439
1244029910617862144,negative,0.0058139861026809455
1244029910672461824,negative,0.014174163156158048
1244029910739451904,negative,0.006891679323850784
1244029911297384448,negative,6.217972748933923e-05
1244029911402250241,negative,0.02156947741948735
1244029911456714758,negative,0.20563139077993806
1244029911549063170,negative,0.01077708153643849
1244029911645511680,negative,0.06730597594679376
1244029912618590208,negative,0.0005753250801810464
1244029912828260352,negative,2.991484657003936e-07
1244029913025429506,negative,0.07738059547332773
1244029913168072706,negative,0.004267206393327312
1244029913193201664,positive,0.9490167692238136
1244029913268617216,negative,0.034757561817672554
1244029913272893440,negative,0.03911099933284884
1244029913381961729,negative,0.0037733277284254024
1244029913444868096,negative,0.06414966226360899
1244029913444876288,negative,0.034301583021262044
1244029913524572160,positive,0.8779780032221528
1244029913553932288,negative,0.13463537741225293
1244029913721700352,negative,0.06730597594679376
1244029913767784449,negative,0.1194888181676766
1244029914514436097,negative,0.052521404616716394
1244029914648477697,negative,0.0009461095119313201
1244029914858369024,neutral,0.4640205289699973
1244029914866688001,negative,0.006891679323850784
1244029914900201473,negative,0.0573919788451118
1244029915177107457,neutral,0.46001392392503954
1244029915328118785,neutral,0.33113200015936756
1244029915361615872,negative,0.006044578013271609
1244029915508412416,negative,0.1786972182123343
1244029915621724160,neutral,0.4486520979118294
1244029915667841025,negative,0.001811650942061109
1244029915797884929,positive,0.8327958408448305
1244029916062142464,negative,1.0887075702025965e-06
1244029916271828992,negative,2.8019321309270335e-05
1244029916414443523,neutral,0.4486520979118294
1244029916452134915,negative,0.005427210996020268
1244029916452212738,negative,0.028786205109426116
1244029916557070336,negative,0.008159220524084257
1244029916976422914,neutral,0.437369725752128
1244029917068767233,positive,0.911246276049679
1244029917194526720,negative,8.47260405488493e-05
1244029917362298882,negative,0.0016742114041767835
1244029917890666496,negative,7.325847564550463e-07
1244029918197022721,negative,0.004448838869062616
1244029918243098627,negative,0.033584046300484074
1244029918280908802,positive,0.9434090797393155
1244029918968676352,negative,0.009622148207020375
1244029919346266117,negative,0.08783194342588421
1244029919744741377,negative,0.004149099536362812
1244029919895654402,negative,0.0022960517390558204
1244029919908302848,negative,0.21766622461380722
1244029920193449984,negative,0.08104210830159737
1244029920298311680,neutral,0.35359027095536927
1244029920340250625,negative,0.0026938681957631655
1244029920801624064,negative,0.012652817569050732
1244029920902369280,positive,0.9613646387549846
1244029921422434304,negative,0.028786205109426116
1244029921720242176,positive,0.8767624715904464
1244029921942528005,negative,1.109447383414422e-07
1244029921992871936,negative,0.05333426148897456
1244029922039009282,negative,0.0008399999938322952
1244029922445799424,negative,0.0003065293609862996
1244029922810757120,negative,6.383111950890802e-06
1244029923100184576,negative,0.052756822467676524
1244029923171459073,negative,0.0009303081792198511
1244029923423125505,negative,0.09243934970745343
1244029923922190336,negative,0.19043780118039472
1244029923964194816,negative,0.006891679323850784
1244029924090003457,negative,0.007092740778771518
1244029924530421760,negative,0.0015186658470573802
1244029924601663495,negative,6.729857721749483e-11
1244029924601708546,negative,0.008430638716684168
1244029924622716928,negative,0.0056374675279287235
1244029924656193536,negative,0.20236389383494038
1244029924748472320,negative,2.8603048941397834e-08
1244029924941365249,negative,0.0017241755671478095
1244030036769935360,negative,0.00013862615331664447
1244030037059403778,positive,0.7058974431839885
1244030037235347456,positive,0.9999827062420629
1244030037298421761,negative,9.078185718582633e-07
1244030037386506251,negative,0.15313767547053955
1244030037407469569,negative,0.06066200827731397
1244030037705265152,negative,0.10282278607608104
1244030037856325633,negative,2.561498956447862e-05
1244030037889867777,positive,0.7898565583048688
1244030037986328576,negative,0.2975209491024167
1244030038036660230,neutral,0.6174238555091096
1244030038456090624,neutral,0.4486520979118294
1244030038644797440,negative,0.018645623459992204
1244030038745415682,negative,6.523054653066415e-06
1244030038930063360,negative,0.04249078125618548
1244030039085191168,negative,0.0030528630527869517
1244030039253037057,negative,0.07201808274067398
1244030039374680064,positive,0.8365355209567844
1244030039714402307,positive,0.9977213491746035
1244030039781490689,negative,0.05865040951866399
1244030039999610882,neutral,0.6477857118846863
1244030040062464002,negative,0.0009405835588412403
1244030040322519046,negative,0.14991518857674693
1244030040683286530,positive,0.9905439823917801
1244030040708440064,negative,3.721537354427799e-10
1244030041303941120,negative,0.006247984678171258
1244030041526284288,negative,4.891974864435146e-05
1244030041798905859,negative,0.00011986291271702694
1244030042008674306,negative,0.00020949297219303995
1244030043493408768,negative,0.0037214361651831873
1244030043715747841,negative,0.0009754783608851306
1244030043724152832,negative,0.009601276954877723
1244030043971518465,negative,2.4625419291539924e-06
1244030044080607234,negative,0.013642171943094061
1244030044139327488,negative,0.02930944569689023
1244030044432973824,negative,2.991484657003936e-07
1244030044999163904,negative,7.112310913995654e-06
1244030045066334209,negative,0.00039039292209761835
1244030045070524416,negative,1.8242777695381061e-07
1244030045125070849,negative,0.028786205109426116
1244030045301112832,negative,0.12603413822233858
1244030045863239680,negative,1.6123234876258858e-05
1244030046035152897,negative,0.003601019463906624
1244030046651760640,negative,0.029738369600814194
1244030046689546241,positive,0.8767624715904464
1244030046815354880,neutral,0.3838651720914426
1244030047134023682,negative,0.04831401679527112
1244030047197040641,negative,0.14666907117432557
1244030047264145408,negative,0.06967881362655624
1244030047591202818,neutral,0.3838651720914426
1244030047675179008,negative,0.0018221174185453642
1244030047800954880,negative,0.0023341036979017847
1244030047821971456,negative,0.005941169914853574
1244030048136499204,negative,9.078185718582633e-07
1244030048774037504,negative,0.03670507424825671
1244030050065735683,negative,2.9573589937945584e-05
1244030050099499009,negative,0.0005433456314589615
1244030050183364608,negative,0.0025505866955881635
1244030050392997888,negative,0.08176008047030568
1244030050405679107,positive,0.8355041267231138
1244030050774761472,positive,0.9947034329837395
1244030050988634114,negative,0.005186732020307045
1244030051294871552,negative,1.2703836794593982e-06
1244030051596800000,negative,0.07712876527079193
1244030052184047618,negative,0.08162359631165897
1244030052263702531,negative,0.00013701954270003565
1244030052335005699,negative,0.08118356008420835
1244030052448296960,positive,0.9467947869544604
1244030052678811648,negative,0.0031620445426744025
1244030052758687744,positive,0.8767624715904464
1244030052939059207,neutral,0.5558206790243834
1244030053094055936,negative,0.0002947634659760196
1244030053140303872,negative,0.14666907117432557
1244030053286948865,negative,0.1024152493901491
1244030053312315393,negative,1.4818569919577986e-05
1244030053467467776,negative,0.001239616964312681
1244030053484310529,negative,0.020390307447543898
1244030053563994112,negative,0.007076597188481792
1244030053643583488,negative,0.21766622461380722
1244030053664665600,negative,0.0012010698263819068
1244030053970636801,negative,0.14588843138895344
1244030054197276678,negative,0.16656008061561392
1244030054205501440,negative,0.26942968309050136
1244030054675423232,negative,0.0002355668359955291
1244030054881021956,negative,0.17829294110865151
1244030055400919046,negative,0.16192226149174863
1244030055724056576,negative,3.0992523468083997e-09
1244030056030142466,negative,0.151631961768421
1244030056277524481,neutral,0.6194433659720243
1244030056390971399,negative,0.004605932673330669
1244030056760041474,negative,0.003088558394618891
1244030056940306434,negative,0.00046197037275694664
1244030056973979649,negative,0.151631961768421
1244030057091399681,negative,0.028786205109426116
1244030057473073153,negative,0.0022969225343036177
1244030057531793411,negative,0.001994431599586379
1244030057670225920,negative,9.305233967730136e-05
1244030057783472135,negative,0.21766622461380722
1244030058165161985,negative,0.24449272468652725
1244030058316120070,negative,0.00046197037275694664
1244030058618130434,negative,6.1715285831854114e-06
1244030058722996225,neutral,0.4951954579147309
1244030058911711232,negative,0.026265001423812023
1244030059205275649,negative,0.000247472276470234
1244030059268182016,negative,0.042983344713611676
1244030059347947523,negative,0.0006061921080529063
1244030059901603840,negative,0.034301583021262044
1244030060497186817,negative,0.09977409342545951
1244030060643913729,negative,0.00041018699951402904
1244030060752826368,negative,0.05816167727367922
1244030060866256897,negative,0.09960893016532833
1244030174561284096,negative,0.04574771943301815
1244030175458852864,negative,0.22863560856241072
1244030175500587008,negative,0.020174925656527808
1244030176083816449,negative,0.09528185982720531
1244030176121544705,negative,0.00046197037275694664
1244030176167710723,negative,0.005186732020307045
1244030176356376580,negative,0.0666073871095415
1244030176457080832,neutral,0.37758735993681
1244030176465485825,negative,0.00012898931353389197
1244030176683536385,negative,0.003631429095454684
1244030176683573249,negative,0.0006799058650356737
1244030176830382080,negative,0.0004938530946125513
1244030177275006978,negative,0.062078244041998354
1244030177404948481,negative,0.0005913478855086392
1244030177522450432,negative,0.034301583021262044
1244030178604527618,negative,0.23191472071940364
1244030178650664960,positive,0.9905497678554886
1244030179116228613,negative,0.2446265402609087
1244030179363753987,negative,0.006891679323850784
1244030179653160961,negative,0.05681789827597908
1244030179770589185,negative,9.078185718582633e-07
1244030179837726720,negative,0.003631429095454684
1244030180462669830,negative,0.00017009462450975137
1244030180819120128,negative,0.006044578013271609
1244030180898766851,negative,0.13105255820475115
1244030181045649410,negative,0.007361948949546009
1244030181192458241,negative,0.005705039240678329
1244030181595058176,negative,0.13905072982956637
1244030181901287424,negative,0.11109946625489824
1244030181951635459,negative,0.006356652790022391
1244030182152945664,negative,0.01700823050243253
1244030182484316160,positive,0.8889118481293443
1244030182618349568,negative,0.0006061921080529063
1244030183125987329,negative,0.00019658968589335418
1244030183285424129,negative,0.02649751675832098
1244030183633489922,negative,0.004605932673330669
1244030183738413056,negative,0.00036031420819253855
1244030183780343814,negative,0.01310145117333262
1244030183872610308,negative,0.03440050482514737
1244030183914561537,negative,0.12601870108464874
1244030183985864705,negative,0.03172341202112248
1244030184334004225,negative,0.0008440276150128937
1244030184396918784,negative,0.01809857907717686
1244030184401100804,negative,0.009601276954877723
1244030184476549120,negative,0.00628573863471246
1244030184539463680,positive,0.8767624715904464
1244030184862384128,negative,0.000247472276470234
1244030185109946368,negative,5.152956630607727e-05
1244030185281916928,negative,9.078185718582633e-07
1244030185428713473,negative,9.797682101239934e-05
1244030185550290945,negative,0.000198531965733524
1244030185797636098,negative,0.23401236104629689
1244030185877516295,negative,0.01767102748294925
1244030186192060416,negative,0.0002933213131546621
1244030186343075843,negative,0.03500413405267113
1244030186900918277,positive,0.7469405270194408
1244030186993172481,negative,1.1711828057503848e-08
1244030187030839296,negative,0.00844582060977411
1244030187135741955,negative,0.13903576760815609
1244030187219664896,negative,0.0011866547674259833
1244030187341316096,negative,6.750248741705668e-07
1244030187559321601,negative,0.005641057582515902
1244030187752300544,neutral,0.458452529704962
1244030187873984514,neutral,0.3504460520852954
1244030187983028224,negative,0.01577092977700161
1244030188146614272,negative,1.921141431057833e-05
1244030188222062592,negative,0.019153874172051367
1244030188389793792,negative,0.002355665483272583
1244030188423430150,negative,0.018966196418778163
1244030188805148672,positive,0.9844900912714999
1244030189165858816,negative,0.06333154912217008
1244030189211914242,negative,1.109447383414422e-07
1244030189341941760,negative,0.0003022866906740014
1244030189790728192,positive,0.7245720051794796
1244030189807587330,positive,0.7898565583048688
1244030189903974400,negative,0.00012925965784940218
1244030190365392896,negative,0.0070932943817461885
1244030190436732929,neutral,0.3886984834246594
1244030190839304193,negative,0.010245360425363967
1244030190990372866,negative,0.001108042967048079
1244030191179042819,negative,0.027916382875645237
1244030191577567233,negative,0.0218301820551049
1244030191736967168,negative,0.057220706244648485
1244030191946674178,neutral,0.5698501449080218
1244030192068116481,negative,0.0004989025182391388
1244030192370307074,negative,0.050939721622543066
1244030192810708993,negative,0.019078868196059372
1244030192860852225,negative,0.0037426896592177537
1244030193070571520,negative,0.2343264425310151
1244030193116811264,negative,0.015029737068774581
1244030193225945089,negative,0.24460613057260666
1244030193280393216,neutral,0.4971790182263552
1244030193376862209,negative,0.011186603691380036
1244030193758543872,negative,0.0025108888178098773
1244030194329026561,negative,0.2897680907619539
1244030194362572800,negative,0.004643938231216682
1244030194396037120,positive,0.8157079822542955
1244030194706497538,neutral,0.39439463283712184
1244030194714804226,negative,0.0575450218026726
1244030194756747266,negative,0.01809857907717686
1244030194769203206,negative,1.7989511000889223e-05
1244030195306237954,negative,0.06116018580540677
1244030195323076611,negative,0.034301583021262044
1244030195792842752,negative,0.00026295411300604086
1244030196459675650,negative,0.22322625163822185
1244030196757512198,negative,0.08783194342588421
1244030196837163008,negative,0.0037469073180578707
1244030310540611584,negative,0.05216391749894212
1244030310657986565,negative,0.10694357912957411
1244030310716669957,negative,0.05816167727367922
1244030310842589186,negative,0.05471482163519855
1244030310943199232,negative,0.053300046265301194
1244030311031279616,negative,3.605980716653393e-06
1244030311354302464,negative,9.831674947675426e-05
1244030311761088512,negative,0.07098215912165586
1244030312138575873,neutral,0.5976094553542513
1244030312801320960,negative,0.1194993844273807
1244030312872415232,negative,2.338212469474306e-05
1244030312918679553,positive,0.7898565583048688
1244030313384288262,negative,0.000731445917807802
1244030313400958978,negative,8.842807797281434e-05
1244030313447034888,negative,0.13903576760815609
1244030313577283585,negative,0.038991577759206135
1244030314017587200,negative,8.857385742822912e-08
1244030314051252224,negative,0.1541494975867722
1244030314088980480,neutral,0.5140335801237879
1244030314164305920,negative,0.12607019369195466
1244030314395000832,negative,0.006891679323850784
1244030314504216577,positive,0.8767624715904464
1244030314911072257,negative,0.0012579430194715872
1244030314986508289,negative,0.0014094257187744165
1244030315015942144,negative,0.0001325301806476251
1244030315385012225,neutral,0.5696924475961646
1244030315452080128,neutral,0.5287874960061721
1244030315770851333,negative,0.006297777053897637
1244030316039352322,negative,0.1307717760361466
1244030316056129538,negative,0.25452165827242157
1244030316282548224,neutral,0.3563918284847767
1244030316370673665,positive,0.7058974431839885
1244030317972860928,negative,0.2653511339864869
1244030318098743297,negative,0.003631429095454684
1244030318140698625,negative,0.04144841890525245
1244030318211993602,positive,0.7898565583048688
1244030318715252737,negative,0.016903654506635845
1244030318849527810,negative,0.13370553711890965
1244030318966984704,negative,0.002958956812424432
1244030319570964480,negative,0.0005980884337244836
1244030319575158784,negative,0.0007737025615319913
1244030319583518722,negative,0.015268275176806298
1244030319839322112,neutral,0.4781762953387675
1244030319994589185,negative,0.00010923162088034862
1244030320065863681,negative,0.005922832435680281
1244030320204230656,negative,0.24460613057260666
1244030320216809478,negative,0.034301583021262044
1244030320279764994,negative,2.6701634322080482e-05
1244030320464351233,negative,0.00042642724588313986
1244030320917336064,negative,0.0038214477973741493
1244030320992813059,negative,0.006044578013271609
1244030321164800003,positive,0.8139743757168344
1244030321227698178,neutral,0.46127768308170247
1244030322532114432,negative,0.015887996908581024
1244030322561425411,negative,0.017503516018063162
1244030322666360833,positive,0.8355041267231138
1244030322674630659,negative,0.0002088779803552696
1244030323014406149,negative,0.12110876271727468
1244030323119267841,negative,3.427842602765277e-07
1244030323240906752,negative,1.0944526279195772e-07
1244030323245174785,negative,0.004554800144223409
1244030323433844737,negative,4.713201097264313e-07
1244030323551358976,negative,6.416580814399413e-06
1244030323714908161,negative,9.078185718582633e-07
1244030324050481154,negative,0.0014551579720839555
1244030324335665154,negative,0.028786205109426116
1244030324444508166,negative,0.0016176675564071807
1244030324490805249,negative,0.05924778469433336
1244030324624982017,negative,0.24025367531386693
1244030324822155266,negative,0.014513029960521917
1244030324855767041,negative,0.016248047811573473
1244030325380001792,negative,1.2746488879597646e-06
1244030325648433152,negative,2.1078638000920222e-08
1244030325761720321,negative,0.042560623277255155
1244030325803700224,negative,0.007448143663274961
1244030326428614657,negative,0.05341331646753504
1244030326495686659,negative,0.0018302758314453478
1244030326688681984,negative,0.005810595365272513
1244030327032610816,negative,0.026158430119468844
1244030327334604804,neutral,0.4729531609147329
1244030327611326465,positive,0.8767624715904464
1244030327825334272,negative,0.10310779024034329
1244030327938527232,neutral,0.46639444394389035
1244030328118935552,neutral,0.6266243876700941
1244030328123129861,negative,2.4625419291539924e-06
1244030328265719809,negative,0.0007486133297625467
1244030328378986496,negative,0.0008590094656786723
1244030329129594880,negative,0.055095373728257915
1244030329310056448,negative,0.0009038029170159087
1244030329352007680,neutral,0.4741354265096228
1244030329494650885,negative,0.272540591418359
1244030329641480194,negative,0.05735691840036623
1244030329645682688,negative,1.9430107704356296e-06
1244030329721106432,negative,0.10257140618341087
1244030330165760000,negative,2.3244107634602462e-10
1244030330467647489,negative,0.0005942318232588507
1244030330803310592,neutral,0.5061256727279215
1244030331302211584,negative,9.248803583583121e-08
1244030331310747648,negative,0.24449272468652725
1244030331335970816,negative,0.02003444122931804
1244030331512139776,negative,0.25452165827242157
1244030331671494658,negative,0.0005483384336075785
1244030331759529984,negative,2.628125451982244e-05
1244030331906338819,negative,0.21766622461380722
1244030331986083841,negative,0.23401236104629689
1244030332170653699,negative,0.0034800543230465923
1244030332208402432,negative,9.078185718582633e-07
1244030332241920004,negative,0.010250947148250313
1244030332522946561,negative,5.130908500159121e-05
1244030332690673665,negative,0.003228462311449612
1244030332770365440,negative,0.027995882572771153
1244030333273677824,negative,0.005186732020307045
1244030333303107584,negative,0.08020771480070414
1244030333378539520,negative,0.27030993168515555
1244030333734944768,positive,0.9201176125424348
1244030333764411396,negative,0.0006061921080529063
1244030333999292419,negative,0.04107615636452072
1244030334506844160,negative,0.08783194342588421
1244030334670422017,negative,0.17910647064626853
1244030334750076929,neutral,0.5136446707795853
1244030334804602880,negative,0.0006799058650356737
1244030446129876992,negative,0.09067951209722148
1244030446490587136,negative,2.6434275753397417e-08
1244030446507261953,negative,0.015707974361957238
1244030446595387394,negative,0.08104210830159737
1244030446595424256,negative,0.14764967942101398
1244030446683525120,positive,0.8767624715904464
1244030446729641984,negative,0.07428056840709026
1244030446792511490,neutral,0.4057987412687436
1244030446830313473,negative,0.000782550262135359
1244030447081926657,negative,0.014513029960521917
1244030447199432704,neutral,0.4729531609147329
1244030447643840512,negative,0.03819681487786787
1244030447727906818,negative,0.0009405835588412403
1244030447820189696,negative,0.009265767195955489
1244030447853723648,negative,0.02321691776573151
1244030447904067587,negative,0.1424829771831002
1244030448050847746,positive,0.9866779692803831
1244030448466104321,negative,0.01112019061444056
1244030448633856005,negative,0.0006061921080529063
1244030448965165057,negative,0.002586186808827317
1244030449229463554,negative,0.005738175437426459
1244030449384644610,negative,0.1557873326536418
1244030449883717632,negative,0.00030797308030094657
1244030450231840772,negative,0.012073964534672623
1244030450559062016,neutral,0.49789225920557484
1244030450567430145,negative,0.009471654592520095
1244030450731036672,negative,0.00662551661125867
1244030451162976259,negative,0.008979891653214481
1244030451251019776,positive,0.7898565583048688
1244030451305627650,negative,0.014513029960521917
1244030451444068353,positive,0.8767624715904464
1244030452043862018,negative,0.00873086757520492
1244030452102561793,negative,6.416580814399413e-06
1244030452161220609,negative,0.003631429095454684
1244030452480040961,negative,0.2813522796506713
1244030452538769409,neutral,0.5187338130495827
1244030452664610816,negative,8.682050112035366e-07
1244030453339828224,negative,0.014513029960521917
1244030453721554946,neutral,0.3886984834246594
1244030454711439360,negative,2.3476527211550113e-07
1244030454803595265,neutral,0.5558206790243834
1244030455055253504,negative,0.0015186658470573802
1244030455109877760,negative,0.006891679323850784
1244030455210487809,neutral,0.48728019602140255
1244030455336370179,negative,0.24223315034548482
1244030455881613313,negative,0.13234101874036094
1244030456330440713,negative,0.05082407348595446
1244030456443650049,negative,0.172007533741969
1244030456636608512,negative,0.0008942912351372897
1244030456800129027,negative,0.18865361099026448
1244030456980480001,negative,1.6123234876258858e-05
1244030457139904512,negative,0.013473656582322175
1244030457278324737,neutral,0.4507454498615163
1244030457370509313,neutral,0.46127768308170247
1244030457458634752,negative,0.018966196418778163
1244030457521623041,negative,0.0009405835588412403
1244030457634750465,positive,0.8767624715904464
1244030457836118019,negative,0.002430672556938179
1244030458603671553,positive,0.8435986318782899
1244030458624651266,negative,0.151631961768421
1244030458633084930,negative,0.008500161786336878
1244030458758860800,negative,0.010655607660419843
1244030458867920898,negative,0.07098215912165586
1244030459279028224,negative,0.006891679323850784
1244030459887194112,negative,0.006024028566599381
1244030460201709568,negative,6.0725843363959566e-05
1244030460226867201,negative,0.26942968309050136
1244030460243689473,negative,0.034301583021262044
1244030460373630976,negative,0.04364792037449149
1244030460465987585,negative,0.0028149135673452615
1244030460545634304,negative,0.00535378291914745
1244030460864483329,negative,5.742773236282615e-05
1244030460931510273,negative,0.00010923162088034862
1244030460944056320,negative,0.11109946625489824
1244030461522788352,negative,0.0009405835588412403
1244030461648789504,negative,0.164612976266766
1244030461845876738,negative,1.6719519095053524e-08
1244030461850062849,negative,0.0346049130933352
1244030462042963970,negative,0.00046197037275694664
1244030462391091201,negative,0.13857901915378038
1244030463137796102,negative,0.037822322158600125
1244030463242579973,negative,0.004790351062067848
1244030463515058176,positive,0.8889118481293443
1244030463557197824,neutral,0.48728019602140255
1244030464417042434,negative,0.002360584715332823
1244030464551084032,negative,0.2700177323183393
1244030464777732096,neutral,0.49517919585465126
1244030464928763904,negative,0.00013701954270003565
1244030465004187648,negative,0.0004165401871584989
1244030465025216512,negative,0.019777013565301496
1244030465528528897,neutral,0.3845189037734948
1244030465973137408,negative,0.00032754854593002746
1244030466065412097,negative,0.10379893029255843
1244030466421817344,positive,0.8767624715904464
1244030466501607430,negative,1.6719519095053524e-08
1244030466522525699,negative,1.373854683768014e-05
1244030466778451972,negative,0.0005194786734479085
1244030467172634628,positive,0.8140103102049006
1244030467646636033,negative,0.002797059867011649
1244030468430929921,positive,0.7898565583048688
1244030468623863808,negative,0.03686953431834498
1244030468858826755,positive,0.8618784265272296
1244030469026578434,negative,0.018966196418778163
1244030469060079616,negative,0.07428056840709026
1244030469328388108,negative,5.073474765627474e-06
1244032316248334336,neutral,0.396352349529719
1244032316273557505,negative,0.008794097331392713
1244032316369965056,negative,0.04291093982241207
1244032316504264708,negative,8.35467339845351e-06
1244032316634271746,negative,0.04768646782206183
1244032316999155713,negative,0.00254959084496433
1244032317003268106,negative,1.870402110449988e-08
1244032317020135425,negative,0.0017981650016121226
1244032317091348482,negative,6.159987082060394e-05
1244032317242269697,positive,0.7469405270194408
1244032317422800899,neutral,0.3701562957776364
1244032317821194240,negative,0.05134801922136598
1244032318198689792,negative,9.964270858268138e-07
1244032318223900673,negative,0.0001325301806476251
1244032318228115459,negative,5.680071202344461e-06
1244032318341361664,positive,0.6835078573396541
1244032318513336320,negative,0.07147005590858337
1244032318894981121,negative,0.21135451523768764
1244032318899138562,negative,2.5227949062395303e-05
1244032318995673089,negative,1.6719519095053524e-08
1244032319117316096,negative,0.062078244041998354
1244032319301836803,negative,5.1348315261838516e-05
1244032319436005376,negative,0.03914535013560267
1244032319687720963,negative,9.078185718582633e-07
1244032320199417856,negative,0.22322625163822185
1244032320333590528,negative,0.0007165252805427558
1244032320614674432,negative,1.4302189723523261e-09
1244032320690102272,negative,2.2135230526950283e-07
1244032320748892161,negative,0.03201651148217626
1244032320828563457,negative,0.12174450079401343
1244032320929071105,negative,0.062078244041998354
1244032321877090306,negative,6.311596802319672e-05
1244032322296520705,negative,0.05838953449698414
1244032322342658048,negative,0.00015632061790156397
1244032322372059139,positive,0.8767624715904464
1244032322418216960,negative,0.00032754854593002746
1244032322493648896,negative,0.0009405835588412403
1244032322711715840,negative,0.058461939462020183
1244032322879598593,negative,0.19043780118039472
1244032323122802688,negative,0.00011930555031281849
1244032323584176130,negative,0.019272047311602234
1244032323642777607,negative,0.02701216231039787
1244032323970007043,negative,6.8360097457750194e-06
1244032324284690432,negative,0.00011277044638532973
1244032324351688706,negative,0.07701570812580398
1244032324498608128,neutral,0.3387659427432253
1244032324502773760,negative,0.0001961893523289575
1244032324582412288,neutral,0.4748675020945169
1244032324603428864,negative,0.05838953449698414
1244032325043859457,negative,5.073474765627474e-06
1244032325509406720,negative,0.0001961893523289575
1244032325647769601,negative,0.0040961443360203595
1244032325714874369,negative,3.724999635141409e-06
1244032325911969793,negative,0.0035253405745421925
1244032325962399744,negative,0.2532104951239483
1244032326000132097,positive,0.7245720051794796
1244032326230835203,negative,0.0085579624966022
1244032326650208256,negative,0.016248047811573473
1244032326818041856,negative,0.0021393237108780798
1244032327027580928,neutral,0.33228826004729567
1244032327212134406,negative,0.00903620078715223
1244032327241674754,negative,0.01575835058241827
1244032327526895616,negative,0.00818010084978459
1244032327677882381,negative,4.891974864435146e-05
1244032327849820160,negative,0.0011206185526683
1244032328185319424,negative,0.03137268014041387
1244032328218726401,positive,0.8012410253647171
1244032328332165120,positive,0.7469405270194408
1244032328709668867,positive,0.8767624715904464
1244032329137434629,negative,0.027916382875645237
1244032329229762560,negative,1.8242777695381061e-07
1244032329250562048,negative,0.001951247255355429
1244032329296863239,negative,0.23401236104629689
1244032329452007431,negative,0.29212468790112484
1244032329473052673,negative,0.0004938530946125513
1244032329863114754,negative,1.8242777695381061e-07
1244032329875587073,negative,0.0004969254018463416
1244032329875677184,negative,0.19563760923581308
1244032330366431232,negative,0.003302708744723895
1244032330584526849,negative,9.078185718582633e-07
1244032330718760960,neutral,0.5637146405247173
1244032330827796480,negative,0.12848579615834305
1244032330865545216,negative,0.005810595365272513
1244032330986999808,negative,6.58236420923334e-05
1244032331377250307,positive,0.8767624715904464
1244032331503067137,positive,0.9784706609452772
1244032331733663745,negative,0.0027002344440646563
1244032331775643648,negative,2.6012652354285867e-05
1244032331788189700,negative,0.00431013229374764
1244032331872116752,negative,0.0002633734309031151
1244032331943415810,negative,0.31732489718339985
1244032331960078337,negative,0.13512373146272058
1244032331993800704,neutral,0.42636993875326024
1244032332551663622,negative,0.0002259927462038145
1244032332669091840,negative,0.000731445917807802
1244032332782276608,negative,3.761967837388861e-06
1244032333013045253,negative,3.017962989406801e-05
1244032333159809024,negative,5.466513282939727e-06
1244032333180796928,negative,0.009319695880400426
1244032333231132673,neutral,0.36377104280683514
1244032334015483905,negative,0.014033070122093812
1244032334703321093,positive,0.999481321174072
1244032334837567489,neutral,0.4345682934433764
1244032334912983040,negative,0.00681799659484881
1244032334992683008,negative,0.0030840678742775933
1244032335080759296,negative,0.04574771943301815
1244032335542190082,negative,0.08835056886845566
1244032335772815363,negative,0.009525420531916422
1244032335928008710,negative,0.1191114131711644
1244032336402022401,negative,0.033584046300484074
1244032336494297088,negative,0.03708686785647562
1244032336590712832,neutral,0.47371072416927557
1244032337177972736,negative,5.680071202344461e-06
1244032337245097984,negative,0.00873086757520492
1244032337320374272,negative,0.14874724152575958
1244032337362522115,positive,0.8808094069168896
1244032337442230273,positive,0.8355041267231138
1244032337484054533,negative,0.0006390444891854684
1244032337538691072,neutral,0.4486520979118294
1244032337794535424,negative,0.018665277096224255
1244032337890947075,negative,0.0017981650016121226
1244032338813739009,negative,0.010245360425363967
1244032338910220289,negative,0.007289086509490685
1244032339254091776,negative,0.08816344314502134
1244032339342221312,negative,0.010678343474554002
1244032339400941575,negative,0.036493808309695695
1244032339535151104,positive,0.9904375740452201
1244032339644157952,negative,0.06391707971381268
1244032339874852865,neutral,0.4748675020945169
1244032339937820672,negative,0.00017009462450975137
1244032452160520192,negative,2.516616838908564e-06
1244032452487774208,negative,1.8452649898681864e-08
1244032452559069187,negative,9.830850596979728e-05
1244032453297278976,negative,0.11477551818916064
1244032453477634050,negative,0.03440050482514737
1244032453624373249,negative,9.078185718582633e-07
1244032453691559938,negative,0.002709402336352398
1244032453758660608,negative,0.034301583021262044
1244032453922209792,negative,0.005262469492056125
1244032453972459521,neutral,0.3688120122074838
1244032454069010433,negative,0.006044578013271609
1244032454131924993,negative,0.007280960501459214
1244032454496866304,negative,0.0007067739530015191
1244032454584872960,negative,0.0001694740267078751
1244032454836568066,negative,0.039987253659745106
1244032455264198657,negative,0.004977685899676086
1244032455729971201,negative,4.713201097264313e-07
1244032455763427328,negative,0.020252162110012566
1244032455885152262,negative,0.010238341358572137
1244032456493326341,negative,0.024048453228814725
1244032456711380994,negative,0.017537288910938375
1244032456803614721,negative,0.028786205109426116
1244032457441230849,negative,0.0003922387622506568
1244032457940271109,negative,0.008609357892033745
1244032458036842497,negative,3.360150635040774e-08
1244032458313682944,negative,0.15506619485336917
1244032458334535680,negative,0.02425846224082266
1244032458338766848,negative,1.4934731606774006e-05
1244032458338832389,neutral,0.38024924020910944
1244032458527571968,negative,0.1926224827800367
1244032458573709312,negative,0.2398590771990955
1244032458615554054,negative,0.07124832670803383
1244032458749874183,negative,0.004182494621889937
1244032459618037768,negative,0.06730597594679376
1244032460016541697,positive,0.8767624715904464
1244032460272402433,negative,0.0007035035899756882
1244032460989530112,negative,0.0009405835588412403
1244032461027360770,negative,3.165377112324228e-05
1244032461073506305,negative,0.10244561804144663
1244032461178392581,negative,0.007416119079468009
1244032461312581634,negative,0.011573585139720196
1244032461463597058,negative,0.10423090731213717
1244032461866237952,negative,0.023449477751599293
1244032461887152129,negative,0.008794097331392713
1244032461945868289,neutral,0.3688120122074838
1244032461996273665,negative,0.07234316791658715
1244032462277181441,neutral,0.5764976553038823
1244032462348603394,negative,0.15484818861258817
1244032462684073986,positive,0.8767624715904464
1244032463078338562,negative,0.0006061921080529063
1244032463111884805,negative,0.000959358726864753
1244032463158022145,negative,0.0002616422584718064
1244032463338422273,negative,0.0070932943817461885
1244032463632023554,negative,0.028786205109426116
1244032463707475968,negative,0.0002565086550205166
1244032463858479110,negative,0.07024840022396711
1244032463887831043,negative,0.00254959084496433
1244032463929782273,negative,0.00020949297219303995
1244032464105938946,negative,0.018002645498495284
1244032464252809218,negative,0.06116018580540677
1244032464315723776,negative,0.07024840022396711
1244032464462524416,negative,0.03342484692997371
1244032464907091969,positive,0.9434090797393155
1244032465192140801,negative,0.00020911323967067033
1244032465272025094,negative,0.034301583021262044
1244032465443983361,negative,6.714373199370648e-07
1244032465565605891,negative,0.0002791290499004212
1244032466119274496,negative,0.0027002344440646563
1244032466324803587,negative,0.004605932673330669
1244032466471567362,negative,0.1947714790918569
1244032466597351431,negative,0.06776116982817487
1244032466677096449,negative,8.140308209457298e-05
1244032466765131777,negative,0.00020890193195457932
1244032466819649538,negative,0.047172664919449096
1244032466920366080,negative,0.30672569608372974
1244032467033632773,neutral,0.46511884455441777
1244032467142664193,negative,0.0070932943817461885
1244032467402731520,negative,0.04107615636452072
1244032467515904008,negative,0.014803474008022805
1244032467645931521,positive,0.9581288683523747
1244032467721486344,negative,0.011432940584512998
1244032467767562242,neutral,0.6266243876700941
1244032467964768256,neutral,0.6445961544199683
1244032468078022658,negative,0.15679584089794424
1244032468132474880,negative,0.06776116982817487
1244032468157521920,negative,0.0001631689297401636
1244032468186992641,negative,3.022665566573775e-07
1244032468266766337,negative,3.880068076278992e-06
1244032468296118276,negative,0.06522407755587821
1244032468619071488,negative,0.2897680907619539
1244032468866523136,negative,0.006891679323850784
1244032469088849920,negative,0.1834777023883711
1244032469315313670,positive,0.7656106512283299
1244032469374054400,negative,0.0511302540897556
1244032469566926848,negative,0.18404600006999028
1244032469743132672,negative,0.022715562654515947
1244032470263177221,negative,0.027984178518338676
1244032470904963075,negative,9.078185718582633e-07
1244032471320211458,neutral,0.48492339353763403
1244032471370469376,negative,0.009319695880400426
1244032471567683585,neutral,0.5343273261767144
1244032471609544704,negative,0.00024346480643291826
1244032471718596610,negative,5.433297093522995e-08
1244032471752224768,negative,0.0010429888447562447
1244032471978647552,neutral,0.44203355081296014
1244032472007966721,negative,0.004643938231216682
1244032472414932993,negative,0.0034307333391984563
1244032472825856000,neutral,0.39570077291060207
1244032472825892870,neutral,0.3838651720914426
1244032472859451393,negative,0.16401444510985771
1244032472859529217,negative,0.07024840022396711
1244032473794850816,negative,0.00010923162088034862
1244032473924800512,negative,0.04876076870215411
1244032474121977856,negative,0.15330535459607966
1244032474361069571,positive,0.868229474839539
1244032474646065154,negative,0.2748606587073417
1244032474755346432,negative,0.0001792266935430678
1244032475082432512,negative,0.21766622461380722
1244032592812310534,neutral,0.6582446712537251
1244032592938184709,negative,0.001497423856915117
1244032593076662272,negative,0.0023249205270869104
1244032593227587584,negative,0.07024840022396711
1244032593227587588,negative,0.00046197037275694664
1244032593579986945,negative,0.021559576609109125
1244032593697427459,positive,0.9510220087225476
1244032593986805768,negative,0.256399937512382
1244032594263580673,negative,0.003631429095454684
1244032594297184256,negative,3.2072831083129704e-05
1244032594339037186,negative,0.001671506200562899
1244032594649497600,neutral,0.5637146405247173
1244032594758565888,negative,0.014513029960521917
1244032594850783232,negative,0.3179804042866515
1244032594947252228,positive,0.8355041267231138
1244032594964086785,negative,0.07690926213484135
1244032595098288128,negative,0.0006061921080529063
1244032595341574145,negative,0.2551205764438874
1244032595651973120,negative,0.00014470624121744975
1244032595878391808,negative,3.875565779974035e-05
1244032595962331136,negative,0.016713895842492135
1244032597312835592,negative,0.01767102748294925
1244032597434523651,positive,0.9944367791230017
1244032597937790979,negative,0.009319695880400426
1244032598063616007,negative,0.0006061921080529063
1244032598629928961,negative,0.0001570762370165333
1244032598797680642,negative,0.01687976779869203
1244032598915022851,negative,0.018665277096224255
1244032599250612230,negative,0.07024840022396711
1244032599372242944,neutral,0.35429444431605167
1244032599418376192,negative,0.022988372599091967
1244032599737217030,negative,0.0010091014392179698
1244032600102055943,negative,0.2686949645011667
1244032600127217666,negative,0.0021650805977782355
1244032600395710465,negative,0.03861446699889948
1244032600517246977,neutral,0.5409568034535329
1244032600953389056,negative,0.23293511111483112
1244032600970272769,negative,0.013451170818730982
1244032601028845568,negative,0.02276259241360165
1244032601058353155,negative,0.007565825228275591
1244032601108762625,negative,0.06730597594679376
1244032601343561728,negative,0.0511302540897556
1244032601368727555,neutral,0.3688120122074838
1244032601431687170,negative,0.19125889323894635
1244032601448427525,positive,0.8973340875324091
1244032601540755456,negative,0.009356326106261793
1244032601687457794,negative,0.05672096261709302
1244032601922437120,negative,0.00017471812461899153
1244032602341851138,neutral,0.5632856297045182
1244032602463522822,negative,0.00036031420819253855
1244032602987794438,neutral,0.3688120122074838
1244032603176308736,negative,7.380113993557666e-09
1244032603184906243,negative,0.01148555994747389
1244032603855994887,negative,0.025286621339463834
1244032604002811906,negative,0.0005799705301438664
1244032604191494149,negative,0.009525420531916422
1244032604338356226,negative,0.021451602629445534
1244032604497686533,negative,1.8242777695381061e-07
1244032604527001600,negative,0.00046197037275694664
1244032604778659840,positive,0.7898565583048688
1244032604870852609,negative,0.0038313561348536865
1244032604938133504,negative,2.9573589937945584e-05
1244032604996804608,negative,0.00046170571434064347
1244032605244272642,positive,0.9410360907007912
1244032605324009473,negative,0.26942968309050136
1244032605613363202,negative,0.014513029960521917
1244032606078894080,positive,0.8767624715904464
1244032606360031232,negative,0.01148555994747389
1244032606607265792,negative,0.045645232265653125
1244032606687109123,negative,0.01283396223773986
1244032606771073025,negative,0.21828229027432275
1244032606863273986,negative,0.017823526060655914
1244032607488262144,negative,0.009165062855242071
1244032607689543681,negative,0.02425846224082266
1244032607874056193,negative,0.0006061921080529063
1244032607920295938,negative,0.001487437731614408
1244032608020938752,negative,0.0028149135673452615
1244032608306106374,neutral,0.33333440016826693
1244032608318734342,neutral,0.48952755225252487
1244032608582930433,negative,0.010245360425363967
1244032608595578881,positive,0.9905439823917801
1244032608767545344,negative,3.929194235605277e-07
1244032608796905473,neutral,0.6266243876700941
1244032608880607232,negative,0.26942968309050136
1244032609455230976,negative,2.991484657003936e-07
1244032609665060866,negative,0.03575074999052621
1244032609677717509,negative,0.00024198723682821173
1244032609694425090,negative,0.07050619852166676
1244032609946079238,negative,8.140308209457298e-05
1244032610134896640,negative,0.006891679323850784
1244032610445164544,negative,7.419425046315102e-07
1244032610608783363,positive,0.9786353919813421
1244032610742996995,negative,0.004267206393327312
1244032610780745731,negative,0.0021146262419722596
1244032610881462273,positive,0.8767624715904464
1244032610919165953,negative,0.0027002344440646563
1244032610931814401,negative,0.18865361099026448
1244032610935898113,neutral,0.4612468296336095
1244032611095326720,negative,0.003364101381786954
1244032611535785986,negative,0.0746349614449436
1244032611980279810,negative,1.870402110449988e-08
1244032612114497538,negative,2.1798082196842727e-06
1244032612508680192,negative,7.07779459980831e-07
1244032612789825537,negative,0.07024840022396711
1244032613536468998,negative,1.9932586636822734e-10
1244032613574160384,negative,0.31138705512589365
1244032613809094658,negative,0.003915915805235143
1244032613993644035,negative,1.1254779541004582e-06
1244032727579533315,negative,0.23871696831429615
1244032727747305472,negative,0.007244319640131192
1244032727877332993,negative,0.0028149135673452615
1244032728095481857,positive,0.8767624715904464
1244032728133140483,negative,0.0038083992506307723
1244032728162390016,negative,0.26942968309050136
1244032728191979521,negative,9.627913005187242e-05
1244032728284180482,positive,0.7898565583048688
1244032728460406784,negative,0.0028024013850015466
1244032728506535938,negative,0.07024840022396711
1244032728703565825,negative,4.105411476139788e-06
1244032728884031490,negative,0.018384348658198293
1244032729005645825,positive,0.9109485983141242
1244032729139814401,negative,0.31732489718339985
1244032729156661258,negative,0.0001336550687845265
1244032729248870401,negative,0.26942968309050136
1244032729622228992,neutral,0.49789225920557484
1244032729815154693,negative,0.2877886127273062
1244032729915809792,negative,0.1509466298928945
1244032730045779969,negative,0.22619386547638462
1244032730603687943,negative,0.21766622461380722
1244032730767200257,negative,0.0037715936037971756
1244032731295727618,negative,0.1013811554283621
1244032731618717696,negative,0.003631429095454684
1244032731660660736,positive,0.9909405349248931
1244032731702493188,negative,0.26524644614744813
1244032731769700353,positive,0.8808094069168896
1244032731950059520,negative,0.003631429095454684
1244032731962650627,negative,0.009319695880400426
1244032732163756032,negative,0.0009143784568508507
1244032732176568327,negative,0.06510646202313494
1244032732256178176,negative,0.13203096948388526
1244032732361097216,negative,2.467397361275809e-07
1244032732478550017,neutral,0.36280865461310935
1244032732512075777,negative,0.00048626398213015836
1244032732667281409,negative,0.0027854321746605838
1244032732738568193,negative,0.09664394605648122
1244032732939911171,neutral,0.48897336413703296
1244032733543903232,negative,0.0006407347362978636
1244032733556416513,neutral,0.3353500257179539
1244032733606817792,negative,1.9443351781397957e-06
1244032734210768898,negative,0.19851510575634645
1244032734240137218,negative,0.0028149135673452615
1244032734567305216,negative,0.07098215912165586
1244032734613438464,negative,0.05864056252794568
1244032734776999941,negative,0.05471482163519855
1244032734978326533,negative,0.004956526568796503
1244032736224034818,neutral,0.3512876896805616
1244032736286949376,positive,0.8767624715904464
1244032737033490432,negative,5.130908500159121e-05
1244032737201315840,neutral,0.5318834537628724
1244032737205530626,negative,0.06945585327317613
1244032737377505281,neutral,0.5148448242947887
1244032737465556996,negative,0.26524644614744813
1244032737469743106,negative,6.195080719967024e-05
1244032737910063110,neutral,0.4537541227075798
1244032737926959106,negative,0.039987253659745106
1244032738061094913,positive,0.7898565583048688
1244032738090459136,negative,0.0007855230576259707
1244032738107297793,negative,0.0006799058650356737
1244032738262257664,negative,1.2703836794593982e-06
1244032738266578944,negative,0.1932916795198969
1244032738317000704,negative,0.015753449938830138
1244032738367279107,negative,0.07024840022396711
1244032738384117760,negative,0.08485003377066434
1244032738404921345,negative,0.0006061921080529063
1244032738807754754,negative,7.139595265077276e-05
1244032738933575682,negative,3.832127673832782e-05
1244032739164241920,negative,0.07738609678574275
1244032740003123200,negative,0.16061727605996895
1244032740028276736,positive,0.8767624715904464
1244032740112171014,negative,2.516616838908564e-06
1244032740326100997,negative,0.16699257636756326
1244032740657369095,negative,0.0006875880267057613
1244032741068410881,negative,0.10227620319197454
1244032741278089216,negative,0.00010635647155674519
1244032741303353345,neutral,0.5061256727279215
1244032741387182083,negative,0.062078244041998354
1244032741391261696,negative,0.0009405835588412403
1244032741584375809,negative,0.07201808274067398
1244032742125379587,neutral,0.3599607905714538
1244032742150549508,negative,0.17513396010460444
1244032742314164228,negative,0.006891679323850784
1244032742490284034,neutral,0.5263661092186113
1244032742599335938,positive,0.6920385024178974
1244032742972588032,negative,0.004182494621889937
1244032742997794820,negative,0.035968782668252965
1244032743098458114,negative,0.26524644614744813
1244032743371083776,negative,0.002977573654426058
1244032743585075200,negative,0.11810568900103235
1244032743652163585,negative,0.006891679323850784
1244032743656378369,negative,2.0465523763912915e-05
1244032743668768768,negative,0.04543762085782074
1244032743719211008,negative,0.08176008047030568
1244032743786217474,positive,0.838314927982256
1244032743824113664,negative,0.004679372967759532
1244032744210006017,negative,7.168210168870402e-05
1244032744298090496,negative,0.00015317979916494825
1244032744461647874,negative,2.976401896143293e-08
1244032744881094657,negative,3.880068076278992e-06
1244032745132691456,negative,0.004267206393327312
1244032745262718987,negative,0.05499652024692301
1244032745321398272,negative,0.001951247255355429
1244032745321443330,negative,0.0018448265303936898
1244032745568903168,negative,4.105411476139788e-06
1244032745812230147,negative,0.015975725660895234
1244032745933877249,negative,0.00048626398213015836
1244032745954738181,negative,4.105411476139788e-06
1244032746160304135,neutral,0.4440114489913187
1244032746420387840,positive,0.8331534042363895
1244032746563022848,negative,0.10307432340427858
1244032746684588035,negative,3.101151935005179e-08
1244032746848235520,negative,0.003631429095454684
1244032747397677056,negative,0.0014624269952852591
1244032747431231488,negative,0.0033716689894491953
1244032747645153280,negative,6.292546781501762e-07
1244032747695456263,negative,9.754581828924789e-05
1244032747770974208,positive,0.7898565583048688
1244032747812814853,negative,9.482829798310158e-06
1244032747829637121,negative,0.007584144132112935
1244032747901005824,negative,0.005260775403274126
1244032748106514434,negative,1.2290071182225718e-05
1244032748106514436,negative,0.0006799058650356737
1244032748173606912,negative,0.019777013565301496
1244032748228141062,negative,0.006302397749799379
1244032748395941891,positive,0.8877697158965362
1244032748681138178,negative,0.008947129521213851
1244032748962099201,negative,0.02515840138658587
1244032749041790976,negative,0.015301065184341942
1244032749310271489,negative,0.1758654494718857
1244032861881196546,positive,0.8944500763442006
1244032862279675905,negative,0.033584046300484074
1244032862313119746,neutral,0.5208656176667307
1244032862485131265,negative,0.31732489718339985
1244032863185653761,neutral,0.4373255837432663
1244032863319863298,negative,0.0022406839125572934
1244032863420514304,negative,0.002767021981922865
1244032863496024078,positive,0.8767624715904464
1244032863621861380,negative,0.006054275632968848
1244032863823167491,negative,0.0002457006380728109
1244032863928045569,neutral,0.5486054200081545
1244032864183861249,positive,0.9990504716285471
1244032864246796292,negative,0.24334056969175608
1244032864506781705,negative,0.0002757523782109512
1244032864657772545,negative,0.05864056252794568
1244032864678707201,negative,0.0018638858080717643
1244032864959725571,negative,0.08940342086740574
1244032864993370112,positive,0.8767624715904464
1244032865156960257,negative,0.07738059547332773
1244032865324564480,negative,0.0009405835588412403
1244032865517457408,negative,1.657258746152705e-06
1244032865676992514,positive,0.9786353919813421
1244032865865785346,negative,0.0001740357534866108
1244032866666848258,positive,0.7898565583048688
1244032866734034944,negative,0.0336125791768201
1244032866750734338,neutral,0.48038420429752
1244032866989703168,negative,3.427842602765277e-07
1244032867027517440,negative,0.32387803961716616
1244032867279069185,negative,0.09392983498731289
1244032867472158720,negative,0.011909837045884077
1244032867698528256,negative,0.0021949326591746776
1244032867895775237,neutral,0.3415615107186701
1244032867899969538,negative,0.00028504002521389886
1244032867979669505,positive,0.6644099179089895
1244032868067786754,negative,0.0023373654462081565
1244032868361351169,negative,0.272540591418359
1244032868478672896,neutral,0.6370093832716519
1244032868684369921,positive,0.9914485276330509
1244032868759867392,negative,3.220920543872018e-08
1244032869036625923,negative,0.08072644089299534
1244032869372223489,neutral,0.504069034033038
1244032869632278536,negative,1.5465856473353641e-06
1244032869766496256,negative,2.2717235602712264e-07
1244032869795876866,neutral,0.3587261224521237
1244032869812645888,negative,1.9430107704356296e-06
1244032870336921601,negative,6.138977634263252e-06
1244032870689255424,negative,0.2897680907619539
1244032870836056064,neutral,0.4440114489913187
1244032871045595136,negative,0.0009405835588412403
1244032871213363200,positive,0.8808094069168896
1244032871234404355,negative,0.0069085238471594005
1244032871867789318,negative,0.001549606609974658
1244032871968448513,negative,0.006138359392079412
1244032872102559746,negative,0.00028504002521389886
1244032872278888453,negative,0.07201808274067398
1244032872320765954,negative,0.0003352741939121237
1244032872324812800,negative,0.02293866564253296
1244032872937291778,negative,0.22034467059752194
1244032873113489410,neutral,0.33899753577082964
1244032873310584832,negative,0.014174163156158048
1244032873323257857,negative,0.007305084076499874
1244032873407053824,negative,4.713201097264313e-07
1244032873528725505,negative,0.01767102748294925
1244032874069753858,negative,0.0014624269952852591
1244032874094919682,negative,4.0588885071028546e-07
1244032874099159040,negative,0.31138705512589365
1244032874149445634,negative,0.2249807171429087
1244032874430398464,negative,0.006891679323850784
1244032874669649920,negative,0.0034612262536830316
1244032874728259585,negative,0.00046427570104183043
1244032874963243008,negative,8.35467339845351e-06
1244032875659485185,negative,1.8242777695381061e-07
1244032875860803584,negative,0.004005768443734301
1244032875973840896,negative,0.04716703215386878
1244032876154413059,negative,0.07884882705331028
1244032877123297280,negative,0.03160954588924478
1244032877303664640,negative,0.062078244041998354
1244032877798412288,negative,0.26942968309050136
1244032878025084928,negative,0.0007035035899756882
1244032878230605825,negative,4.0645871551078416e-07
1244032878473646080,negative,0.011186603691380036
1244032878515834880,negative,0.05027693674356694
1244032878549270531,negative,0.052256046489331125
1244032878574526477,negative,0.018966196418778163
1244032878582861829,negative,0.003631429095454684
1244032879249801216,negative,0.08872506708553103
1244032879379853315,negative,0.05771397167816779
1244032880147398657,negative,0.00011687378572176339
1244032880382283777,negative,2.180655695779039e-05
1244032880503689216,negative,0.07179151893442352
1244032881179201543,negative,0.12264277833332127
1244032881640402944,negative,0.17524529342992556
1244032881724448768,negative,8.102620063372422e-06
1244032881799897096,neutral,0.4659911923858833
1244032882223370240,negative,0.0009461095119313201
1244032882512928768,negative,0.00020949297219303995
1244032882517118979,negative,0.003228447423898818
1244032882697555968,negative,0.044849346436276916
1244032882764644353,neutral,0.4486520979118294
1244032882940596224,negative,0.02251178695938282
1244032883515445252,negative,0.0346049130933352
1244032883775410178,negative,0.0471928264370449
1244032883809038336,negative,0.009319695880400426
1244032883926409216,negative,0.17900733735938903
1244032884131926016,negative,3.304909325663523e-05
1244033019578466304,negative,0.0022179653866040627
1244033019758940163,neutral,0.46002701202923474
1244033019767382016,negative,0.062078244041998354
1244033019834445824,negative,0.010118720097775659
1244033019960274946,negative,0.00036031420819253855
1244033020056743937,negative,0.0009461095119313201
1244033020270698497,negative,0.0020541747149171834
1244033020279095297,negative,0.24334056969175608
1244033020652408834,negative,6.30420806087795e-05
1244033020732026880,positive,0.8519574789124654
1244033021109551105,negative,0.0005214254337814755
1244033021566758914,negative,0.00413139051059664
1244033021600313347,negative,0.0018302758314453478
1244033022191689729,negative,7.139595265077276e-05
1244033022317465603,negative,0.11512950333362973
1244033022338441217,neutral,0.33333440016826693
1244033022384578560,negative,0.029595854180904633
1244033022422388738,negative,0.11512950333362973
1244033022430793730,negative,0.11512950333362973
1244033022464102400,negative,0.11512950333362973
1244033022468304897,negative,0.11512950333362973
1244033022489288704,negative,0.11512950333362973
1244033022489317378,negative,0.0007020423563795469
1244033022502014981,negative,0.06545950907163521
1244033022518755330,negative,0.11512950333362973
1244033022569189376,negative,0.11512950333362973
1244033022598545409,negative,0.015522766223742221
1244033022611120131,negative,0.0008871997827428895
1244033022854299649,negative,0.03166440647435892
1244033022879576064,negative,0.21766622461380722
1244033023055663104,positive,0.8130899356535308
1244033023277924352,negative,9.977455718344855e-05
1244033023848222720,negative,0.0009405835588412403
1244033023961714688,negative,0.0026981932380042307
1244033024238522368,neutral,0.5594737591983451
1244033024330813444,neutral,0.3461457465855236
1244033024716681217,negative,4.496012848095721e-11
1244033025031188481,positive,0.9908369365037759
1244033025031225349,negative,0.10984226932125106
1244033025417064449,negative,0.00028504002521389886
1244033025475821569,negative,1.5871572016241922e-09
1244033025740025856,negative,0.006044578013271609
1244033025786220544,positive,0.9784706609452772
1244033025882628096,negative,0.07690926213484135
1244033026302136321,positive,0.9115036779074703
1244033026528591873,negative,0.0018221174185453642
1244033026541137925,negative,3.9789518165062576e-05
1244033026704789505,negative,0.004605932673330669
1244033027543461888,negative,0.26942968309050136
1244033027652620288,negative,0.014451905379701629
1244033027988127750,neutral,0.5892351493447894
1244033028218896387,negative,0.0031620445426744025
1244033028348948481,negative,0.16270904663364602
1244033028571254785,negative,0.07140697686366458
1244033028718026754,negative,0.13281332668700266
1244033029015769090,negative,0.0133605220467624
1244033029112246277,neutral,0.3742249685567657
1244033029233926145,negative,1.5143782794254366e-05
1244033029594648579,negative,0.0070932943817461885
1244033029691117568,negative,0.07712876527079193
1244033029841928192,negative,0.004580018488199122
1244033030252986368,negative,0.0021146262419722596
1244033030416564225,negative,0.01577092977700161
1244033030425116673,negative,0.018384348658198293
1244033030794117125,negative,0.01980070580644632
1244033030911602693,negative,0.0028149135673452615
1244033030986952704,negative,0.03438989721511532
1244033031008124929,neutral,0.5782466775548307
1244033031163297792,negative,0.003595127568795747
1244033031641411586,negative,0.09745740014894741
1244033031716974594,negative,1.0858897803376786e-06
1244033031737925634,negative,0.0007855230576259707
1244033031771435017,negative,0.29304338808796926
1244033031826034690,negative,0.009997850329476535
1244033032086073344,negative,0.14874724152575958
1244033032195117058,negative,0.061403708581642
1244033032291565569,negative,0.0085579624966022
1244033032534872064,positive,0.9290124673608249
1244033032685830151,negative,4.105411476139788e-06
1244033032933302272,negative,0.07054802305293421
1244033033088442368,negative,0.007366577374916273
1244033033398882305,negative,0.21766622461380722
1244033033457598466,negative,0.03137268014041387
1244033033512124416,negative,0.03634183005715504
1244033033566654465,negative,0.034301583021262044
1244033034086645761,negative,0.2981291563235637
1244033034220945409,neutral,0.34969279168073863
1244033034518769666,negative,0.0346049130933352
1244033034682339328,negative,0.21766622461380722
1244033034929799174,positive,0.7423028510888254
1244033034946523137,negative,0.00010467691731249328
1244033035273678853,negative,0.09304526789068805
1244033035487543297,positive,0.8365355209567844
1244033035625955328,negative,0.01809857907717686
1244033035768672257,neutral,0.389436597026561
1244033036230045696,negative,0.00015561313268525263
1244033036318060544,negative,2.0121637361162102e-07
1244033036385214468,negative,0.028770933077826747
1244033036515258371,negative,0.1308211572329768
1244033037148598272,negative,0.07385159381469492
1244033037211512834,negative,0.24068867409648653
1244033037689487360,negative,0.0005913478855086392
1244033037945442304,negative,0.1613484570339575
1244033038272659456,negative,0.0028149135673452615
1244033038339768321,negative,0.03481669237246434
1244033038528454656,negative,0.0022607540275047153
1244033039174418435,neutral,0.49789225920557484
1244033039618805761,negative,0.0635438219400616
1244033039778406400,negative,0.14874724152575958
1244033039807721472,negative,0.05082407348595446
1244033039849656323,negative,3.533686370328956e-06
1244033040306839552,negative,0.00018807107600864097
1244033040390729731,negative,0.017602023670657822
1244033040780689409,negative,2.758975562456202e-10
1244033040789262336,negative,7.85375262553082e-07
1244033040948625414,negative,0.011076433876945145
1244033041313513472,negative,4.0131774692456044e-05
1244033041389019136,negative,0.002767021981922865
1244033156442923009,neutral,0.44278283723900314
1244033156497448960,negative,7.262442543953066e-06
1244033156912746498,negative,0.021451602629445534
1244033157189570560,negative,3.239193487510551e-05
1244033157218938881,negative,0.0002709854559901601
1244033157680304132,negative,0.02701216231039787
1244033157961310213,negative,0.0004933731453114392
1244033158204489731,negative,0.06116018580540677
1244033158481416193,negative,0.26942968309050136
1244033158565310467,negative,2.180655695779039e-05
1244033159240409089,neutral,0.3626021945341157
1244033159311826944,neutral,0.4916712642910147
1244033159571951623,negative,4.5763870548959506e-06
1244033159752224771,negative,0.038661958569538406
1244033159768965126,positive,0.8767624715904464
1244033159831920643,negative,6.976236256988015e-05
1244033160192630784,positive,0.8767624715904464
1244033160205045760,neutral,0.43880513290007156
1244033160217858048,negative,0.021757608994972366
1244033160347824129,neutral,0.44839491004022974
1244033160377065472,neutral,0.39057175219378765
1244033160679174144,negative,1.7592685178002907e-05
1244033160700137472,positive,0.8767624715904464
1244033160754716675,negative,0.31732489718339985
1244033161182527488,negative,0.19837092793588382
1244033161245470724,negative,0.038661958569538406
1244033161367085067,negative,0.061403708581642
1244033161559932929,negative,0.2504382968503895
1244033161593528322,negative,0.15612344880945317
1244033161664872448,negative,0.0017981650016121226
1244033161937510400,negative,0.00046197037275694664
1244033161992044544,negative,2.4625419291539924e-06
1244033162424057857,negative,0.16100623490190386
1244033162642153477,negative,0.038661958569538406
1244033162809835521,positive,0.8767624715904464
1244033163271245828,negative,0.004267206393327312
1244033163283894273,negative,0.09799363768408349
1244033163447267328,negative,0.19327877515352895
1244033163464245254,neutral,0.5140335801237879
1244033163615260673,negative,0.005746951654272196
1244033163661381634,negative,0.11575636711767263
1244033164080812032,negative,0.03711441495904664
1244033164282036225,neutral,0.3473747991431658
1244033164781256704,positive,0.8808094069168896
1244033164999364609,negative,0.2143270958762381
1244033165209059330,neutral,0.37758735993681
1244033165544611842,negative,0.038661958569538406
1244033165859192832,positive,0.9542043903517397
1244033166597337088,negative,7.09794959802126e-11
1244033166844837888,negative,0.2486640047527842
1244033166895128582,negative,0.038661958569538406
1244033166958092289,negative,0.11668860155356399
1244033167092322304,negative,0.12180532294500747
1244033167293583369,negative,0.05080595096907198
1244033167423610881,positive,0.9397123098508795
1244033167671152640,negative,0.0009405835588412403
1244033167884980224,negative,0.03952560992530708
1244033168086269952,negative,0.0017981650016121226
1244033168375779328,neutral,0.5159436667231726
1244033168426008584,negative,0.038661958569538406
1244033168535101442,negative,0.000857109817773707
1244033168660930566,negative,0.00020134912305170446
1244033168728117248,negative,0.024048453228814725
1244033168736387073,negative,0.018679113247141395
1244033168816160770,negative,0.003560416708987815
1244033168891678721,neutral,0.41705800631360057
1244033168900009989,positive,0.8767624715904464
1244033168904200192,negative,0.1424829771831002
1244033169013301253,negative,0.14666907117432557
1244033169126555650,negative,4.0588885071028546e-07
1244033169445326858,negative,0.10595257768544422
1244033169835331585,negative,0.038661958569538406
1244033169868849154,negative,0.001555231515066633
1244033169868931075,negative,1.8242777695381061e-07
1244033170082861057,neutral,0.36280865461310935
1244033170250612736,negative,1.765809746919025e-05
1244033170267308033,negative,0.00036031420819253855
1244033171072696320,neutral,0.4480723702474313
1244033171127140353,negative,2.3118046787945295e-05
1244033171194351617,negative,0.026260983488535217
1244033171219533831,negative,0.038661958569538406
1244033171609595905,negative,2.401776877773876e-07
1244033171651547144,negative,0.001126955583685039
1244033171768868870,negative,0.001626569511274273
1244033171773104130,negative,0.003631429095454684
1244033171789881346,negative,0.034301583021262044
1244033172159021057,negative,0.0218301820551049
1244033172247019520,neutral,0.46511884455441777
1244033172557438977,negative,0.06116018580540677
1244033172653903873,negative,0.038661958569538406
1244033172725288962,negative,0.12884182390545498
1244033172901421064,negative,9.935408382741236e-05
1244033173031391235,negative,0.04506181523363736
1244033173048131591,negative,0.00508124051620028
1244033173056622592,negative,0.0009461095119313201
1244033173115351041,negative,0.0024023706488080923
1244033173287104512,negative,0.006297777053897637
1244033173287247874,negative,8.852279933577636e-08
1244033173387988993,negative,0.07024840022396711
1244033173455089667,positive,0.8973340875324091
1244033173807337478,negative,0.011662722770360057
1244033174272868352,positive,0.7656106512283299
1244033174277103622,negative,7.806021646555221e-05
1244033174449029122,negative,0.001499169100092014
1244033174692417538,neutral,0.36429720976738034
1244033174818127872,negative,0.04291093982241207
1244033175455760385,positive,0.8767624715904464
1244033175531204613,positive,0.8301492504594807
1244033175623516160,negative,0.00876180901061303
1244033175711633411,neutral,0.37758735993681
1244033175828955137,negative,0.00011898135066998019
1244033176705683461,negative,0.00046197037275694664
1244033176751583232,negative,0.26942968309050136
1244033178077102082,negative,0.039987253659745106
1244033178152681479,negative,0.015026293865349136
1244033178152697859,negative,0.07024840022396711
1244033178710552579,negative,0.05838953449698414
1244033179436158976,negative,0.08242883900376383
1244033179520032769,negative,0.2509766029847353
1244033179691954176,negative,0.20308379936614449
1244033179834634240,positive,0.9838961908080757
1244033179876347905,negative,0.0009461095119313201
1244033179893280770,negative,0.21766622461380722
1244033180153323523,negative,1.4986811706607738e-05
1244033180186873859,negative,9.078185718582633e-07
1244033180316741632,negative,0.043324968248563855
1244033180430209024,negative,0.26049666908013563
1244033180442787841,negative,2.8330537266168777e-06
1244033180518227972,negative,0.03819681487786787
1244033180597919744,negative,0.026732491239151095
1244033180635729927,negative,0.00011332450112108693
1244033180971270144,negative,0.06776116982817487
1244033295458930694,negative,0.006048278293982361
1244033295702200322,negative,0.004182494621889937
1244033295794548736,negative,0.004662026290082788
1244033295924559872,negative,0.00184133656803176
1244033296037707776,negative,0.1292757991015304
1244033296146759690,negative,0.006891679323850784
1244033296419487749,negative,0.003631429095454684
1244033296738091009,neutral,0.3403391890910929
1244033296985665543,negative,0.007092740778771518
1244033297153503232,negative,6.638304240931146e-05
1244033297275117570,negative,9.793186290595011e-09
1244033297514213380,negative,0.00043479158297754717
1244033297770065920,negative,0.0006061921080529063
1244033297820213248,negative,0.10892661818704782
1244033297895825410,positive,0.7187613334564644
1244033298092953607,negative,0.0002067592123242394
1244033298352852993,neutral,0.3918649536158695
1244033298520834048,positive,0.8767624715904464
1244033299217027072,negative,1.6320416021050282e-06
1244033299971964928,negative,0.18035883756820328
1244033300303417345,negative,0.0001570762370165333
1244033300357922817,negative,0.009165062855242071
1244033300395671557,negative,0.26942968309050136
1244033300475326470,neutral,0.4409721775955611
1244033300622172160,negative,0.21766622461380722
1244033300961861634,negative,0.03614382515894027
1244033301070962690,negative,0.022988372599091967
1244033301460836355,positive,0.7767134653645851
1244033301679136768,positive,0.7898565583048688
1244033301855318016,negative,0.00712918871752999
1244033301913927682,negative,0.07738059547332773
1244033302123536386,negative,0.0009405835588412403
1244033302169862144,negative,0.13488157689840014
1244033302476075008,negative,2.4001500300278804e-07
1244033303168126978,positive,0.8119499131452583
1244033303239438340,neutral,0.3599607905714538
1244033303285383169,positive,0.6663175651483565
1244033303658848256,negative,0.011380457158868939
1244033304451481600,negative,0.29212468790112484
1244033304569004044,negative,0.2701690882149747
1244033304577355776,negative,0.009622148207020375
1244033304619294720,negative,0.000990725549960008
1244033304803844102,negative,0.003560416708987815
1244033305042919425,negative,0.16501261938486592
1244033305256787970,negative,6.416580814399413e-06
1244033305575653379,negative,0.03914535013560267
1244033305604915200,negative,0.019654452998098437
1244033305701486594,negative,0.00689751047622837
1244033305835704320,negative,0.053050158286356376
1244033307198853131,positive,0.9977722237971478
1244033307840577536,negative,0.2287731049494942
1244033308343885826,negative,0.009676562717855624
1244033308750725120,negative,1.5845908776441588e-08
1244033309182693380,negative,0.08641516893394857
1244033309430222848,negative,6.416580814399413e-06
1244033309455331329,negative,0.08069223272341064
1244033309526708224,neutral,0.5811955299832566
1244033309635682304,positive,0.8767624715904464
1244033309702852609,negative,0.00013701954270003565
1244033310852026371,neutral,0.46127768308170247
1244033311439310857,negative,0.08940342086740574
1244033311502151680,positive,0.7898565583048688
1244033311619665923,negative,0.0007035035899756882
1244033312240345092,negative,0.001150298742128554
1244033312580145155,neutral,0.505992156293523
1244033312873742337,negative,0.014834406942160556
1244033313091784706,negative,0.0006350676258508504
1244033313360273408,neutral,0.5505550505941735
1244033313767067648,negative,4.5669602473727816e-07
1244033313779511297,positive,0.8889118481293443
1244033314010398722,negative,0.02265780396262849
1244033314077511682,negative,4.4180256608162326e-07
1244033314563985409,negative,0.0007035035899756882
1244033314777976834,negative,0.0008856762057295951
1244033314794717185,negative,0.11668860155356399
1244033314991808521,negative,0.0001871918165017508
1244033315327401989,negative,0.002027890450969272
1244033315419631617,neutral,0.5159695035311412
1244033315700641793,negative,0.20870634235513738
1244033315700649991,negative,0.004925486541199724
1244033316673785858,negative,0.0575450218026726
1244033316912861188,negative,3.4433330928143665e-08
1244033317349003265,negative,1.9386994124879305e-06
1244033317420310532,negative,3.2072831083129704e-05
1244033317474877447,neutral,0.437369725752128
1244033317806182402,negative,9.092948771997856e-05
1244033318213029889,negative,0.011646037631545815
1244033318355701763,negative,0.12392485111493606
1244033431518031877,negative,0.30246502162681876
1244033431677341697,negative,0.15596395304461763
1244033431744495616,positive,0.8767624715904464
1244033431815806976,positive,0.915855727726811
1244033432109199360,negative,0.15043491150020702
1244033433011175426,negative,0.0002042991000157016
1244033433157992450,neutral,0.44243642609814443
1244033433166372869,negative,9.078185718582633e-07
1244033433208307713,negative,0.004874843300607629
1244033433237704705,negative,0.0009405835588412403
1244033433380237312,negative,4.256457381945795e-07
1244033433510313985,negative,0.0057568480519881796
1244033433610878976,negative,0.08783194342588421
1244033433757761548,negative,0.02293866564253296
1244033433875218436,negative,0.0010147365375617777
1244033434332336134,negative,2.516616838908564e-06
1244033434344972289,negative,9.078185718582633e-07
1244033434525319169,negative,0.0008327021104375388
1244033434772799488,negative,0.002633949899295384
1244033434940473351,positive,0.8808094069168896
1244033434948964352,negative,0.09960893016532833
1244033435049615366,negative,0.005766072926479877
1244033435238379520,negative,0.0218301820551049
1244033435280109568,positive,0.735225201271117
1244033435343216648,neutral,0.396352349529719
1244033435397689345,negative,0.02701216231039787
1244033435397750785,negative,0.004657883012791949
1244033435636768768,negative,0.010200680766187551
1244033435666206727,negative,0.0005421837687864796
1244033435766751232,negative,0.07024840022396711
1244033436169494532,negative,0.2553224857258953
1244033436203061250,negative,0.01794513091880118
1244033436387549186,neutral,0.3353500257179539
1244033436567900161,positive,0.7613349500159103
1244033436815417348,negative,0.0008452481505547316
1244033436819603456,positive,0.9718866885856555
1244033436848881667,negative,0.0057568480519881796
1244033437071298562,negative,0.0001439213376736049
1244033437075415040,negative,2.076194331554578e-07
1244033437360689153,negative,3.798713398010513e-14
1244033437805223936,neutral,0.3300042141954107
1244033437851418624,negative,0.004149099536362812
1244033437905944576,negative,0.0002460748647274238
1244033438010740736,negative,0.0021949326591746776
1244033438254010370,negative,0.003631429095454684
1244033438417641478,negative,3.3324619975876614e-11
1244033438556045312,negative,9.89766848584011e-10
1244033438606397442,negative,2.5904940402055702e-06
1244033438841212935,negative,0.001601208395808702
1244033439269076999,negative,0.003631429095454684
1244033439441072136,negative,0.13656577447939605
1244033439483002881,negative,0.20308379936614449
1244033439667494913,negative,0.0057568480519881796
1244033439843725312,neutral,0.4659911923858833
1244033440107937793,negative,0.0012579430194715872
1244033440107945985,neutral,0.36393325111978875
1244033440443482112,negative,2.228688590440472e-06
1244033440875495424,negative,8.917158746117921e-23
1244033441039110148,negative,0.007092740778771518
1244033441181716480,negative,0.007305084076499874
1244033441366183936,negative,0.17910647064626853
1244033441550733312,negative,0.16061727605996895
1244033441647263745,negative,3.8205842388416066e-05
1244033441886121984,negative,0.05080595096907198
1244033441928302597,negative,0.010924756932232885
1244033441974366209,negative,0.0001567167413635737
1244033442062491649,negative,6.30420806087795e-05
1244033442242756617,negative,0.08286097851417697
1244033442460901376,positive,0.7872007237604978
1244033442838437888,positive,0.7101988769134242
1244033442926428160,negative,4.011444863103895e-06
1244033442968469505,neutral,0.4201289886220056
1244033443333386241,negative,0.09916847964235259
1244033443455029248,negative,0.028786205109426116
1244033443593363458,negative,0.004527329282623551
1244033443702415360,negative,0.06232720263305979
1244033444050599937,negative,0.0007789031497571483
1244033444260134912,negative,0.0001961893523289575
1244033444281225216,negative,0.011849100403216455
1244033444532944897,negative,0.034301583021262044
1244033444721709056,negative,0.00020305971044539935
1244033444776214535,negative,0.001671506200562899
1244033444927201280,negative,0.0015559123446066893
1244033444931350528,positive,0.8105776595545836
1244033445472268288,negative,4.6087693636800505e-05
1244033445933846528,negative,0.033584046300484074
1244033446198087686,negative,1.8242777695381061e-07
1244033446336516099,negative,0.006891679323850784
1244033446621712385,negative,0.00011605919896467551
1244033446844010497,negative,0.08176008047030568
1244033447229829121,negative,0.00039039292209761835
1244033447313752068,negative,0.19563805038124138
1244033448177807361,negative,0.0033281902226884657
1244033448299442177,negative,0.017816098679421473
1244033448467193862,negative,1.1937842028394248e-05
1244033448744030208,negative,0.3006188817988531
1244033449259909126,negative,0.00662413855396368
1244033449507409921,negative,0.006044578013271609
1244033449683496965,negative,0.21766622461380722
1244033449805086722,negative,0.00019346049725560497
1244033449855418370,negative,7.694616159515463e-05
1244033449889017860,negative,0.0003167132674368216
1244033449897402370,negative,0.28945990532131877
1244033450199441409,negative,0.002797059867011649
1244033450379751424,negative,0.000677733382335729
1244033450887319553,negative,0.00046197037275694664
1244033451092828166,negative,0.019507797981640623
1244033451151556608,negative,0.034301583021262044
1244033451201871873,negative,0.00020949297219303995
1244033451990437888,negative,0.0017981650016121226
1244033452141416455,negative,0.05074830401198708
1244033452346945536,neutral,0.43127718906904855
1244033452485287938,negative,0.0008053111559689443
1244033452502126592,negative,0.008650964572332739
1244033452720209921,negative,0.07024840022396711
1244033452720230400,negative,0.1033583612816966
1244033452753772545,negative,0.0007855230576259707
1244033452879429632,negative,0.1786972182123343
1244033453378633730,negative,0.00046197037275694664
1244033453420679169,negative,0.005791264870339887
1244033453705830401,positive,0.9914485276330509
1244033454259539968,negative,0.07024840022396711
1244033454309851139,negative,5.268513874899797e-07
1244033454850932736,negative,0.0007165252805427558
1244033454943145985,negative,0.07579706910682077
1244033455043772417,neutral,0.4981869857366753
1244033567077826560,negative,0.00014599426099336772
1244033567132397569,negative,0.028786205109426116
1244033567233126400,negative,0.0007165252805427558
1244033567509942274,positive,0.9990504716285471
1244033567602233344,positive,0.9830477244009758
1244033567639953410,neutral,0.35037246870997213
1244033567702876160,negative,0.2813522796506713
1244033567908401152,positive,0.8944500763442006
1244033567996424197,negative,0.14847906855404688
1244033568151650305,negative,6.847202787361058e-05
1244033568151666688,negative,1.6012676266505259e-06
1244033568164188160,negative,0.0008121537159395667
1244033568352985088,negative,0.0006381757380093362
1244033568457797632,negative,0.07024840022396711
1244033568596262912,neutral,0.5505550505941735
1244033569195995137,negative,0.1456651680761015
1244033569430872065,neutral,0.48038420429752
1244033569623805958,negative,1.8242777695381061e-07
1244033569657368576,negative,0.11370155692546786
1244033569716088832,negative,0.07738059547332773
1244033569753837568,positive,0.9917572482585268
1244033569951027206,neutral,0.39875890406243797
1244033570118696961,negative,9.38393272362099e-06
1244033570429177857,negative,0.016954904268219457
1244033570567569409,negative,0.23538421490040476
1244033570642984960,negative,0.013976631042032006
1244033570999603203,negative,0.014980426042735957
1244033571095867392,negative,0.003631429095454684
1244033571599376390,negative,0.037883344088846624
1244033571867832326,negative,0.20374480277181892
1244033572165554178,negative,0.0007023575442343836
1244033572232736768,negative,4.767085873123572e-06
1244033572379545600,negative,0.2539633770119834
1244033572543045633,neutral,0.3387659427432253
1244033572647952384,negative,0.291680631766183
1244033573226778624,neutral,0.5116476128776184
1244033573251932162,positive,0.9199029107787792
1244033573277110273,positive,0.7245720051794796
1244033573323235328,negative,3.880068076278992e-06
1244033573495214080,negative,0.07712876527079193
1244033573809774592,negative,0.006799702412032531
1244033573897801728,neutral,0.5316624617817726
1244033574203994112,negative,0.27531331294234135
1244033574384340994,negative,8.223162564664025e-06
1244033574745104386,negative,0.016248047811573473
1244033574766088192,negative,0.14182171300249224
1244033574803836929,negative,0.003631429095454684
1244033574816407552,negative,0.06905867715491568
1244033574862376960,negative,0.08783194342588421
1244033575353298945,negative,0.07738059547332773
1244033576032702464,negative,0.2001457779132655
1244033576095580160,negative,0.021099918679178025
1244033576171114497,negative,0.06116018580540677
1244033576217313280,negative,0.19296210816049064
1244033576343044096,negative,0.0014624269952852591
1244033576980668417,negative,0.006637591714827513
1244033576984809479,negative,0.001709461247664341
1244033577257512960,negative,0.0003419807474714838
1244033577307631616,positive,0.9097010925863506
1244033578343829512,negative,0.00014359568616599102
1244033578691854336,negative,0.06965852576747364
1244033578704478209,negative,0.07024840022396711
1244033579107172353,neutral,0.5811955299832566
1244033579149033477,negative,0.0040961443360203595
1244033579149074434,neutral,0.36440385825114957
1244033579350360065,negative,0.014803474008022805
1244033579539222528,negative,0.1247572279175778
1244033579698487296,negative,0.00011687378572176339
1244033579757248512,negative,0.006616188785462024
1244033579803389952,negative,0.23191472071940364
1244033580252217348,negative,0.0001570762370165333
1244033580524810240,negative,0.07234316791658715
1244033580755496960,negative,0.00046197037275694664
1244033580814254080,negative,0.19269869232316536
1244033580839428098,negative,0.0011185212314119104
1244033580898103299,neutral,0.6526652635362635
1244033581082705920,negative,0.001601208395808702
1244033581116252165,negative,9.417999999280539e-10
1244033581602799617,negative,0.21921412548362115
1244033582202585090,negative,0.07600261249047938
1244033582298996737,negative,0.10708284381536276
1244033582538113024,neutral,0.5814646228988107
1244033582785576960,negative,1.8242777695381061e-07
1244033582873673728,negative,0.0034307333391984563
1244033582999515137,negative,0.0010750966907420957
1244033583041392641,negative,5.820825578100845e-10
1244033583238598656,negative,0.004647152629173681
1244033583775461376,negative,0.01767102748294925
1244033583938928641,negative,6.672619677860401e-06
1244033583972601857,negative,0.006044578013271609
1244033584874348551,negative,6.357525386428989e-06
1244033584933019653,negative,0.0057568480519881796
1244033584975024129,neutral,0.5814646228988107
1244033584991809537,negative,0.0012101976287111071
1244033585063038976,negative,0.23174910855159983
1244033585323048960,negative,0.0010064934867470305
1244033585499312128,neutral,0.4486520979118294
1244033585599971328,negative,0.011186603691380036
1244033585801199617,negative,0.08638643180922853
1244033585809670145,negative,0.014375090342819277
1244033585860022272,negative,0.16061727605996895
1244033586145234946,negative,0.00044216275026109534
1244033586166202368,negative,6.672619677860401e-06
1244033586384326658,negative,0.07201808274067398
1244033586606624768,negative,1.6719519095053524e-08
1244033586753343490,negative,0.012059524914774623
1244033586774380546,positive,0.9633618146570545
1244033586908594176,negative,0.021448481764660902
1244033587088773120,negative,0.08469373038471853
1244033587516710913,negative,0.005260775403274126
1244033587571240961,negative,0.0001740357534866108
1244033587676151809,negative,0.006637363255833475
1244033587973885956,neutral,0.6266243876700941
1244033588032679943,negative,0.06776116982817487
1244033588334669826,negative,0.0009405835588412403
1244033588628205575,positive,0.8767624715904464
1244033588871540736,neutral,0.4670100671583925
1244033588942778368,negative,0.0057568480519881796
1244033589035053057,positive,0.7543732754712124
1244033589135716353,negative,0.0057568480519881796
1244033704072282112,negative,0.005186732020307045
1244033704521093127,negative,0.0001570762370165333
1244033704529256448,negative,0.26942968309050136
1244033704604979200,negative,0.11151435065354616
1244033704755937282,negative,0.0006963837167782825
1244033705020178432,negative,0.0002646688761998414
1244033705078857728,negative,0.10807559800951891
1244033705255088128,neutral,0.5266607897375037
1244033705456422912,negative,0.0027173168347509893
1244033706085449728,negative,1.8242777695381061e-07
1244033706358198273,negative,0.19938635372634175
1244033706488201219,neutral,0.3583780708484027
1244033706500804610,negative,0.019174333981053438
1244033706622361611,negative,0.06116018580540677
1244033706639142912,neutral,0.48728019602140255
1244033706815295488,positive,0.7898565583048688
1244033706999848961,negative,0.014174163156158048
1244033707498975233,negative,0.0009405835588412403
1244033707880730625,negative,3.343051272137522e-13
1244033707935248386,negative,0.01767102748294925
1244033708342067200,negative,0.06634447346325013
1244033708539162624,negative,0.00409119137289087
1244033708631482374,negative,0.0511302540897556
1244033708719513603,negative,0.003631429095454684
1244033709147410440,negative,0.05074830401198708
1244033709176741889,negative,0.07673101730153209
1244033709327687681,negative,0.004448838869062616
1244033709810110464,negative,0.25968008824051053
1244033710195740672,negative,0.0014359289268992168
1244033710510440448,negative,0.14417324392048164
1244033710728581120,negative,0.0018221174185453642
1244033710757941253,negative,0.0012887048969940364
1244033710791557120,negative,0.000269812380609799
1244033710963523584,negative,0.014513029960521917
1244033711034830848,negative,0.0003618087883461898
1244033711127085057,neutral,0.3996580091506196
1244033711315828737,negative,0.03614382515894027
1244033711676547072,negative,0.01148555994747389
1244033712582426627,negative,0.21971943629634164
1244033712632803329,negative,9.433023538430254e-05
1244033712653819905,positive,0.9999827062420629
1244033712972541953,negative,0.0006272624411091805
1244033712993566727,negative,0.0027002344440646563
1244033713035304961,negative,0.09362305426141486
1244033713274589184,negative,0.00014906072463964656
1244033713299734530,negative,0.00028393153256845273
1244033713320660999,negative,0.0030000867467045093
1244033713501081606,negative,0.03187680158878629
1244033714964873216,neutral,0.36280865461310935
1244033715245920260,negative,0.006891679323850784
1244033715493273600,negative,0.0003618087883461898
1244033715535327237,neutral,0.3364082756260011
1244033715623399426,negative,0.18865361099026448
1244033715950379008,negative,7.380113993557666e-09
1244033716407750657,negative,0.005186732020307045
1244033716596420608,negative,0.01770811773360727
1244033716952936448,neutral,0.3563369063745484
1244033717070422016,negative,0.006891679323850784
1244033717087199232,negative,0.017838241510065193
1244033717095542785,positive,0.7469405270194408
1244033717565370368,negative,0.037822322158600125
1244033717816999941,positive,0.7898565583048688
1244033718056030211,negative,0.07712876527079193
1244033718202892288,negative,0.07050619852166676
1244033718362214407,negative,0.00020949297219303995
1244033718546845696,negative,0.0011107012019297693
1244033718626455552,negative,0.001600049610425979
1244033718748090368,negative,0.0057568480519881796
1244033719003942912,negative,0.00013545617479174046
1244033719226241025,negative,6.836116714529515e-06
1244033719616356353,negative,0.16107656123327896
1244033719796666369,negative,9.449115230936799e-05
1244033719842865159,negative,1.5082569313829762e-08
1244033720044130312,negative,0.0005753250801810464
1244033720199319554,negative,6.311596802319672e-05
1244033720333545474,negative,0.006891679323850784
1244033720333611010,neutral,0.33333440016826693
1244033720505569280,negative,0.05735691840036623
1244033720568463362,negative,0.045686335160952024
1244033720698404864,negative,0.006565822955124885
1244033720845205505,negative,0.006511037412379351
1244033720992051200,negative,0.016248047811573473
1244033721080197121,negative,2.094967887000714e-09
1244033721310863360,neutral,0.3499352441185855
1244033721394778114,positive,0.8889118481293443
1244033721470275584,negative,0.0037715936037971756
1244033721474441216,negative,0.0007035035899756882
1244033721486979075,negative,0.009443894981431271
1244033721608650752,negative,0.21766622461380722
1244033721893883906,negative,0.10299902969743048
1244033722674040833,negative,0.16213588613833615
1244033722711752704,negative,0.0014707251861243128
1244033722766315523,positive,0.9715284658906823
1244033722795593734,negative,0.005186732020307045
1244033722917281794,negative,0.011092485272706887
1244033722959233024,negative,0.003652894167772896
1244033723403821061,neutral,0.396352349529719
1244033723428937739,neutral,0.5814646228988107
1244033723978272769,neutral,0.5325405805525993
1244033724360077318,negative,0.010620533271707427
1244033724506873858,negative,0.00409119137289087
1244033724737609729,neutral,0.6357510908703915
1244033724884410368,negative,0.15484818861258817
1244033725228298240,negative,0.01404329876692896
1244033725396144133,negative,0.16515083945223386
1244033725517705218,negative,0.06566276773508715
1244033725538672640,negative,0.0030898903799211406
1244033725882675202,positive,0.8767624715904464
1244033726033657857,neutral,0.39570077291060207
1244033726687973378,negative,0.07098215912165586
1244033726713077762,negative,3.880068076278992e-06
1244033726717276161,negative,0.0057568480519881796
1244033726918660098,negative,0.16061727605996895
1244033840638840833,negative,0.0057568480519881796
1244033840999542791,positive,0.8484780667882525
1244033841477681171,neutral,0.4622885336870362
1244033841741742080,negative,0.00010467691731249328
1244033841821618178,negative,1.6762900357641617e-09
1244033841821618179,neutral,0.4757917870980924
1244033841880354819,negative,2.0923666988794673e-05
1244033842014564352,negative,0.01148555994747389
1244033842412953603,negative,0.00046197037275694664
1244033842429689857,neutral,0.4506794917885837
1244033842522005507,negative,0.05253158997959459
1244033842534420480,negative,0.17900300883058232
1244033842626924550,negative,0.07600261249047938
1244033843658702850,negative,0.0010928191823583243
1244033843692277761,negative,0.0022644727982349135
1244033844019421187,negative,0.18131432954164758
1244033844430454785,positive,0.7469405270194408
1244033844598243329,negative,0.0218301820551049
1244033844619116544,negative,0.009209429554740382
1244033844803706882,negative,0.012652817569050732
1244033845059637254,negative,0.01524109294000416
1244033845177049088,negative,0.034301583021262044
1244033845479047168,negative,0.005655569476600493
1244033845697150978,neutral,0.5140335801237879
1244033846376648704,negative,0.0004921989644747256
1244033846552801287,negative,0.19320214363939237
1244033846607089664,negative,4.113675717481489e-06
1244033846733045768,negative,0.0001439213376736049
1244033846754115592,negative,0.003631429095454684
1244033846879928321,negative,0.02816455031969772
1244033847148212224,positive,0.7423028510888254
1244033847282499584,negative,0.03048371468672793
1244033847907491846,neutral,0.5988153342204238
1244033848062730240,negative,0.013649751932652492
1244033848121360385,negative,0.08278592923710822
1244033848280780808,negative,0.06833564577081014
1244033848675090436,negative,0.0009405835588412403
1244033848725422082,neutral,0.5169191973525927
1244033849174220800,negative,0.002303713949982139
1244033849182560256,negative,0.02755303312246126
1244033849392275463,negative,0.02427325169845482
1244033849610383360,negative,0.07024840022396711
1244033849618817038,positive,0.7705227389741759
1244033849841127424,negative,0.052256046489331125
1244033849979527171,negative,0.04340714191423039
1244033850168102919,negative,0.009209429554740382
1244033850457698312,negative,0.017537288910938375
1244033850575130624,negative,0.01003170366079452
1244033850818228224,negative,0.03361330768510862
1244033851204255744,negative,0.017498182105073038
1244033851229421568,negative,0.006044578013271609
1244033851426590720,negative,3.126330058890688e-09
1244033851464339456,negative,0.0057568480519881796
1244033851581702144,negative,0.2649760862893181
1244033851896270854,negative,0.031988382013257065
1244033851913093125,negative,0.0026981932380042307
1244033852160565248,negative,0.0010691457997703525
1244033852219236353,negative,0.014501467643020242
1244033852441591810,positive,0.8767624715904464
1244033852483526661,negative,0.00042642724588313986
1244033852491825152,negative,0.042239863295045615
1244033852491862016,negative,1.024985042120896e-06
1244033852533805056,negative,0.10307432340427858
1244033852621885452,negative,0.20870634235513738
1244033852714205185,negative,0.18663916478438156
1244033852915552256,negative,0.0014359289268992168
1244033852974252034,negative,0.0057568480519881796
1244033853032972288,negative,4.0965782043750984e-07
1244033853276278784,negative,3.9772641084120805e-05
1244033853506727942,negative,0.2504382968503895
1244033853532012551,negative,0.0027002344440646563
1244033853704077326,negative,0.014345411785701081
1244033854010163200,negative,0.013807175288020905
1244033854362411008,negative,0.00017916272213454527
1244033854471577600,negative,0.0057568480519881796
1244033854735818753,negative,0.009445814035591816
1244033854790414336,negative,0.001709461247664341
1244033854811316226,negative,1.3642627616966885e-05
1244033855004147712,negative,0.16155225706451526
1244033855012700163,negative,0.006227517022281741
1244033855251595265,negative,0.0057568480519881796
1244033855666958337,neutral,0.5811955299832566
1244033855687974913,negative,0.0026938681957631655
1244033855847161856,negative,0.1949538333024203
1244033855985602561,negative,0.020866347113043006
1244033856468115459,negative,0.0032118377574218908
1244033856874872835,negative,5.073474765627474e-06
1244033857143406593,negative,0.22432552992115412
1244033857344753668,negative,0.0012039928300389931
1244033858187788288,negative,0.0050323014755891075
1244033858250706944,negative,0.005186732020307045
1244033858804371458,negative,9.14343820185121e-18
1244033859332771840,negative,0.0031698023375010915
1244033859743813638,negative,0.1333972349128142
1244033859819274242,negative,0.026560191106843965
1244033860045864960,negative,0.0057568480519881796
1244033860817608704,negative,0.0012635899871934794
1244033861039919105,neutral,0.5854881960296944
1244033861551611909,negative,1.1174837525043369e-05
1244033862268858372,negative,0.0008194689451906385
1244033862491164679,negative,0.06254477186045729
1244033862654705665,neutral,0.5811955299832566
1244033862994464768,neutral,0.4537541227075798
1244033973518585860,negative,0.0026981932380042307
1244033973753450498,positive,0.7512393178967296
1244033974256705537,negative,0.003420748290453786
1244033974302846979,negative,0.06776116982817487
1244033974533599233,positive,0.9879921651057243
1244033974571339776,negative,0.23191472071940364
1244033974663614464,negative,0.0007035035899756882
1244033974898266112,negative,0.022012173291736267
1244033974961397766,negative,0.2864145558920463
1244033974978183172,negative,0.0018653537758391782
1244033975804452865,negative,0.21546190103161894
1244033975959552001,negative,9.877327171689575e-05
1244033976290983938,negative,0.10369638213399007
1244033976492109824,negative,0.061614960531577
1244033976521629698,negative,0.09596582313337056
1244033976915935243,negative,0.1500653822094546
1244033976991440896,negative,1.531016139327541e-05
1244033977180196865,negative,0.22966560158793248
1244033977331126273,negative,0.006891679323850784
1244033977507352579,negative,0.00020949297219303995
1244033977545080839,negative,5.487143954508883e-06
1244033977888931843,negative,0.034301583021262044
1244033978014863360,negative,0.10499299692036099
1244033978396483585,neutral,0.4670100671583925
1244033978434232322,negative,0.00011116273825680693
1244033978459357189,negative,0.005186732020307045
1244033978488807424,negative,0.014955990069121012
1244033978497187841,negative,0.0003787156226487066
1244033978623016961,negative,0.31030036529807636
1244033978748846080,negative,0.00898831791968692
1244033978937626626,negative,0.037445304915691646
1244033979323482117,negative,8.528057756507744e-05
1244033979839365122,negative,0.0003676496949212843
1244033979923169288,neutral,0.5374010767460802
1244033980032258054,negative,0.0005753250801810464
1244033980401418241,negative,0.0050323014755891075
1244033980820791296,negative,0.03803413900176109
1244033981357731843,positive,0.6788540835011375
1244033981479366656,positive,0.8355041267231138
1244033981537976322,positive,0.9672161793305358
1244033981613395968,neutral,0.6233593825138132
1244033981819113473,negative,0.008585649219609142
1244033981898768386,negative,0.0021650805977782355
1244033982024605698,neutral,0.5140335801237879
1244033982204981250,negative,0.2253832403887022
1244033982230118401,negative,0.0026938681957631655
1244033982314033152,negative,0.0021949326591746776
1244033982376927232,neutral,0.4440114489913187
1244033982498590721,neutral,0.4486520979118294
1244033982511095808,positive,0.7656106512283299
1244033982523678722,negative,0.019777013565301496
1244033982611759104,negative,1.4848533100947449e-05
1244033982695706624,negative,0.0142911416987574
1244033982943150082,negative,0.00753770571341184
1244033983291314178,negative,0.0061283842479459205
1244033983811178496,negative,9.619274344142851e-06
1244033984331464705,negative,0.0033062435609981524
1244033984448905218,negative,6.416580814399413e-06
1244033984847323137,negative,2.639536410905444e-06
1244033984922877954,negative,0.0005643801721761884
1244033985078050817,negative,0.120305580606856
1244033985182916610,negative,0.02835743489424238
1244033985635852288,positive,0.9645933160714336
1244033985665282048,negative,0.00046197037275694664
1244033985921134595,positive,0.7469405270194408
1244033986059546631,positive,0.7898565583048688
1244033986239873024,negative,0.016713895842492135
1244033986860650496,negative,0.0007035035899756882
1244033986889908224,negative,0.13334252657892276
1244033987074555906,negative,0.028997977326246458
1244033987141668865,negative,1.9489411080522486e-05
1244033987238117376,positive,0.9996491547796177
1244033987405852675,negative,0.0017797683343859251
1244033987414241280,negative,0.005186732020307045
1244033987850448897,negative,0.018966196418778163
1244033987888263173,negative,0.01661719295006789
1244033988030840832,negative,0.015160152962238334
1244033988332859393,negative,1.6719519095053524e-08
1244033988731289600,negative,4.0588885071028546e-07
1244033988773249025,negative,0.0002163606414409176
1244033988857081863,negative,1.4621857425639218e-05
1244033989356261377,positive,0.7898565583048688
1244033989381369859,negative,0.0016742114041767835
1244033989410775041,negative,0.14991518857674693
1244033989494673413,negative,4.955790632005515e-05
1244033989599547393,negative,0.037822322158600125
1244033989742075905,negative,0.00818010084978459
1244033989935071238,negative,0.0860675980654879
1244033990169899008,negative,6.416580814399413e-06
1244033990295728129,negative,0.09803941165714176
1244033990312501255,negative,0.005186732020307045
1244033990715158528,negative,0.009774936498841038
1244033990727626752,negative,5.409602124257473e-06
1244033990815879170,negative,0.030980787353279735
1244033990996250625,positive,0.9999267621283771
1244033991268761600,neutral,0.5814646228988107
1244033991503732737,negative,0.0032965504662607037
1244033991675490306,negative,5.253456517933587e-05
1244033991864442887,positive,0.8808094069168896
1244033992082554881,neutral,0.386255265106471
1244033992250310659,negative,0.05383087789512086
1244033992866889733,negative,0.0057568480519881796
1244033992917159938,negative,0.1786972182123343
1244033993059651584,negative,0.005186732020307045
1244033993525407746,neutral,0.3526434678804405
1244033994066407427,negative,0.31732489718339985
1244033994209071107,negative,0.0006431672898817174
1244033994360053764,negative,0.01577092977700161
1244033994565582848,negative,0.15725650457246618
1244033994661990401,negative,0.001994431599586379
1244033994724909057,negative,6.553041641769094e-10
1244033994766921738,negative,0.3016148513208588
1244033995001774081,negative,0.0053746325225997385
1244033996507492355,negative,0.0057568480519881796
1244033996666949636,negative,0.0573919788451118
1244033997090574347,negative,0.00015257290079889388
1244033997094694913,positive,0.9977213491746035
1244033997312798728,negative,0.16270904663364602
1244033997350543361,negative,0.010597021059423312
1244033997363195905,negative,0.19272269145044194
1244034111561498627,negative,0.06116018580540677
1244034111636897793,negative,1.0831894168086737e-07
1244034111649480709,negative,1.109447383414422e-07
1244034112056258560,negative,4.131375128921666e-05
1244034112081375232,negative,9.877327171689575e-05
1244034112098316293,negative,0.07234316791658715
1244034112131866625,negative,0.02128862570363642
1244034112169656322,negative,0.0014707251861243128
1244034112232488960,negative,2.180655695779039e-05
1244034112345735169,negative,0.00011277044638532973
1244034112467410950,positive,0.8767624715904464
1244034112618455041,negative,0.16352019608485005
1244034112953790465,negative,0.014955990069121012
1244034113075589123,neutral,0.48492339353763403
1244034113360797702,negative,0.015635171855398103
1244034113507602433,positive,0.7966898853718059
1244034113507667968,negative,0.0004356431329860286
1244034113591480322,negative,0.0028208237437340107
1244034113750908930,negative,8.52614739401794e-06
1244034113776095232,negative,0.151631961768421
1244034113918636040,negative,0.13526837424072044
1244034113985605632,negative,1.3593762842400998e-06
1244034114266836995,negative,0.07024840022396711
1244034114585591812,negative,0.005260775403274126
1244034114799505418,neutral,0.6166737077354403
1244034114816290817,neutral,0.41376677277902923
1244034114900148230,positive,0.9902051834328272
1244034115139223552,negative,0.22432552992115412
1244034115151826948,negative,0.06250316688407499
1244034115160215552,negative,0.001567403590741925
1244034115298451456,negative,0.05606726409830126
1244034115311210496,negative,0.03803413900176109
1244034115361329153,neutral,0.3918649536158695
1244034115378335746,negative,0.006044578013271609
1244034115755749376,negative,9.06724773830914e-06
1244034115805966336,negative,0.26942968309050136
1244034115818708995,negative,2.7651684917796646e-05
1244034116066123776,negative,0.06776116982817487
1244034116191952896,neutral,0.5343273261767144
1244034116758245380,positive,0.8767624715904464
1244034116984635392,neutral,0.5814646228988107
1244034117047549955,negative,0.2700177323183393
1244034117139824650,negative,0.014955990069121012
1244034117278326789,negative,0.08783194342588421
1244034117307678720,negative,0.0007570990922803834
1244034117425127424,negative,0.006572425071624472
1244034117651566593,negative,0.006891679323850784
1244034117718675462,negative,0.0070932943817461885
1244034117811015685,negative,0.006891679323850784
1244034118570192903,negative,0.034301583021262044
1244034118708576258,negative,0.29816079844023624
1244034119211909121,negative,0.0033517358131130355
1244034119388090369,negative,0.15484818861258817
1244034119476092929,negative,0.00037908429616334305
1244034119501328389,neutral,0.5734576952979002
1244034119639564288,negative,0.035920355849873194
1244034119845187585,negative,0.005985532401338304
1244034120440782848,positive,0.9742184772550556
1244034120675725314,neutral,0.4670100671583925
1244034120927326209,negative,0.05211292465148327
1244034120956751874,negative,0.012590620192709274
1244034121233575937,neutral,0.3784218004556109
1244034121820667904,negative,0.0001961893523289575
1244034121959198720,negative,0.0015930633078360395
1244034122009452544,negative,0.10227620319197454
1244034122328268800,positive,0.8889118481293443
1244034122357657601,negative,3.165377112324228e-05
1244034122592509952,negative,5.823584800752657e-08
1244034122844168193,negative,0.18651815886492867
1244034123452293122,negative,0.012652817569050732
1244034123544625152,negative,0.21766622461380722
1244034123733389322,negative,0.014513029960521917
1244034124068913154,negative,0.00241015361772918
1244034124169478154,neutral,0.3405289936822897
1244034124224086016,negative,8.366050486113696e-08
1244034125088129024,negative,0.0005050886951423741
1244034125155139588,negative,0.20018191405552963
1244034125184618502,negative,0.24068867409648653
1244034126015016960,negative,0.0068540329849745806
1244034126061146119,negative,0.00022106933418789278
1244034126694531075,negative,3.2432278053223e-06
1244034126698741761,negative,0.005186732020307045
1244034126845542401,negative,0.07148312466576308
1244034126849560577,negative,0.0057568480519881796
1244034126937763845,negative,0.3103926389581271
1244034127134769152,negative,0.009221433911797902
1244034127541780482,positive,0.7950823182260129
1244034127780872194,negative,0.317626749779072
1244034127831146496,negative,0.1037721704077835
1244034127856316433,negative,0.1690094927470807
1244034128066097152,negative,0.00593376956617507
1244034128250535937,negative,2.5937039366176854e-06
1244034128460341255,negative,4.7932674269032163e-05
1244034128477130754,negative,8.857385742822912e-08
1244034128619716609,positive,0.6730543860295967
1244034129311784963,negative,0.005096345034547426
1244034129638895621,negative,0.00011800680983610362
1244034129756409864,negative,0.004605932673330669
1244034129777344512,negative,0.09392983498731289
1244034129815121926,neutral,0.46127768308170247
1244034129852796928,positive,0.8767624715904464
1244034130196791297,negative,0.014955990069121012
1244034130259709952,negative,0.003631429095454684
1244034130435870726,negative,0.1622272479325971
1244034130708398081,negative,0.024965633939121327
1244034130993491968,negative,0.0014094257187744165
1244034131010478081,negative,0.02427325169845482
1244034131178258432,negative,1.2746488879597646e-06
1244034131274629123,negative,0.003631429095454684
1244034131610255362,negative,9.60265703644161e-06
1244034131618664454,negative,0.0021146262419722596
1244034131672969216,negative,9.627913005187242e-05
1244034132105101312,negative,0.0057568480519881796
1244034132256198657,positive,0.7898565583048688
1244034132545601536,negative,0.0028149135673452615
1244034132587319297,negative,2.804533124944789e-06
1244034132809666560,negative,0.021451602629445534
1244034133082472449,negative,0.004043594512216925
1244034133174689792,negative,0.0008354593226876588
1244034133426348033,negative,0.0005199054850623376
1244034134135263232,negative,0.0026938681957631655
1244034134219128833,negative,0.0018071390276318945
1244034134386692097,negative,0.005543912008790338
1244034134680440833,negative,0.18477356597233874
1244034135250829313,negative,0.0057568480519881796
1244034135326437377,negative,0.005186732020307045
1244034135435489281,negative,0.014513029960521917
1244034135447998466,negative,0.017020543114857657
1244034135779422208,negative,0.31732489718339985
1244034135854891018,negative,0.0009224009500064821
1244034248861986817,neutral,0.5140335801237879
1244034249075941377,negative,0.06730597594679376
1244034249352765440,negative,0.002473111206258806
1244034249361108993,negative,0.023045744117522343
1244034249822539777,negative,0.029060515752104776
1244034249885442050,negative,0.0015143454617801502
1244034250137010177,negative,0.01118208410032002
1244034250548088845,negative,0.016862305818924093
1244034250552356867,negative,0.00020653107560009802
1244034250850082823,negative,0.15484818861258817
1244034250908872705,negative,0.0057568480519881796
1244034251311415297,negative,0.0218301820551049
1244034251554795521,negative,0.0575450218026726
1244034252141998080,negative,0.042571111108864246
1244034252435529734,positive,0.9220689005286704
1244034252485865474,negative,0.1487449582094241
1244034252821295112,positive,0.7898565583048688
1244034252863348737,negative,0.015072952383707698
1244034252934647811,negative,0.12237707064243333
1244034253408649224,negative,0.003631429095454684
1244034253412880384,negative,1.7797988997110216e-09
1244034253513523204,negative,0.014513029960521917
1244034254083948546,negative,0.006897426311504352
1244034254243332096,negative,1.8242777695381061e-07
1244034254394310658,negative,0.002682429371684567
1244034254511751168,negative,0.0137324476462993
1244034254847332353,negative,0.07201808274067398
1244034254964736002,negative,0.034301583021262044
1244034255065358338,negative,7.236950471584351e-05
1244034255224819712,negative,0.008291835508945734
1244034255451193344,negative,0.013808038004862229
1244034255870742528,negative,0.0005005073813694988
1244034256357163008,negative,0.0003618087883461898
1244034256772481024,negative,0.0007035035899756882
1244034257141538818,neutral,0.3838651720914426
1244034257347137536,negative,0.005040339458723299
1244034257380663311,negative,0.0028149135673452615
1244034257800093702,negative,4.4169559782162955e-05
1244034257829445633,negative,0.0007067739530015191
1244034258194313216,negative,0.006891679323850784
1244034258328522754,negative,0.07815116035893188
1244034258395676674,negative,0.06801033557368162
1244034258878042116,negative,0.07375750960683305
1244034258970259457,negative,1.6513897668076363e-05
1244034259251269632,negative,0.014559859026652643
1244034259477770241,negative,0.0001255768144634343
1244034260195033094,negative,0.008635967356721156
1244034260320878592,negative,0.0005244546002234616
1244034260383813637,negative,0.023959899448071868
1244034260585119744,negative,0.005422085972131449
1244034260736053251,negative,0.003631429095454684
1244034260962508803,positive,0.9908369365037759
1244034261205880834,negative,0.004267206393327312
1244034261826572291,negative,0.012023308196281139
1244034261864284161,negative,0.10307432340427858
1244034261927280645,negative,0.19043780118039472
1244034262078119937,negative,0.0009645593659609314
1244034262283812864,negative,0.037822322158600125
1244034262321463297,negative,0.05082407348595446
1244034262413848576,negative,0.005186732020307045
1244034262623571968,negative,0.007092740778771518
1244034263114227712,neutral,0.4670100671583925
1244034263131004934,negative,0.006044578013271609
1244034263416287238,negative,0.014513029960521917
1244034263516942337,negative,0.03277138764781241
1244034263537901573,negative,0.21921412548362115
1244034263672029190,negative,0.04509425316557794
1244034263806246915,positive,0.7896445141694358
1244034263814754305,neutral,0.49789225920557484
1244034264141836288,negative,0.048278056091971715
1244034264523517953,negative,0.26942968309050136
1244034264561143808,positive,0.9590807787532672
1244034265089703938,negative,0.12761675275283021
1244034265089740801,negative,0.19233156072169083
1244034265219846147,negative,0.26942968309050136
1244034265265963010,negative,0.0005109826277507649
1244034265538605057,negative,0.23982229298951227
1244034265689571331,negative,0.14220878364639963
1244034265739939845,negative,1.8242777695381061e-07
1244034266012561408,negative,0.010776668138229233
1244034266058625025,neutral,0.3317974808604631
1244034266251567117,negative,0.0002163606414409176
1244034266415140867,positive,0.8767624715904464
1244034266805256194,negative,0.09572389370968512
1244034267149217792,neutral,0.41690139185306513
1244034267170115587,negative,0.030788018476625892
1244034267337953284,negative,0.004267206393327312
1244034267518296068,negative,0.26524644614744813
1244034267769901057,negative,0.13471044292781273
1244034267832823808,negative,5.749486088675172e-07
1244034268310929424,negative,0.0002213446970659085
1244034268344586240,negative,1.109447383414422e-07
1244034269162491909,negative,0.0017981650016121226
1244034269221130241,negative,0.006557998542501819
1244034269409939462,negative,2.3641181805752334e-05
1244034269607079942,negative,0.0009405835588412403
1244034269724491776,positive,0.7101988769134242
1244034270051663873,negative,0.005186732020307045
1244034270185820160,negative,0.0057568480519881796
1244034270261362688,positive,0.8157079822542955
1244034270638649345,negative,0.012028464620394497
1244034270731079682,neutral,0.3838651720914426
1244034271020548096,negative,0.15358691730197696
1244034271104376841,negative,0.0346049130933352
1244034271129591808,negative,0.21766622461380722
1244034271251177478,negative,0.0008676492187441584
1244034272413061122,negative,0.0005421837687864796
1244036109576933379,negative,0.037822322158600125
1244036110399016960,negative,0.10307432340427858
1244036110751281160,negative,0.00040619816142125617
1244036110990401538,negative,0.06730597594679376
1244036111086878722,negative,0.3134895987942178
1244036111518904321,negative,0.006044578013271609
1244036111695052801,negative,0.26805508299954606
1244036111917289477,negative,0.14847906855404688
1244036111959314432,negative,0.18262166781236994
1244036112017915907,negative,0.25038090331296403
1244036112420466690,negative,0.0002646688761998414
1244036112848490497,negative,0.010113108252073856
1244036113200750592,negative,0.2700177323183393
1244036113658007552,neutral,0.37377490205268193
1244036113825701889,neutral,0.5127340618632145
1244036114085752834,negative,8.148576718592611e-06
1244036114140344325,positive,0.9914485276330509
1244036114278764547,negative,0.28100447792976174
1244036114303909889,negative,0.07098215912165586
1244036114446454784,positive,0.8424653402348171
1244036114635161600,positive,0.8767624715904464
1244036114635264000,negative,0.004149099536362812
1244036114672951303,negative,7.52825140997841e-05
1244036115020959744,negative,0.07390954019372242
1244036115176267776,negative,0.0057568480519881796
1244036115713138693,negative,0.07579706910682077
1244036115767623681,negative,0.06945585327317613
1244036115797086209,negative,6.135244437105762e-06
1244036116426240006,negative,0.08783194342588421
1244036116510105602,negative,6.1212148231681115e-06
1244036116791074816,negative,0.03890557787581732
1244036117135007745,neutral,0.5472954686443318
1244036117235666944,negative,0.01577962857144701
1244036117382475784,negative,0.0619612968016282
1244036117420298240,neutral,0.48728019602140255
1244036117785128961,negative,0.015026293865349136
1244036117911023618,negative,0.015257601763806498
1244036118137516037,negative,0.006356652790022391
1244036118703636481,neutral,0.3371917382004204
1244036118732996608,negative,0.0015265343912117763
1244036118791651328,negative,0.01601054856035948
1244036118825201665,neutral,0.49789225920557484
1244036119018319875,positive,0.9042246331352656
1244036119186026497,negative,0.0057568480519881796
1244036119332872193,negative,0.0008194689451906385
1244036119496404993,negative,0.09197902447033889
1244036119689338880,negative,0.07242415421588402
1244036119731175424,negative,0.008930914733146141
1244036119894863875,negative,5.92698642803632e-07
1244036120150761472,negative,9.078185718582633e-07
1244036120666689542,negative,0.00409119137289087
1244036121241288705,negative,0.00254959084496433
1244036121270652935,negative,9.078185718582633e-07
1244036121958453249,negative,0.00365478800668217
1244036121983700992,negative,0.01226833764478653
1244036122390466566,negative,0.006891679323850784
1244036122411491332,negative,0.08726527153185533
1244036122533154823,negative,0.30246502162681876
1244036122876841985,negative,0.005186732020307045
1244036123120320512,neutral,0.48756096510956265
1244036123363606528,negative,0.003631429095454684
1244036123741097986,negative,0.01899725249018809
1244036124298838017,negative,0.06116018580540677
1244036124865159168,positive,0.7527690563366992
1244036124877733896,positive,0.8767624715904464
1244036124881891329,neutral,0.5814646228988107
1244036124948955138,negative,0.0009461095119313201
1244036125246685184,negative,0.07738059547332773
1244036125259436035,neutral,0.3599607905714538
1244036125728968709,neutral,0.4089745284388116
1244036125829840899,negative,0.0027760703859270237
1244036126010216450,negative,0.003375496863245032
1244036126026981381,negative,0.10117212130519258
1244036126026993666,negative,0.0002292787162815196
1244036126169595904,negative,0.049845218860178446
1244036126249234438,negative,0.2700177323183393
1244036126752608257,negative,0.00013675558087036829
1244036127155204097,positive,0.8767624715904464
1244036127193006086,negative,0.002473111206258806
1244036127587291139,negative,0.18334888489358614
1244036127729676288,neutral,0.3951230578156664
1244036127796977664,negative,4.405318159445387e-05
1244036127998304257,negative,6.638304240931146e-05
1244036128006713347,negative,0.007244319640131192
1244036128321286144,neutral,0.4425826863994856
1244036128384192516,neutral,0.35332680054975374
1244036128677728257,negative,0.28945990532131877
1244036128858091523,negative,0.017807761960237964
1244036128941969411,negative,0.003089674508165488
1244036129390723072,negative,0.01577092977700161
1244036129659203591,positive,0.7898565583048688
1244036129785069568,negative,6.253391654409155e-07
1244036129826971649,negative,0.04249078125618548
1244036129982119941,negative,0.003631429095454684
1244036129986314240,positive,0.7127423859774356
1244036130426757121,negative,0.11080166195546677
1244036130464509954,positive,0.7614791902206095
1244036130510704642,negative,0.07690926213484135
1244036130632347650,negative,0.020390307447543898
1244036130653253634,positive,0.7898565583048688
1244036130934267904,negative,0.013454143727447678
1244036131089461248,negative,0.10076931175895837
1244036131320102912,negative,0.003631429095454684
1244036131676708866,negative,0.04258225665149412
1244036131756400641,negative,0.00043479158297754717
1244036132284882945,negative,0.034301583021262044
1244036132402130944,neutral,0.3912001626541859
1244036132502933512,negative,0.0012156692585183174
1244036132695875584,negative,8.409243191946418e-05
1244036133027303424,neutral,0.3599607905714538
1244036133937389576,negative,0.07712876527079193
1244036133970944003,neutral,0.49789225920557484
1244036134340091905,negative,0.30558150432698633
1244036134394630148,negative,0.04366639536007115
1244036247057817600,positive,0.7898565583048688
1244036247062003731,negative,0.0009405835588412403
1244036247158480897,negative,0.0016215088186201751
1244036247309484032,negative,0.07368204723437145
1244036247372300289,negative,0.0070932943817461885
1244036248249012225,negative,0.1424001889771214
1244036248471207937,negative,0.0008642599683568871
1244036248802668544,negative,0.004854780979918749
1244036249008168961,neutral,0.3909677405094468
1244036249251393537,negative,0.021099918679178025
1244036249263931397,negative,0.2701071699224488
1244036249406468096,negative,0.00020949297219303995
1244036249452711938,negative,0.03137268014041387
1244036249482035206,negative,0.018309113924077837
1244036249603760129,negative,5.475853053590766e-12
1244036249696055302,neutral,0.5499021294504818
1244036249716957185,negative,0.0008871997827428895
1244036249851170824,negative,3.057717053337376e-06
1244036250140643337,negative,1.5020348289517011e-06
1244036250161549318,negative,0.013868559050891112
1244036250597765120,positive,0.7898565583048688
1244036250740436995,negative,0.017800319221784947
1244036250971115527,positive,0.8767624715904464
1244036251298279425,negative,0.09596582313337056
1244036251314987017,negative,0.004605932673330669
1244036251470172163,negative,3.2072831083129704e-05
1244036251549917185,negative,0.00039546176939148124
1244036251612831745,negative,0.015075478176254625
1244036251646406656,negative,2.3690077020171647e-10
1244036251658878976,positive,0.7810495305721654
1244036252346785802,negative,0.0009303081792198511
1244036252388806656,negative,0.00013545617479174046
1244036253739364355,negative,1.734081214159114e-05
1244036253777002506,negative,4.011444863103895e-06
1244036253898747904,positive,0.7898565583048688
1244036254032945157,positive,0.8355041267231138
1244036254070640640,neutral,0.5017543432377519
1244036254221717505,negative,0.26942968309050136
1244036254246875137,negative,0.0011107012019297693
1244036254657916939,negative,0.018069069788940167
1244036255282798592,negative,0.0001570762370165333
1244036255483965440,negative,0.0005913478855086392
1244036255496785920,negative,0.01663717174976077
1244036255551229956,negative,0.0024708655558909032
1244036255589031938,negative,0.0011866547674259833
1244036255614144513,negative,0.0594162308504652
1244036255777775616,negative,0.04782825973949164
1244036256192966658,neutral,0.4165884029299769
1244036256683745280,negative,0.037822322158600125
1244036256838881280,negative,0.0029309644323082776
1244036256859914247,negative,1.7378180297870264e-05
1244036257279328261,negative,9.078185718582633e-07
1244036257560383490,positive,0.9170800626741411
1244036257577152512,negative,0.18477356597233874
1244036258197696512,negative,0.0010147365375617777
1244036258680180740,negative,0.0017566331807377595
1244036259313586179,negative,0.0057568480519881796
1244036259590344704,neutral,0.5184705040344015
1244036259892342786,negative,0.19373847507060293
1244036259972026369,negative,0.2352958992081821
1244036260055994371,negative,0.14874724152575958
1244036260643180544,negative,4.635215657526208e-06
1244036260693446656,negative,0.0004343950765914259
1244036261159014401,negative,0.26942968309050136
1244036261226086400,negative,2.536614070501489e-06
1244036261251342344,neutral,0.5409568034535329
1244036261674987521,negative,0.0014793801458476653
1244036262002135040,negative,0.014955990069121012
1244036262119591941,negative,1.1647886621801239e-06
1244036262144749574,negative,0.05656480108228744
1244036262216052738,positive,0.7898565583048688
1244036262513836038,neutral,0.4425826863994856
1244036262580928524,negative,0.04107615636452072
1244036263155585025,neutral,0.33467362878218004
1244036263209910272,negative,0.07201808274067398
1244036263323275264,negative,0.001351321953566672
1244036263558209544,negative,0.005641057582515902
1244036264120156162,neutral,0.3476785044154487
1244036264392888322,negative,0.32838052830152314
1244036264485105666,neutral,0.5499021294504818
1244036264539623425,negative,0.008361398492658507
1244036264560660481,negative,0.011386787343906673
1244036264753541120,neutral,0.4440114489913187
1244036264887648256,negative,0.014451905379701629
1244036264933961728,negative,0.19045785297639617
1244036265139474432,negative,1.9386994124879305e-06
1244036265361670145,negative,0.008143924453218012
1244036266095783943,negative,0.21766622461380722
1244036266213031937,negative,0.13290202711860497
1244036266351525889,negative,0.26983199408684155
1244036266561331200,negative,0.04017684868712927
1244036266863333379,negative,0.006044578013271609
1244036267005935618,positive,0.9944367791230017
1244036267286855681,negative,0.0008871997827428895
1244036267735691264,negative,0.07579706910682077
1244036267781873666,negative,0.003631429095454684
1244036267966443522,positive,0.99897320345085
1244036268050264064,negative,0.0007067739530015191
1244036268641718272,negative,0.001709461247664341
1244036268998230016,negative,0.004605932673330669
1244036269245698049,negative,0.0009405835588412403
1244036269375660032,neutral,0.5395803781861185
1244036269493157888,negative,0.06766314720495098
1244036269778382850,negative,0.000159524417787223
1244036270134886400,negative,0.31732489718339985
1244036270235570177,negative,4.2538675797986853e-13
1244036383238426628,negative,2.771023413196345e-05
1244036383343288320,positive,0.8889118481293443
1244036383418781696,negative,0.000100786466632191
1244036383834079239,negative,0.03410945741539785
1244036383980883975,negative,0.1424829771831002
1244036384115036162,negative,0.27007438576683057
1244036384169570305,negative,0.26942968309050136
1244036384391823361,negative,0.027742073829809862
1244036384576454658,negative,0.002276631864099465
1244036384836460546,negative,0.22005641474723714
1244036384840695810,positive,0.8767624715904464
1244036385272729607,negative,0.0010318235711075131
1244036385360748546,negative,0.003631429095454684
1244036385448787970,negative,6.195080719967024e-05
1244036385507627010,neutral,0.5187338130495827
1244036385599885315,neutral,0.5261020071227032
1244036386103181312,negative,2.516616838908564e-06
1244036386136698880,negative,0.00034660173544948184
1244036386237358080,negative,0.01857474037916397
1244036386421903360,negative,0.16889370307883503
1244036386677760006,negative,3.165377112324228e-05
1244036386723946501,neutral,0.4421068522483257
1244036386958782464,neutral,0.6120886767952053
1244036387025936385,negative,0.008549467352315565
1244036387327934464,negative,0.010523564636946904
1244036387940323328,negative,0.06776116982817487
1244036387944480775,negative,0.00041018699951402904
1244036388422586370,positive,0.6894928219660014
1244036389563441152,positive,0.8585381698291626
1244036389857112065,negative,0.0003065293609862996
1244036389903228928,negative,0.0006061921080529063
1244036390024876032,positive,0.6890930011949904
1244036390209441804,positive,0.8767624715904464
1244036390427324416,negative,0.06730597594679376
1244036390842761216,negative,0.004917219713062433
1244036390888841217,negative,3.206994789567659e-06
1244036391115337729,negative,0.253860291140415
1244036391497076737,negative,0.040631819383554396
1244036391517990913,positive,0.7898565583048688
1244036391664836608,negative,0.06368808999060553
1244036391715180550,negative,0.09382733859042411
1244036391727771650,negative,8.197957413717791e-07
1244036392029687815,negative,0.06945585327317613
1244036392059092992,negative,6.850333913861163e-05
1244036392201719809,negative,0.011910629283965147
1244036392340127744,negative,0.19338624295375087
1244036392616935424,neutral,0.3403391890910929
1244036393023799297,negative,0.13722036713227936
1244036393057255425,negative,0.317626749779072
1244036393246117902,negative,0.03160954588924478
1244036393396994048,negative,0.0004933731453114392
1244036393577385986,negative,0.024965633939121327
1244036393879384066,negative,0.004144833193015844
1244036394097553410,negative,0.29040691864498563
1244036394491752454,negative,0.00036031420819253855
1244036394537885697,negative,0.0057568480519881796
1244036394625970177,negative,0.0017406122132505037
1244036394743468035,negative,0.029087950778204672
1244036394768572423,negative,0.0006641707169326443
1244036395431272449,negative,0.0008605532955097174
1244036395435470848,negative,0.11651820924498774
1244036395636862978,neutral,0.4480723702474313
1244036395691397120,neutral,0.5432498562801166
1244036395766857729,negative,0.24958718653649237
1244036395838169092,neutral,0.4486520979118294
1244036396110753794,negative,0.06022548899216122
1244036396211474433,neutral,0.6552466849140712
1244036396349902848,negative,0.0017981650016121226
1244036396731510785,negative,0.00039039292209761835
1244036397209661447,negative,1.7797988997110216e-09
1244036397633359873,negative,0.0006670385121222375
1244036397826297864,negative,0.041185531936367446
1244036397998080000,negative,0.11839980539242023
1244036398325403649,positive,0.8859686506920845
1244036398602166273,negative,0.1975383921457794
1244036398778384390,negative,0.08069223272341064
1244036399877230594,negative,0.11080166195546677
1244036400590307334,negative,0.0007999495947457017
1244036400858759169,negative,0.19938064712050413
1244036400858763269,neutral,0.3563918284847767
1244036401009655808,negative,0.013976631042032006
1244036401114558465,negative,0.00405481231269778
1244036401211064320,negative,1.7797988997110216e-09
1244036401957441536,negative,0.00023304038985864193
1244036402163089411,negative,5.755120603982803e-07
1244036402465161216,negative,0.1910599636204879
1244036402855251969,negative,0.007133781339908191
1244036402909757444,negative,0.0021234155019971526
1244036403425665024,neutral,0.49789225920557484
1244036403429888015,negative,9.119667512899397e-05
1244036403677315075,negative,0.0005421837687864796
1244036403719294976,negative,0.0004885548308632741
1244036404222537732,negative,0.28100447792976174
1244036404612603906,negative,0.27029850131188227
1244036404742705152,positive,0.8767624715904464
1244036404902072320,negative,0.08069223272341064
1244036404943958018,negative,0.0017981650016121226
1244036405648654337,negative,8.970391312286144e-09
1244036405686349829,negative,0.07098215912165586
1244036405967421443,negative,0.03719878956096
1244036405975814145,negative,0.006891679323850784
1244036405996785665,neutral,0.3636803690057268
1244036406080688128,negative,0.07050619852166676
1244036406248341504,negative,0.2101308086030381
1244036406487519233,negative,0.008689643958992207
1244036406529449987,neutral,0.4486520979118294
1244036521839276033,negative,0.004200261169122774
1244036522044723201,negative,5.684935556243765e-07
1244036522237669380,negative,0.029264555694147033
1244036522254401537,negative,0.0017522370961552407
1244036522636173313,negative,0.024001114924491074
1244036522799706112,negative,0.26942968309050136
1244036522812325890,negative,0.0097731362823889
1244036523164602375,negative,0.06737816514587112
1244036523198218246,negative,0.06628870263188051
1244036523206545416,negative,0.009062682156037036
1244036524028674055,negative,0.04867121281123444
1244036524183900160,negative,0.0002649333446379258
1244036524209057792,negative,0.015444143310967958
1244036524527751168,negative,0.004302936035052433
1244036524670365697,negative,0.0057568480519881796
1244036524787802112,negative,0.006044578013271609
1244036525547012098,negative,3.275472443925842e-05
1244036526016733186,positive,0.7898565583048688
1244036526058672129,negative,7.915958565484513e-07
1244036526310383616,negative,0.23982229298951227
1244036527132422144,negative,3.605980716653393e-06
1244036527166033925,negative,0.006891679323850784
1244036527212158977,negative,0.005312888741918645
1244036527493206018,negative,0.03238570497934331
1244036527518253062,negative,0.0029833855108243115
1244036527749058569,negative,6.6863391782631105e-09
1244036527807758336,neutral,0.3688120122074838
1244036528025808896,negative,0.0023373654462081565
1244036528336142336,negative,0.0014758066809546016
1244036528390770688,negative,0.006891679323850784
1244036528420126725,negative,0.0001856211796981991
1244036528604688389,negative,0.03437820264917251
1244036528621395968,negative,0.0018221174185453642
1244036528629678080,negative,5.073474765627474e-06
1244036528810196992,positive,0.8767624715904464
1244036529087012865,negative,0.006891679323850784
1244036529296637953,negative,0.0057568480519881796
1244036529636466690,positive,0.9970121509240301
1244036530026536963,negative,0.005186732020307045
1244036530102063104,negative,0.0011118207009120733
1244036530517291008,negative,0.012713426409208247
1244036530953388038,negative,0.009319695880400426
1244036530978553857,negative,0.07738059547332773
1244036531712557056,negative,0.192369502635276
1244036531951669248,negative,0.013413878450736954
1244036532505280515,negative,0.08889029117570464
1244036532530536448,negative,0.0025576277287812175
1244036532668940289,positive,0.9411965216423825
1244036532887072781,neutral,0.3337418035665887
1244036532962570241,negative,0.21812467262704652
1244036533340037122,negative,5.427314822285832e-05
1244036533356814337,negative,1.2732038122273447e-07
1244036533360840704,negative,0.0004614094267800218
1244036533507837954,negative,2.559126954913999e-07
1244036533855944705,negative,0.06730597594679376
1244036534002749440,positive,0.7402645665710843
1244036534245916672,negative,0.003631429095454684
1244036534333997059,negative,0.10564414114298507
1244036534451527680,neutral,0.3478537183981828
1244036534581563393,negative,0.013176469833587593
1244036534682214400,negative,0.13903576760815609
1244036535437217792,negative,0.21766622461380722
1244036535512678403,negative,0.012652817569050732
1244036535575556099,negative,7.85375262553082e-07
1244036535726542850,negative,0.003133057424123908
1244036535932026886,negative,0.2567585533155715
1244036536175337472,negative,0.034602156735260695
1244036536364040195,negative,0.03914535013560267
1244036536393297924,negative,0.012150936756319742
1244036536397635584,negative,0.001567403590741925
1244036536439627776,negative,0.0003251048700132907
1244036536942891009,neutral,0.5140335801237879
1244036537072914439,negative,0.009815120824440709
1244036537572118531,negative,0.1947714790918569
1244036537597083648,neutral,0.41737370287541103
1244036537651810310,negative,0.001671506200562899
1244036537957986305,negative,1.129372117796377e-09
1244036538209574912,negative,4.109085622502083e-06
1244036538234789892,neutral,0.49789225920557484
1244036538536734720,negative,0.11034316048744092
1244036538759028741,negative,1.4336825622797064e-05
1244036539161759746,negative,0.19148014187739926
1244036539165933569,negative,1.109447383414422e-07
1244036539463741450,negative,0.005260775403274126
1244036539715289088,negative,0.26037498461859954
1244036539841200131,negative,0.009736766625980721
1244036539916652546,negative,4.166050520489095e-07
1244036540050952192,negative,0.0027002344440646563
1244036540357107712,negative,0.0025576277287812175
1244036540403265537,negative,0.0004938530946125513
1244036540575158277,negative,0.07712876527079193
1244036540587802624,negative,0.0034724959267714043
1244036541363752961,negative,3.500912360360939e-13
1244036541602816000,negative,0.0006239814393656418
1244036541674110977,negative,0.0008471439908812629
1244036541778997249,negative,0.0018302758314453478
1244036541829328897,negative,0.14359334494999146
1244036542483619842,negative,0.02934990519560085
1244036542655614977,negative,0.14828792362444257
1244036542676549632,negative,0.08851604525338098
1244036542869487622,negative,0.0032623885834054474
1244036543293112320,negative,0.0015792423747679506
1244036543372603392,negative,0.08370769439857297
1244036543452286978,negative,0.07254840526507088
1244036544073273345,negative,0.005573957134460221
1244021519048736771,negative,0.025109493142518806
1244021519090663424,negative,0.0003599380983482479
1244021519421976576,neutral,0.558188418057694
1244021519472361472,negative,0.07888518888259648
1244021520269271040,positive,0.9661491491870838
1244021520663543810,negative,0.009497004281057831
1244021520680333312,neutral,0.390828263951581
1244021520961277952,neutral,0.4529429839268842
1244021521758240769,negative,0.015887996908581024
1244021521791754240,negative,0.0008284570191115613
1244021521842135040,neutral,0.364174496909256
1244021521946939395,negative,2.2061961260576068e-09
1244021522337075203,negative,0.0014246863903080655
1244021523964452864,positive,0.9978314569989941
1244021524316803073,neutral,0.4988175734619948
1244021524333572096,negative,4.668402769191727e-05
1244021525369454592,negative,2.316826149068521e-05
1244021525809893377,negative,0.07376133434871837
1244021526153871360,negative,0.0004847000746062595
1244021526288109568,negative,0.012442416424751681
1244021526430654468,negative,0.11102239175703768
1244021526510407680,negative,0.002118966402790443
1244021527961579520,negative,0.004499323734418796
1244021528016171008,neutral,0.39983002616008184
1244021528196534272,negative,2.9647706798719434e-06
1244021528364269569,positive,0.9863947747151441
1244021528578207744,positive,0.8237115027620819
1244021528913686528,neutral,0.390828263951581
1244021529261867009,negative,0.00012801954675185212
1244021529567989760,neutral,0.3552322237209022
1244021529639292929,negative,0.01003170366079452
1244021530218151936,negative,0.11270597436782862
1244021530444652544,negative,0.017562646032467807
1244021530901786624,negative,2.5398434954693637e-05
1244021531606495233,neutral,0.390828263951581
1244021531623243776,negative,0.24081627254952076
1244021531795210242,negative,0.006193554655235299
1244021533590388736,neutral,0.34652705873551887
1244021533670072320,negative,0.00012825082844474816
1244021533674266624,negative,6.889119059428843e-05
1244021533724545025,negative,0.0001899104301260622
1244021533938507777,negative,0.00013659882737093498
1244021534013952000,negative,6.7928838549528925e-06
1244021534131458048,negative,0.0008061474307361671
1244021534265675776,neutral,0.39916506856996653
1244021534756417537,negative,0.28885997790415036
1244021534815109120,negative,0.0012571902970074903
1244021535251275778,negative,0.005201882690050789
1244021535683330048,negative,0.23207491963764787
1244021535788187648,negative,0.006492312868312259
1244021536044056576,negative,0.006621558337562404
1244021536513822723,negative,0.00012458684359414074
1244021536719331331,negative,0.0016411195753158903
1244021537038110721,negative,0.06448557123380687
1244021537168130052,neutral,0.3512542189378645
1244021537952464897,negative,0.029803076823114092
1244021537973456896,negative,0.006152865841040368
1244021537981825027,neutral,0.49789225920557484
1244021538036371459,negative,0.00015204561433927166
1244021538317381632,negative,0.041333757185744335
1244021538359316480,negative,0.02866142166053741
1244021538740936704,positive,0.671729215166024
1244021538938073088,negative,0.12809347556879042
1244021538963296256,positive,0.7099469896476155
1244021539198074881,negative,0.15787209169151972
1244021539344801794,negative,0.0017158803913904456
1244021539483324417,negative,0.2193048657178368
1244021541584670720,negative,0.020964228647196517
1244021542150963201,negative,0.006629213659679178
1244021542780112897,negative,1.9665756539723248e-10
1244021542788435968,negative,0.029070638745019053
1244021542889107457,negative,0.07888518888259648
1244021542968852480,negative,0.0001909679186393763
1244021543635693570,neutral,0.5343273261767144
1244021543853752321,negative,0.11872004859358187
1244021543925055491,neutral,0.3570264710939985
1244021544181018624,negative,0.02853232116928921
1244021544399056897,negative,0.16872873856561774
1244021544457732096,negative,0.0011307184657217998
1244021544722075648,neutral,0.396352349529719
1244021544931790849,negative,0.00010739982139631531
1244021545120473089,neutral,0.5429165048610771
1244021545686761473,negative,0.025159004582940184
1244021545783230464,neutral,0.3764796940120026
1244021545963606017,negative,0.010199496610536927
1244021546735341569,negative,0.01265084249965683
1244021546974203904,negative,0.03037698968547367
1244021547511267329,neutral,0.390828263951581
1244021548127666177,negative,0.1268028451552595
1244021548400422912,negative,1.985557460034829e-06
1244021548446613504,neutral,0.3899471800754853
1244021548547280897,negative,0.027288698368906697
1244021548769513473,negative,0.16238078256315855
1244021549822349312,negative,0.16422188897479723
1244021550405353472,negative,4.902788787598944e-05
1244021550455631874,negative,0.27494063002218394
1244021551646879747,neutral,0.5963145590495958
1244021553932767234,negative,3.69852648581451e-05
1244021554037633027,negative,0.00010099806180065178
1244021554167582720,negative,0.03187733112699732
1244021554264051712,positive,0.7321259052132119
1244021554389880833,negative,1.8242777695381061e-07
1244021554553466881,negative,0.0005803523359803809
1244021554641502209,neutral,0.4051517967274636
1244021554788339713,neutral,0.33737917245548793
1244021554804961280,neutral,0.39908389897950797
1244021655996977152,negative,0.09927210314854609
1244021656114335744,negative,0.2604761761616613
1244021656135372801,negative,0.016462987944077963
1244021656265412610,positive,0.7816359906267764
1244021656521265152,negative,2.342035437006503e-06
1244021657511100416,negative,0.04486907735553023
1244021657548787712,negative,2.376826334915473e-06
1244021658052104192,neutral,0.528500567548561
1244021658144440321,negative,0.0066825526264999
1244021658308022273,negative,0.001711720065919508
1244021658475728896,negative,3.7647540586799463e-06
1244021658979106816,negative,0.008097916036407003
1244021659339718658,negative,0.21800191741775837
1244021660342157312,negative,0.011824005123447733
1244021660375756800,negative,0.0037026680372630807
1244021660543377419,negative,0.001053799776326416
1244021660577128449,negative,0.028786205109426116
1244021661231448064,negative,5.758644889176518e-06
1244021661277532161,negative,0.00025426765412921707
1244021661655015425,negative,1.98825101783679e-05
1244021662003138561,positive,0.7469405270194408
1244021662468714496,negative,0.018180223226672104
1244021663210979329,negative,0.019118448759894633
1244021663483809792,negative,0.0060226839050512675
1244021663680942080,negative,0.010004616306082851
1244021663764635648,negative,0.000367437056909449
1244021664553320449,positive,0.7154079720884176
1244021664612040704,negative,0.2501138283864466
1244021665429893120,negative,0.12115282727552625
1244021665471889409,negative,4.462932813866636e-05
1244021665589313536,negative,0.002118966402790443
1244021665912193024,negative,0.24447233892262338
1244021666130341890,negative,0.010925668334746407
1244021666130415619,negative,4.745984471849823e-06
1244021666977464321,negative,0.2930559165767513
1244021667078250496,positive,0.9805410051737449
1244021667233439745,negative,0.17209500108840114
1244021667694882817,negative,8.861473572586883e-07
1244021667866820608,negative,0.03441721283615497
1244021667967504384,neutral,0.4931013985492398
1244021668030427139,negative,0.012926277302963508
1244021668353396736,negative,0.10789141803788879
1244021668403699712,negative,8.00548688893901e-05
1244021668571480065,negative,0.0005098142190741126
1244021668760170496,negative,0.308199125160694
1244021669729091584,negative,0.005855180342432488
1244021669829603329,negative,0.0003599380983482479
1244021669863317504,negative,0.04901746039805774
1244021670060462084,negative,0.007518466622396204
1244021670211391489,negative,0.2122132853384726
1244021671020900352,negative,1.4671659212665402e-05
1244021671624835073,negative,0.006637363255833475
1244021671692034049,negative,1.8242777695381061e-07
1244021671712960512,negative,2.471256033313654e-07
1244021672266452995,positive,0.7469405270194408
1244021672283381762,negative,0.006565822955124885
1244021672912527361,positive,0.9459307617324982
1244021673302667268,negative,0.030501752838471424
1244021673357185025,negative,0.028786205109426116
1244021673684275200,neutral,0.42546822555791586
1244021673705250817,negative,0.0022707930825630863
1244021673818374146,negative,9.092223043864543e-05
1244021674292510720,negative,0.0003087085851997474
1244021674585935878,negative,0.005141562115852311
1244021674904899585,negative,0.2621435295041906
1244021675072552960,negative,0.012848762326953457
1244021675206807552,negative,7.270768275909199e-07
1244021675475124224,negative,3.424586022840389e-07
1244021675596840960,negative,0.07808780994992853
1244021677727666176,negative,0.01681361962600288
1244021678880854016,negative,0.014527106335452355
1244021679162109952,neutral,0.390828263951581
1244021679258505217,negative,0.003634986644858712
1244021679896100864,negative,0.03247883499538941
1244021680160333824,negative,0.001799324413380521
1244021680185409536,negative,0.028212580738051447
1244021680302968834,negative,0.00337411272107555
1244021680625852416,negative,0.014871564723888129
1244021680877568000,negative,4.663996035419966e-06
1244021680932093952,negative,3.317666553134918e-05
1244021681309601792,negative,0.014871564723888129
1244021681338941448,negative,0.014803474008022805
1244021681422811137,negative,0.0003621885605817648
1244021681468948481,negative,0.001053799776326416
1244021681649221632,negative,0.00037046337549027805
1244021682207105024,negative,0.05952396890702999
1244021683310206977,neutral,0.396352349529719
1244021683461251073,neutral,0.390828263951581
1244021683566120960,negative,0.09143263636698575
1244021683574525952,negative,0.027682355108066617
1244021683813355522,negative,1.118823880933124e-05
1244021684174237696,negative,0.03571848073103025
1244021684220448770,negative,0.0038648469640973748
1244021684262363138,negative,0.007518466622396204
1244021684425732096,negative,0.13670995929869906
1244021684568539136,negative,0.13774074679321704
1244021684765691904,negative,0.13774074679321704
1244021684874731521,neutral,0.409010297390979
1244021685604491266,negative,0.0017697931613046179
1244021685721993216,positive,0.915855727726811
1244021685776519169,positive,0.7498369388629286
1244021686078517250,negative,1.98825101783679e-05
1244021686736801792,negative,0.0001909679186393763
1244021687622008833,positive,0.9999705468123239
1244021687810695168,negative,0.00019200796910299152
1244021688108548096,negative,1.204037896656468e-06
1244021688389586944,negative,0.16456114296626626
1244021689190690817,negative,0.028237643091412568
1244021689211670528,negative,0.04336089447365973
1244021689261985792,negative,0.002745887455318712
1244021689597538304,negative,0.15138357340871147
1244021690318958592,negative,0.02649751675832098
1244021690591588354,negative,0.00045589601387641246
1244021691002556417,negative,0.0001047335077296747
1244021691153604608,negative,0.010850332441584657
1244021691656929283,negative,0.17428209918488682
1244021692155994113,negative,1.8195564889974345e-07
1244021692168536064,negative,0.0001090884674081554
1244021692348981248,negative,0.11243111591675939
1244021795377876994,negative,0.0022707930825630863
1244021795407224832,negative,0.03690540417300197
1244021795688153088,positive,0.9881732562729016
1244021795805696000,negative,0.07686936747991807
1244021796212363264,negative,0.028176337110713098
1244021796745228288,negative,0.02886017303890013
1244021796753543168,negative,0.08134872074319227
1244021796795531264,negative,1.98825101783679e-05
1244021796854288387,negative,0.024555703262622255
1244021797302996994,negative,0.017268654753448607
1244021797315543042,negative,0.04901746039805774
1244021797785305089,negative,0.10262449411129812
1244021797793734657,negative,0.020680070055206393
1244021798066364419,neutral,0.5716008539745538
1244021798674534405,negative,1.8242777695381061e-07
1244021799043633153,negative,0.007280951798435472
1244021799152738304,negative,0.07176527956955549
1244021799236636672,positive,0.7469405270194408
1244021799349825537,negative,0.1692204280266092
1244021799836360704,negative,0.002056594982501532
1244021799882555393,negative,0.13559527674536254
1244021800134234114,negative,0.019118448759894633
1244021800146788353,negative,0.285815136332658
1244021800402632706,negative,0.0028198100776923914
1244021800465575940,negative,0.016847520923276123
1244021800545202177,negative,0.03690540417300197
1244021800822063104,negative,0.007518466622396204
1244021801237319681,negative,0.005403103198274557
1244021801618997248,negative,0.2952881577185285
1244021802059399168,negative,0.013053191203159255
1244021802474582017,negative,0.0009006115157643678
1244021802575200256,negative,0.00025426765412921707
1244021802642198528,negative,0.23781650767187051
1244021802906660867,negative,0.021807859841985876
1244021803024093184,negative,0.022570063177932975
1244021803263102976,positive,0.7134552192956708
1244021803523112966,negative,0.003740587668513263
1244021803531501569,negative,0.1779376519967432
1244021803569369090,negative,0.05947060728634522
1244021803590340608,negative,0.00991245693035184
1244021803758039041,negative,0.0059663186574058025
1244021803934244864,negative,0.001104652709216855
1244021804257038336,negative,0.01861826499111092
1244021804395565057,negative,0.00011653051120830161
1244021804580167681,neutral,0.6264933266736201
1244021804643094528,negative,0.012444085968656664
1244021805213417472,negative,0.030820087985185658
1244021805410590721,negative,0.020816349060268618
1244021805431566336,negative,0.001799324413380521
1244021805901381633,negative,0.006993652025754019
1244021806278852610,negative,0.02649751675832098
1244021807017009152,negative,1.3935530695758096e-06
1244021807243563010,negative,0.009729826886621933
1244021807432314880,negative,0.00871510235400129
1244021807834857473,negative,0.07888518888259648
1244021807847366656,negative,0.002118966402790443
1244021808103411713,negative,0.0004063659432397158
1244021808258600960,neutral,0.5513016132368076
1244021808455704576,negative,0.001799324413380521
1244021808887627776,negative,0.1049814526781941
1244021809491709952,positive,0.7859114011779188
1244021809713946625,negative,6.382048408586269e-07
1244021810477305856,negative,0.033593344493072774
1244021810678714370,neutral,0.5538133281862514
1244021811127496705,neutral,0.5343273261767144
1244021811911766016,neutral,0.44805765108837026
1244021811936989185,negative,1.8630080997780785e-05
1244021812532523008,negative,2.2695532632168993e-07
1244021812641619968,negative,0.04278347172467048
1244021812687765505,negative,0.004251272406434859
1244021812742291456,negative,0.054562594214797845
1244021812754866177,negative,0.0057756976337901365
1244021813346263040,negative,0.16319838102168704
1244021813551738880,negative,4.085722380707519e-06
1244021813841211392,negative,1.5897481208262784e-06
1244021814034149378,negative,0.016183134023784636
1244021815195906048,negative,0.02853232116928921
1244021815435034626,neutral,0.3552322237209022
1244021816181559296,negative,0.04905992196302976
1244021816248672258,negative,7.024755465606442e-07
1244021816445661185,positive,0.9042982683387465
1244021816508788737,negative,0.03337576295773982
1244021816701616130,positive,0.7859114011779188
1244021817070759936,neutral,0.3737478574840956
1244021817834078211,negative,0.0007376414991525095
1244021818043883521,neutral,0.37758735993681
1244021818412974082,negative,0.0018696769764247963
1244021819088273408,negative,0.17220066273451817
1244021819402838020,positive,0.9149389202423779
1244021819625148418,positive,0.9161265518437085
1244021820019412993,neutral,0.4051517967274636
1244021820107309056,neutral,0.6511886005064768
1244021820430442499,neutral,0.4313214740527804
1244021820505776132,negative,0.00014496240434140495
1244021820652687364,negative,0.005715174637879036
1244021820749201408,negative,0.003205579497243334
1244021820749209600,negative,0.009058968871289326
1244021821487357954,negative,0.006962652029084006
1244021821659385856,neutral,0.5655854294165605
1244021822665961472,negative,0.010858170078834467
1244021822917677058,negative,1.220160069838008e-05
1244021824301735937,negative,0.007674673187013502
1244021824700272640,negative,1.98825101783679e-05
1244021824763166721,neutral,0.3756635562073651
1244021825102807040,negative,0.06418932375653238
1244021825123860480,negative,0.0002397317957242337
1244021825190932480,negative,0.0011386084664893408
1244021825501356034,negative,0.00012001363643737295
1244021825782321153,negative,0.16456114296626626
1244021826159771650,negative,0.0002488084636011763
1244021826570911746,negative,2.3703953665587946e-05
1244021826738585600,negative,0.03605125916968813
1244021826889621504,negative,0.024127396815846934
1244021827212541952,negative,0.019118448759894633
1244021827896250370,negative,0.1309918221152114
1244021828235993089,neutral,0.46511884455441777
1244021828307136512,negative,0.00010842429503250257
1244021828693250048,negative,0.19474484488535554
1244021828810670080,negative,0.006565822955124885
1244021829473353728,negative,0.010627092116378639
1244021829905285120,negative,2.8820141918653065e-10
1244021928085446656,negative,0.10703357401266975
1244021928324747264,negative,0.004499323734418796
1244021928660262914,neutral,0.6062018450676987
1244021929155190786,negative,0.002499403601526396
1244021929305993221,negative,0.003491451048151276
1244021929335545856,negative,0.0017697931613046179
1244021929381634048,negative,0.09026512634463385
1244021930048585728,neutral,0.5547948592490254
1244021930283470849,negative,0.09197236032539366
1244021930719694848,negative,0.1640545255989984
1244021930837016578,negative,0.18429753910341487
1244021931051036672,negative,0.2621435295041906
1244021931646615552,negative,1.3448818705542407e-14
1244021932535746560,negative,0.11287989463655368
1244021932862984194,positive,0.9158269647072814
1244021933366292481,negative,2.8039791584881096e-05
1244021933664014336,negative,0.01681361962600288
1244021936331673602,neutral,0.3552322237209022
1244021936927182849,negative,0.1331645536157425
1244021938739085312,negative,0.01861826499111092
1244021938839846912,negative,0.010853702390421088
1244021939078823936,negative,8.861473572586883e-07
1244021939905191937,neutral,0.390828263951581
1244021939946975232,negative,0.00015715448757626496
1244021939947126786,negative,0.08442852186527655
1244021940341350400,negative,0.0031626502309345878
1244021940739809280,negative,1.98825101783679e-05
1244021940785950722,negative,0.03860335505441998
1244021940983128066,positive,0.8688403691687892
1244021941087985666,negative,0.02122174762148358
1244021941230542850,neutral,0.39983002616008184
1244021942031695875,negative,0.012442416424751681
1244021942035808256,negative,0.10028755757334436
1244021942610530305,negative,0.01681361962600288
1244021943059337216,positive,0.9834656481890431
1244021943910699008,negative,0.017026592042914335
1244021945072594946,negative,0.1182255813382301
1244021945168994305,negative,1.98825101783679e-05
1244021945680576512,positive,0.9840438782615694
1244021946527944704,negative,0.0068024141795284465
1244021947136126979,neutral,0.3552322237209022
1244021947194839041,negative,1.98825101783679e-05
1244021947345842177,negative,0.299635130761956
1244021947417210880,negative,0.0008284570191115613
1244021947534540800,positive,0.7719608848733042
1244021947593306114,negative,0.13897920524547774
1244021947807260672,negative,0.09369320396438299
1244021947840823296,negative,0.26847472013314794
1244021948188950529,negative,0.002118966402790443
1244021948624949249,negative,0.03571848073103025
1244021948780331008,negative,0.00020660898355470144
1244021948906000385,negative,0.005280841697677608
1244021949476585472,negative,0.027219084107505308
1244021949505798145,negative,1.816404532562326e-05
1244021949551890432,negative,0.0007771116919073769
1244021949556092929,neutral,0.3353500257179539
1244021949660987392,negative,0.0490723122224158
1244021949665284096,neutral,0.5926662006117753
1244021949723897858,positive,0.9594076395104892
1244021949774381056,negative,0.3158493680040829
1244021949778595840,negative,0.002630722127979063
1244021950193819648,neutral,0.48728019602140255
1244021950466478080,negative,3.5318864295307086e-05
1244021950730600449,negative,0.016847520923276123
1244021951288524801,negative,0.0014528301779840529
1244021951561154560,negative,0.08164943256386839
1244021951733137408,negative,0.19050857153674042
1244021951833812992,negative,0.007674673187013502
1244021951892467712,negative,0.005855180342432488
1244021951951183872,negative,0.008480584673815461
1244021952106422273,negative,0.002534208729351981
1244021952232202240,positive,0.9733231625031686
1244021952278335490,negative,8.501960033008548e-11
1244021952639049728,negative,3.078923167124549e-09
1244021952911683584,negative,1.4895464015550875e-07
1244021953175814144,negative,0.09291753057127636
1244021953276579842,neutral,0.4902954679465069
1244021953289244673,negative,0.01681361962600288
1244021953658122240,neutral,0.49789225920557484
1244021953897336833,negative,0.0017697931613046179
1244021954354577409,negative,0.20005289000604187
1244021954589478915,negative,0.014871564723888129
1244021954782298113,negative,7.127069518927975e-07
1244021955738472450,negative,0.002503740512572945
1244021955751284736,negative,0.0005098142190741126
1244021955797438464,negative,0.016847520923276123
1244021955923267586,negative,0.00015715448757626496
1244021957739364353,neutral,0.3407429200904408
1244021957970067456,negative,0.15816818678033132
1244021958863446020,negative,0.00043432474607351074
1244021959933014016,negative,0.002809377936723504
1244021960050343936,negative,0.015887996908581024
1244021960096411650,negative,2.1102053928795067e-06
1244021960604102656,negative,0.047605086022007956
1244021960717279234,negative,1.3380487916701535e-05
1244021960771874816,negative,0.007674673187013502
1244021960876703744,positive,0.6636723514957702
1244021961371549696,neutral,0.390828263951581
1244021961694511105,negative,0.006193554655235299
1244021961929482240,negative,0.015209644880278005
1244021962353135616,negative,0.008165210773867764
1244021962378301440,neutral,0.4442015093938886
1244021962604777474,negative,0.00012335418440543856
1244021962650857473,negative,6.7830477740758905e-09
1244021962655105025,negative,0.0014208219436326161
1244021962755772416,neutral,0.42114851541257525
1244021962906558464,negative,0.019118448759894633
1244021963078713344,neutral,0.5961070735737517
1244021963095506948,negative,0.0016411195753158903
1244021963200307200,neutral,0.4641343141212254
1244021963246297099,negative,0.00019427372713682145
1244021964362088448,negative,0.00010697874121001191
1244021964945027077,negative,0.003264603665788209
1244021965012295682,negative,0.0009208326795533815
1244021965784002560,negative,0.00012826819995458033
1244021965947617281,negative,0.00037398942273412014
1244021966136324097,neutral,0.4751781961822573
1244021966266413057,negative,0.034757561817672554
1244021966471864322,negative,0.12123734702422886
1244021966597771266,negative,7.569188375929305e-05
1244021967080095744,negative,1.8242777695381061e-07
1244021967272980482,neutral,0.4585952248195425
1244021967432359938,positive,0.9498879088113207
1244021967608590338,negative,0.3087290515561506
1244022070679416832,negative,2.0590352682261043e-14
1244022070696120322,negative,0.00026540564890200843
1244022070847123456,negative,0.024004836501972784
1244022071002378242,negative,0.012442416424751681
1244022072101273601,neutral,0.44805765108837026
1244022072252100609,negative,0.008271151889330565
1244022072441024513,negative,0.0007811670000004233
1244022072587825153,neutral,0.43329504779558115
1244022072851845124,negative,0.00931927483865705
1244022073262997504,negative,2.871746613477775e-08
1244022073627774976,negative,3.0451615062842363e-05
1244022073925595136,negative,2.1861917260459284e-08
1244022074022207489,neutral,0.4158460128102584
1244022074580107268,negative,1.4903640269342617e-08
1244022075469246465,negative,9.482829798310158e-06
1244022076178120704,negative,0.007061130450119552
1244022076622753792,negative,0.0001909679186393763
1244022076652032001,positive,0.7469405270194408
1244022077046378499,negative,0.025279328774620746
1244022077348339712,negative,0.17433290642528726
1244022077843259392,negative,6.7928838549528925e-06
1244022078430490624,negative,0.0014528301779840529
1244022078594076672,negative,0.08697220296948277
1244022078636003329,negative,0.10983180732601287
1244022079051235330,neutral,0.49789225920557484
1244022079940440065,negative,3.257864514849499e-05
1244022080049479681,neutral,0.35260928573316896
1244022081018376193,negative,0.05471482163519855
1244022081106386945,negative,0.005224678875685484
1244022082062729217,negative,0.010058384977455013
1244022082977087488,neutral,0.5280129903970826
1244022084071763968,negative,0.028786205109426116
1244022084533202945,negative,1.0677169986897552e-05
1244022084809998339,negative,0.001371408067003721
1244022084885532674,negative,0.0003101518661214468
1244022085019668480,negative,0.10028755757334436
1244022085204226048,negative,0.21250301253664874
1244022086017957888,negative,0.016380982326923185
1244022086177181697,positive,0.9601587051106456
1244022086185541633,negative,0.07863989493826852
1244022086185730048,negative,0.014825879353317443
1244022086206517255,negative,0.0005394323541062715
1244022086391205889,neutral,0.6003841049978745
1244022086529679360,negative,0.010130039527070062
1244022086722555905,neutral,0.396352349529719
1244022086751924225,neutral,0.3771958450706084
1244022086764498944,negative,0.002683810914937246
1244022087494205441,negative,0.023646447971035853
1244022088278724608,negative,4.902788787598944e-05
1244022088295464960,negative,1.1872374106968372e-08
1244022088320483328,neutral,0.42033948356718837
1244022088484245504,negative,0.03564629441707661
1244022088794624001,negative,0.0001970828860911968
1244022088987484160,negative,0.030888314526654755
1244022089373421568,negative,0.007568766027543858
1244022089385832449,negative,0.025942774352586708
1244022089629253634,negative,0.0012039928300389931
1244022090090471425,negative,0.020084989256274298
1244022090270834689,negative,0.0004971111806324141
1244022090694623233,neutral,0.5757352823266579
1244022091315179520,positive,0.9601587051106456
1244022091382280192,negative,2.3703953665587946e-05
1244022091663511555,negative,0.000805006353095872
1244022091734831104,neutral,0.48656488737471426
1244022091881603072,negative,0.00013948746391682112
1244022092003246081,negative,0.00039890243569220516
1244022092019965952,negative,0.0785909414541519
1244022093324398594,negative,0.13774074679321704
1244022094121361408,negative,0.006177882880696625
1244022094217777152,negative,0.19949112335726718
1244022094431748096,negative,0.004563887535364049
1244022094586937344,neutral,0.6482316355727175
1244022094641455104,negative,4.450653116208682e-05
1244022094788284416,negative,0.1779376519967432
1244022095786450944,negative,2.9474426152447875e-06
1244022095790649344,positive,0.9161265518437085
1244022096235282433,neutral,0.49511589986369725
1244022096243470341,negative,5.704317742447218e-06
1244022096545677315,negative,0.0810357961058143
1244022096868659201,negative,0.007061130450119552
1244022097019654146,negative,1.8242777695381061e-07
1244022098021974016,positive,0.7469405270194408
1244022098978373633,positive,0.7469405270194408
1244022100270239745,negative,0.0031626502309345878
1244022100538556416,negative,0.11850303685821738
1244022101490663427,negative,6.7928838549528925e-06
1244022101692080129,negative,0.1331645536157425
1244022102040236033,negative,2.1179578229461675e-06
1244022102811910144,negative,0.0006567894277021098
1244022104607068160,negative,0.24180224752915985
1244022104720318466,negative,0.030789286314739536
1244022104795865088,negative,0.24447233892262338
1244022104837808128,negative,8.353786691894211e-07
1244022105093607424,positive,0.7469405270194408
1244022208760107009,negative,0.00012801075541105369
1244022208827097089,negative,0.0011931870935957907
1244022209531830273,negative,1.4931063403720142e-07
1244022209653305345,negative,0.029224050282875936
1244022210098061312,negative,0.0006129703488651023
1244022210290831373,negative,0.05282635524974264
1244022210458722304,neutral,0.343930629845892
1244022210496430081,negative,0.0025500665270579933
1244022210601385984,negative,7.197996867435442e-05
1244022210781642752,negative,4.450653116208682e-05
1244022211649953792,negative,0.019118448759894633
1244022211968729091,negative,5.441553036089764e-06
1244022212002267136,negative,0.19949112335726718
1244022212253941762,positive,0.6890930011949904
1244022212895674370,negative,0.26394560431101827
1244022212903960576,negative,0.0006970481793009593
1244022213466107905,negative,2.316826149068521e-05
1244022213591867392,negative,0.03518100713805475
1244022213793243136,negative,0.034757561817672554
1244022214191693824,negative,0.12201519378690424
1244022214267109377,negative,0.012839171095370337
1244022214695030785,positive,0.9847795145738226
1244022215403806720,negative,0.001079613590020828
1244022215546462210,negative,0.07888518888259648
1244022215621906434,neutral,0.6482316355727175
1244022216615960578,neutral,0.4931013985492398
1244022216859291651,negative,9.614674058537204e-06
1244022217014480896,negative,0.0023584232264868884
1244022217480048641,negative,0.12201519378690424
1244022217639448578,negative,0.0008590106862551519
1244022217752674305,positive,0.9842101853512634
1244022218453069825,negative,2.092304041361805e-08
1244022218515939328,negative,0.0048345672602228005
1244022218885156865,negative,3.975658918461094e-07
1244022219103141888,negative,3.9772641084120805e-05
1244022219912683521,negative,0.11145264935100732
1244022220197945345,negative,0.012442416424751681
1244022220336304128,negative,0.19949112335726718
1244022220814516225,positive,0.9970049624301164
1244022221217181696,neutral,0.390828263951581
1244022221523144716,positive,0.7469405270194408
1244022222093762560,neutral,0.3552322237209022
1244022222899105792,negative,0.0001886112206461086
1244022222911606785,negative,0.10017515939675964
1244022223356166145,neutral,0.39918561486299375
1244022223410737152,negative,0.19742169694364622
1244022223897276416,negative,0.0004737243554303592
1244022224065003520,negative,0.11121357731104402
1244022224165777410,negative,0.001079613590020828
1244022224635527168,positive,0.9137164545069372
1244022225331802112,negative,0.00022157957509406735
1244022226028040192,positive,0.6910104647074718
1244022226149613568,negative,0.0006718401605633091
1244022226183127040,negative,1.5203723629878158e-05
1244022228368248834,negative,0.0001909679186393763
1244022228511010822,negative,3.595910619744126e-05
1244022228624293888,negative,8.25597444043272e-05
1244022228859138048,negative,0.01181814695469538
1244022228926119936,neutral,0.3448789537043245
1244022229140156418,negative,0.000646355884938138
1244022229446332416,negative,0.19949112335726718
1244022230083829760,neutral,0.3492975022435117
1244022231153422337,negative,0.02853232116928921
1244022231522578435,negative,0.05135263669855607
1244022231572852737,positive,0.6673020949547926
1244022231849721860,positive,0.9998270269308969
1244022232013299713,neutral,0.46511884455441777
1244022232390733827,negative,0.0019208165534782419
1244022232541773825,negative,0.0029465217166489443
1244022233426735104,negative,0.1915010016479636
1244022233477103616,negative,0.028573140998533465
1244022234366214144,neutral,0.3364082756260011
1244022234575974401,negative,0.028176337110713098
1244022234664009728,negative,1.98825101783679e-05
1244022234789928964,negative,0.019894755226779623
1244022234945146880,negative,4.728474774297822e-05
1244022234978664448,neutral,0.5387444134096603
1244022235142160384,neutral,0.390828263951581
1244022235163176961,negative,0.10028755757334436
1244022235582599168,negative,0.026918125045612418
1244022235947507713,negative,0.0003101827161139511
1244022236320878596,negative,0.01681361962600288
1244022236727644162,negative,0.00530068029639208
1244022237658742786,negative,8.861473572586883e-07
1244022238040506368,negative,0.2582739843990751
1244022238636118022,negative,8.254667656960311e-05
1244022239172988929,neutral,0.6528695794026834
1244022239336386565,negative,0.21537432307405738
1244022239550455808,negative,0.00898831791968692
1244022240724877313,negative,0.00022437903034255982
1244022350116466689,negative,0.019118448759894633
1244022350959579136,negative,0.01813682207650935
1244022351668355073,neutral,0.4507454498615163
1244022352448552961,negative,0.04123172764725659
1244022352935092226,negative,1.8702656431906386e-08
1244022353551556609,positive,0.9971376760059937
1244022353761153026,negative,0.00024098376513934555
1244022354826727425,negative,0.18429753910341487
1244022355107688449,negative,0.017973317612959422
1244022355145474048,negative,0.013247961039121164
1244022355229380608,negative,0.013247961039121164
1244022355598376960,negative,0.01573005947029094
1244022355770388481,negative,2.5818036740635602e-08
1244022355967594499,negative,0.07888518888259648
1244022356248420354,positive,0.7469405270194408
1244022356483493890,negative,1.51096091047992e-08
1244022356655341568,negative,0.3180181074701483
1244022357372686338,negative,0.002431778134909091
1244022357460684800,negative,0.3227821635746401
1244022358320599040,negative,0.023824797385642412
1244022358844858370,negative,0.013247961039121164
1244022358890803200,negative,0.09291753057127636
1244022358907801601,negative,0.00015457043592953624
1244022358953918466,negative,0.007674673187013502
1244022359260045313,negative,0.025159004582940184
1244022359406702599,negative,0.015887996908581024
1244022359989850112,negative,0.0358406002392309
1244022359994048512,negative,0.02649751675832098
1244022360027598849,negative,0.10708284381536276
1244022360233201664,negative,0.055260145025779125
1244022361122365441,negative,0.24577899926466004
1244022361386561536,negative,0.0040022752657987186
1244022362112167937,negative,0.003833555539664532
1244022362124713988,negative,0.00012001363643737295
1244022362204487680,neutral,0.3547973696663849
1244022362359640065,negative,0.07888518888259648
1244022362435129344,negative,0.09291753057127636
1244022362993045504,neutral,0.45949160413785156
1244022363232108544,negative,0.0008407226910821212
1244022363567472641,negative,9.728724721796615e-07
1244022363735367682,negative,0.006362733434066214
1244022363840286720,negative,0.004832988568603072
1244022364049899521,negative,4.657199421838205e-05
1244022364125495296,neutral,0.6482316355727175
1244022364716793856,positive,0.9999987596836508
1244022364792291330,negative,0.006590604949328229
1244022364800716800,negative,0.00015204561433927166
1244022365006311424,negative,0.1548912925335724
1244022365178167297,negative,0.0042204249738396465
1244022365551562753,negative,2.0114198586716926e-05
1244022365991960577,positive,0.7140986588237165
1244022366772105216,negative,0.010893239091844512
1244022366797168641,positive,0.9147364993625419
1244022366939873282,neutral,0.45279944724548254
1244022366969171968,negative,1.3935530695758096e-06
1244022367074111488,negative,0.04186714681363583
1244022367615098881,negative,0.08783194342588421
1244022367623446529,negative,0.0004160899730873879
1244022368709869568,negative,0.10841574842614708
1244022368756019201,negative,0.19949112335726718
1244022368890167298,neutral,0.4001021607442458
1244022369229905920,negative,0.004490818680836262
1244022369410256896,negative,9.713977431861425e-06
1244022369418608640,neutral,0.4442015093938886
1244022369422848000,neutral,0.49631881908281666
1244022369552867328,negative,0.012442416424751681
1244022370005848065,negative,0.014871564723888129
1244022370530197504,negative,0.004832988568603072
1244022370572087297,negative,0.09026512634463385
1244022371163557891,negative,0.00033537165029804897
1244022371293560833,negative,0.028786205109426116
1244022371339702272,negative,0.007850654204142448
1244022372442812418,negative,0.24180224752915985
1244022372581212161,negative,0.10021406022662004
1244022373793304577,negative,0.0017773841530909324
1244022374330179585,negative,0.15518029583159354
1244022374376378369,negative,0.0008284570191115613
1244022374414069761,negative,0.028786205109426116
1244022374472744961,negative,0.1779164002908525
1244022374514786305,negative,0.1318937273463652
1244022374854463489,negative,0.060286070478451394
1244022375055835136,neutral,0.4059037105257688
1244022375194275840,negative,0.10262449411129812
1244022375592714240,neutral,0.5823631665994498
1244022375626223617,neutral,0.4380607354844099
1244022375659831296,neutral,0.3875555376085034
1244022376330858497,negative,0.19949112335726718
1244022376767131649,negative,0.2195944175303879
1244022376926515201,negative,0.007518466622396204
1244022377496940544,negative,0.028176337110713098
1244022377694072832,neutral,0.46511884455441777
1244022378008580097,negative,0.005855180342432488
1244022379300470786,neutral,0.390828263951581
1244022379879243777,negative,0.0001886112206461086
1244022380168699904,negative,0.028176337110713098
1244022380516847616,negative,2.2695532632168993e-07
1244022381670170628,negative,0.004280885515737316
1244022382257455104,negative,0.07431756446159281
1244022382471401474,negative,0.0068000141538158395
1244022480907440128,negative,1.7655097903822992e-08
1244022480920104960,negative,0.26356910664396066
1244022481406562304,negative,0.005153718219196017
1244022481494642689,negative,0.0021955161443353737
1244022481935044608,negative,0.0018204754660686815
1244022482111213569,negative,0.13743600271395537
1244022482287366145,negative,0.11781681577077155
1244022482643935233,negative,0.00758745947227523
1244022482912399360,neutral,0.5861765239986066
1244022483281461248,negative,0.05735691840036623
1244022483310821377,negative,0.07888518888259648
1244022483323441152,negative,0.06374295349997718
1244022483612622848,negative,0.03247883499538941
1244022483814154241,negative,0.0028763274352099845
1244022484413931521,negative,0.03219967737929801
1244022484502040576,negative,0.00044526674522216386
1244022484791328768,negative,0.0030464349692686664
1244022486708125696,negative,0.22788112775372368
1244022486922137602,negative,0.050889611847627116
1244022487186395137,negative,0.019479523443419248
1244022487270096896,neutral,0.438006710951531
1244022487291215872,negative,0.0016865219704141788
1244022487572250626,negative,0.1779164002908525
1244022487740043266,negative,0.14934338741221131
1244022488218193923,negative,1.5972400686659934e-06
1244022488377548801,negative,0.028786205109426116
1244022488700456962,negative,0.03443939472125422
1244022489052831747,neutral,0.3448789537043245
1244022489224798209,negative,0.22527849740496803
1244022489283346434,negative,0.03219967737929801
1244022490093031426,negative,0.0009395959815921319
1244022490176913410,negative,0.2122132853384726
1244022490734694400,negative,0.0232516623099797
1244022492727033861,neutral,0.42390206459049556
1244022493649735680,negative,0.13774074679321704
1244022493985243136,negative,8.00548688893901e-05
1244022494018797568,negative,0.0031626502309345878
1244022494102786051,neutral,0.38283897387727345
1244022494601916416,negative,0.0019795453681001264
1244022494803243008,negative,0.0031626502309345878
1244022494866137088,negative,2.3416322098271315e-06
1244022495725916161,negative,0.000803778257302921
1244022496367706112,negative,0.00029917428345123805
1244022496472358912,neutral,0.5757352823266579
1244022496506064896,negative,0.009038077389722064
1244022496543768576,negative,0.29212468790112484
1244022496971698176,negative,0.00037398942273412014
1244022497844092928,negative,0.07301018636160714
1244022498498359297,negative,0.020257191664188975
1244022500163571713,negative,0.07045084952213927
1244022500532641792,negative,0.002118966402790443
1244022501300191233,negative,0.046637891156747505
1244022501665095680,negative,0.251784164639849
1244022502482944000,negative,0.11448922466828515
1244022503099506693,negative,0.00014239586501853328
1244022503560929282,neutral,0.5937257364539333
1244022504299036672,negative,0.061440708045389605
1244022504693383168,neutral,0.38283897387727345
1244022504764702720,negative,0.005855180342432488
1244022504915701762,negative,0.00012001363643737295
1244022505091805187,negative,0.00991245693035184
1244022505473482753,negative,0.09084998225938597
1244022505490255872,negative,0.0059663186574058025
1244022506320801792,negative,0.1424829771831002
1244022506639568898,negative,0.00530068029639208
1244022506777952256,negative,0.32886881110690447
1244022506811514880,negative,0.2849302270290542
1244022506891046912,neutral,0.3630473791665472
1244022507147071488,negative,0.03721538380680601
1244022507163844609,negative,0.21088365644803442
1244022507369308160,neutral,0.6407025964925941
1244022507574886400,negative,0.037153728870911076
1244022507604148225,negative,0.10857191244060377
1244022508233338880,negative,0.0007224922976240163
1244022509281968128,negative,9.912274851496611e-06
1244022510363873281,negative,0.1577802935957789
1244022510536011776,negative,0.005389779244408649
1244022510796111872,negative,0.030181719593323983
1244022510900989953,negative,0.0029736316944235365
1244022511005831171,negative,0.05899094802613871
1244022511139991552,neutral,0.557531550843803
1244022512268255233,negative,0.0007406189743043467
1244022512322781189,negative,0.16456114296626626
1244022512536694785,negative,0.009497004281057831
1244022513090297856,negative,1.058611743935205e-06
1244022513111306240,negative,0.0001886112206461086
1244022513639862272,positive,0.7469405270194408
1244022514059071492,negative,0.01861826499111092
1244022515049156608,positive,0.7469405270194408
1244022516269662208,negative,3.356447906168552e-07
1244022516286394370,negative,0.31656921264580423
1244022516525477888,negative,0.002689029904431652
1244022516760432643,negative,0.027682355108066617
1244022517595078656,negative,0.18281072761164857
1244022517729243137,negative,0.0002795029193220092
1244022623639687169,negative,0.00337411272107555
1244022623778091008,negative,0.024451394075162412
1244022623866179585,negative,0.00037398942273412014
1244022623882956801,negative,0.0003101518661214468
1244022623954075648,negative,7.607435477357786e-06
1244022623975149568,negative,0.05461945107042502
1244022624306544640,negative,1.607710468437959e-06
1244022624524664834,negative,0.14093023906616403
1244022624902152192,negative,0.022985427961743604
1244022624952496128,negative,0.0004737243554303592
1244022625468284929,negative,0.019296036396538565
1244022625556402178,negative,8.080351135233036e-05
1244022625661313026,neutral,0.396352349529719
1244022626563043331,negative,0.009201968367366257
1244022626957381632,negative,0.013247961039121164
1244022627213225984,neutral,0.5422323184712504
1244022627401940992,negative,0.16456114296626626
1244022627418734592,negative,0.07622870171707778
1244022627443892225,negative,0.0004972620191442083
1244022627720736772,negative,6.832055899825686e-05
1244022627741679616,negative,4.450653116208682e-05
1244022627779444738,negative,0.10309600235074601
1244022627943022594,negative,0.005327765183710372
1244022628349816832,negative,0.11145264935100732
1244022628454666241,negative,4.663996035419966e-06
1244022628505006082,negative,0.01681361962600288
1244022628731572225,neutral,0.3570264710939985
1244022628735729667,negative,0.21494160035005655
1244022628932898818,negative,0.012056327353823464
1244022629457170433,negative,0.017271512525219065
1244022629532565505,negative,0.09527819782803858
1244022630006611970,negative,6.275683917048973e-07
1244022630044360704,negative,0.11076800532308727
1244022630182608898,negative,0.00026540564890200843
1244022630191112193,positive,0.9442964071010927
1244022630476394498,positive,0.9998270269308969
1244022630610604034,positive,0.7154079720884176
1244022630652542976,negative,0.0018214130805200945
1244022630715400192,negative,8.60592966930249e-05
1244022630971301889,negative,0.17209500108840114
1244022631202009088,neutral,0.5653809312953612
1244022632183463938,negative,2.6673988264991015e-05
1244022633622130689,neutral,0.390828263951581
1244022633794068480,negative,5.709051270729921e-05
1244022633831837697,negative,3.322099464646088e-06
1244022635803140097,negative,0.022818144079316552
1244022635895414784,neutral,0.6128529839066688
1244022636251922433,negative,0.17278302420737565
1244022636298088452,neutral,0.390828263951581
1244022636386160641,negative,0.0037034807333156928
1244022636709138433,negative,5.998255832665573e-13
1244022637266972673,negative,3.9772641084120805e-05
1244022637577359360,negative,8.226465181840097e-05
1244022637715763200,negative,0.00015959956259773745
1244022638068064257,negative,0.0588969623434926
1244022638395027457,positive,0.9933835918648849
1244022639271821314,positive,0.9970049624301164
1244022639393456132,positive,0.7109487411422513
1244022639573770243,neutral,0.38249368226074554
1244022639737389057,negative,0.21785421272804198
1244022639854641152,neutral,0.44393194004447856
1244022640005742595,negative,0.02151164854478662
1244022640421060610,negative,7.491648696643452e-06
1244022640622424064,negative,0.0009461095119313201
1244022640697843717,neutral,0.48061219287488127
1244022640723050498,negative,0.32590352014961055
1244022640777584640,negative,0.060286070478451394
1244022640878194688,negative,0.00038382776713366534
1244022642279096321,negative,5.740368353996414e-07
1244022642870452225,negative,0.01681361962600288
1244022643168350208,negative,0.028786205109426116
1244022643315089408,negative,0.2139024333412985
1244022643856113666,negative,4.866486013935069e-05
1244022644145561600,negative,0.010943795659779864
1244022644367929344,neutral,0.390828263951581
1244022644371894279,negative,0.010490990352624859
1244022644539883520,negative,2.5398434954693637e-05
1244022644888023040,negative,0.03219967737929801
1244022645005471744,positive,0.7469405270194408
1244022645093531648,negative,1.98825101783679e-05
1244022645877809152,negative,0.19542499390000756
1244022645932412929,negative,0.0027021043690245504
1244022646582501376,negative,3.357187666135969e-06
1244022647031320577,neutral,0.36392987367868507
1244022647127789568,negative,0.01861826499111092
1244022647228375041,negative,0.006565822955124885
1244022647521980416,negative,0.24447233892262338
1244022648021094400,negative,0.1473731675742875
1244022648067067904,negative,6.669614421586681e-05
1244022648381857794,negative,0.023646447971035853
1244022648390275072,negative,1.5203723629878158e-05
1244022648629313536,negative,0.006193554655235299
1244022648717402113,negative,0.00013659817265166278
1244022648935514115,negative,0.2498616914627135
1244022649199755266,negative,0.24823366930832969
1244022649854070785,negative,0.3205458221802396
1244022649858252801,positive,0.9459307617324982
1244022649984028674,negative,0.19050857153674042
1244022650437079040,negative,0.05282635524974264
1244022650525138947,negative,0.08697220296948277
1244022651783446528,neutral,0.4387758546415949
1244022652290895872,negative,0.0742486941091879
1244022652412604417,negative,0.19949112335726718
1244022652890681345,negative,0.1067118515495815
1244022653058351104,negative,0.00037398942273412014
1244022653075296257,negative,1.3935530695758096e-06
1244022653150728194,negative,0.01861826499111092
1244022653318397957,negative,0.00037398942273412014
1244022653607907328,negative,0.006193554655235299
1244022653855379456,negative,0.031262321860277754
1244022653909905408,neutral,0.4182741017477998
1244022654048272384,negative,0.009432223013084192
1244022654593642496,negative,0.013247961039121164
1244022655243767809,negative,0.05166080661657545
1244022757387653121,negative,1.541855869746725e-06
1244022758411042816,negative,0.005193302183700311
1244022758515904512,positive,0.8465132651476254
1244022758582992898,negative,0.006177882880696625
1244022758641713152,negative,0.06174711365630661
1244022759258312705,neutral,0.369522123583761
1244022759409307648,negative,2.469846831876931e-06
1244022759748964352,negative,4.543599386746241e-07
1244022759816146946,neutral,0.49511589986369725
1244022760009015298,neutral,0.4174739957241426
1244022760055230464,negative,0.00991245693035184
1244022760277512193,negative,0.24180224752915985
1244022760671715331,negative,0.21787428614155385
1244022760696840192,negative,0.0017036409119046104
1244022762001268737,negative,0.02649751675832098
1244022763398090752,negative,0.19949112335726718
1244022763737821184,neutral,0.5072919163050846
1244022764060753921,positive,0.9036722717238003
1244022764182347779,negative,0.010627092116378639
1244022764299747328,positive,0.7468159140574875
1244022764501176321,negative,2.0114198586716926e-05
1244022764689907714,negative,0.020257191664188975
1244022764974903301,neutral,0.5417126886081829
1244022765952421893,negative,0.19949112335726718
1244022766266912768,neutral,0.3552322237209022
1244022766287958019,negative,0.04195507544975591
1244022766350843904,neutral,0.6482316355727175
1244022766623436802,negative,0.17232936478429173
1244022766686404609,negative,0.10262449411129812
1244022766723981320,negative,0.003927155774475652
1244022766921306112,negative,0.13949552936821852
1244022767193919489,negative,0.00020805056966684052
1244022767470759936,positive,0.7306010783549153
1244022767999160320,neutral,0.6552247392816745
1244022768427044865,negative,0.01543724118624327
1244022768477274115,neutral,0.35192477402555183
1244022768783351808,negative,0.16533665551738894
1244022769647575041,neutral,0.4641343141212254
1244022769894989824,negative,0.04507813573952181
1244022770188648448,negative,0.08489519573120914
1244022770306093057,negative,1.8684003224456202e-08
1244022770314424321,negative,0.23068284774403022
1244022770314469376,negative,0.19050857153674042
1244022770347970561,negative,1.98825101783679e-05
1244022770360627202,negative,0.0142911416987574
1244022770880708609,neutral,0.46511884455441777
1244022771815813123,negative,0.012444085968656664
1244022772147388418,neutral,0.6511886005064768
1244022772977807360,negative,0.3157658162166707
1244022774433288192,negative,3.474226959215556e-05
1244022774475169795,negative,0.028791444483037613
1244022774613643265,negative,0.020495955542379294
1244022774714306561,negative,0.0001886112206461086
1244022775079206913,negative,1.8684003224456202e-08
1244022775263694848,negative,0.0007384442279805653
1244022775372754944,negative,0.010902140354839591
1244022775435522048,negative,0.07888518888259648
1244022775850979330,positive,0.703845164920284
1244022776085860353,negative,0.03473602585075935
1244022776408739840,neutral,0.390828263951581
1244022776652075010,negative,0.020964228647196517
1244022777721630722,positive,0.6753860379867618
1244022777952288768,negative,0.285815136332658
1244022778212290561,negative,0.24280410659819707
1244022778279403522,negative,2.4001500300278804e-07
1244022778895798272,negative,0.00693844606974931
1244022779328020482,positive,0.9769850889314388
1244022779441287168,negative,0.013247961039121164
1244022779516723200,neutral,0.3565792083451242
1244022779889848329,negative,0.01045939915172544
1244022779915239424,negative,0.005403103198274557
1244022780108177409,negative,7.110815484507738e-06
1244022780116512771,negative,0.11850303685821738
1244022780300898304,negative,0.08134872074319227
1244022780321988608,negative,0.02744280266680472
1244022780422696961,negative,0.005855180342432488
1244022780539981824,negative,0.07045084952213927
1244022780787601409,negative,0.007061130450119552
1244022781328658433,negative,0.07904481007068868
1244022781626507265,negative,7.897472064654355e-06
1244022781639081984,negative,0.021054332890998118
1244022781857214464,negative,0.26394560431101827
1244022781915926528,negative,0.076618566120944
1244022782545051650,neutral,0.5154901943766486
1244022782721171456,negative,0.13774074679321704
1244022782754787329,positive,0.6707377832568514
1244022782935121920,negative,0.027823019206298007
1244022783157456896,negative,0.0014140778251009619
1244022783170039808,negative,0.0008332275747766869
1244022783316721665,neutral,0.3426997419190028
1244022783358701568,negative,0.007313927491665534
1244022783371120640,neutral,0.505457991696166
1244022783513956354,neutral,0.390828263951581
1244022783681556485,negative,0.00530068029639208
1244022784117952514,negative,0.20153984567746405
1244022784914853889,negative,0.023949758214250272
1244022785044692994,negative,0.015887996908581024
1244022785267171331,negative,4.902788787598944e-05
1244022787355873281,neutral,0.5978743861407889
1244022787372494848,negative,0.14504316638627815
1244022787489935361,negative,8.925294489557883e-05
1244022787976634372,negative,0.007984030768423696
1244022788022775808,negative,0.06595664173014248
1244022788232491008,negative,0.04673492591927199
1244022788513505281,neutral,0.3516571327383566
1244022788995907586,negative,0.08783194342588421
1244022789209837568,neutral,0.396352349529719
1244022789222391809,negative,0.02010421133548112
1244022789394358272,negative,0.033593344493072774
1244022789419307013,negative,0.014024629939477545
1244022789767450629,negative,5.077453670180698e-05
1244022789780180994,negative,0.17232936478429173
1244022789901881345,neutral,0.400930001220365
1244022790614847490,negative,9.670812807622696e-05
1244022790623281152,negative,1.8684003224456202e-08
1244022790845587457,negative,2.316826149068521e-05
1244022792242200577,negative,1.3588404730336939e-08
1244024623039221762,negative,0.0004063659432397158
1244024623794212867,negative,2.316826149068521e-05
1244024624024883201,negative,6.0451104675107166e-05
1244024624125341697,negative,0.06111540945800784
1244024624465281024,negative,7.334432820884557e-07
1244024624716922880,negative,0.07428056840709026
1244024625237016577,negative,6.229433938263226e-08
1244024625270591489,negative,0.007061130450119552
1244024625417408512,negative,0.02675850738384632
1244024625492828161,negative,0.006879819176665336
1244024625966854145,negative,0.014174163156158048
1244024626197549056,negative,0.028176337110713098
1244024626264629248,negative,0.034757561817672554
1244024626360881152,negative,0.004481936096965884
1244024626612711424,negative,0.07428056840709026
1244024627350900738,negative,0.13743600271395537
1244024628277841920,positive,0.9459231620293609
1244024628286193665,negative,0.19050857153674042
1244024629955608576,negative,0.002701745214793803
1244024630328860672,negative,0.006637363255833475
1244024630404415488,negative,0.009497004281057831
1244024630693765122,negative,2.4427628496694797e-05
1244024631511724035,negative,0.00018112462786054606
1244024632895770624,negative,0.0005098142190741126
1244024633319448576,negative,0.0214336847616131
1244024633403334656,negative,0.12111621089243263
1244024633415925761,negative,0.0001249774687372436
1244024633864663040,negative,0.0005672365159827465
1244024634409877504,neutral,0.390828263951581
1244024634808434689,negative,0.07485204852497224
1244024634875555841,positive,0.9805410051737449
1244024635362074624,negative,0.09291753057127636
1244024635718590465,negative,0.004851505573309127
1244024636376924160,negative,4.930776491659459e-05
1244024636943278083,negative,0.117012864522135
1244024637006241793,negative,9.169064651773678e-05
1244024637236760578,neutral,0.390828263951581
1244024637668892672,neutral,0.38686717303961937
1244024637899620352,negative,0.00018364154980111714
1244024638063198209,negative,0.049845218860178446
1244024638516183040,negative,0.007984030768423696
1244024638730051584,negative,0.004813207945488537
1244024638876930049,neutral,0.46127768308170247
1244024639443140609,negative,0.05409096710927392
1244024639505993730,negative,0.0596366276633194
1244024639627591680,negative,0.0029803307588451415
1244024639740928003,negative,0.010875229255583681
1244024639820529664,negative,0.23935601549375649
1244024640021975040,negative,0.12571074993114395
1244024640462295041,negative,1.8684003224456202e-08
1244024641531924480,negative,0.0742486941091879
1244024641569599489,neutral,0.5136446707795853
1244024643012435968,negative,0.0017697931613046179
1244024643230535681,negative,0.076618566120944
1244024643570274304,negative,0.30429910713205127
1244024643624853505,negative,0.08176014816802754
1244024644082032642,neutral,0.390828263951581
1244024644320940033,negative,2.0114198586716926e-05
1244024644405022720,negative,0.20925518481107191
1244024644920893440,negative,0.01761244503166895
1244024645499662339,negative,0.0011697914856799566
1244024645503913985,negative,0.07226122918160952
1244024646757797888,negative,0.047802284369028454
1244024646904807424,neutral,0.3426997419190028
1244024647479373828,neutral,0.49789225920557484
1244024647567507458,neutral,0.390828263951581
1244024647726882818,negative,0.02978716672099046
1244024647785594882,negative,6.083590926343484e-07
1244024647907188736,negative,0.19050857153674042
1244024648179879937,neutral,0.4535759911583438
1244024648653844482,negative,0.0005134855557793695
1244024648741924864,positive,0.7859114011779188
1244024648955604994,negative,0.0013550367875221176
1244024649119342594,negative,0.0008708883095079729
1244024649849192448,negative,0.08697220296948277
1244024650532884483,negative,0.03014652028374727
1244024650578964480,negative,0.01681361962600288
1244024651086532608,negative,0.022410375943073525
1244024651816329216,negative,0.14332739889441146
1244024652441309186,negative,5.199220227018362e-06
1244024653326118917,negative,0.0037260517084282286
1244024653443674114,negative,0.17209500108840114
1244024654328672257,negative,3.8352036002454385e-06
1244024654668476416,negative,0.014020666373132514
1244024655343738880,negative,0.2615153422110196
1244024655486365699,negative,0.002118966402790443
1244024655633137664,negative,0.014174163156158048
1244024655750426625,neutral,0.4537541227075798
1244024655817527296,negative,0.0001562208022571108
1244024656048332802,positive,0.9997285484083667
1244024657151438849,negative,0.0011423522079484186
1244024657436643329,negative,0.053172198665071814
1244024657491251200,negative,0.001079613590020828
1244024658170646528,negative,0.019118448759894633
1244024658195812352,negative,0.014174163156158048
1244024658212597761,negative,0.00041752313130186206
1244024658216792065,negative,6.582525650831454e-09
1244024658388750336,negative,0.25448524422677327
1244024658548097024,negative,3.2449608198865635e-14
1244024658640453633,negative,0.00021436605077256658
1244024659139584000,negative,0.09478636848306106
1244024659785461760,negative,0.010192661822423633
1244024659844235264,negative,0.19050857153674042
1244024659991048192,negative,0.076618566120944
1244024660070727681,negative,0.006854426349614889
1244024660146208768,negative,0.007303795144285167
1244024660787953664,neutral,0.390828263951581
1244024660880228354,negative,0.0032656026616737963
1244024660930461697,neutral,0.40619690212215365
1244024758636883969,positive,0.8616600603069345
1244024758670426113,negative,8.326590588404838e-05
1244024758791999489,negative,0.2994743149891179
1244024758905249793,negative,0.019118448759894633
1244024759035273218,neutral,0.45777987544633486
1244024759127506944,neutral,0.3364082756260011
1244024759253381121,negative,1.0519964102401984e-06
1244024759383396352,negative,0.07888518888259648
1244024759765151744,negative,0.0002795029193220092
1244024761317044224,negative,1.3290650670019594e-15
1244024762277302273,negative,0.07181987443700952
1244024762378092545,negative,0.013247961039121164
1244024763128954882,negative,0.03263459371512846
1244024763594530816,positive,0.9112861420013987
1244024763695206401,negative,0.007457218194848201
1244024764152385539,negative,3.9348260860750414e-07
1244024764261445634,negative,0.22398809708875658
1244024764307582978,negative,0.05028146864410566
1244024764315942914,negative,0.010027616628759535
1244024764479475712,negative,0.005280841697677608
1244024764605186048,positive,0.9969840482536642
1244024765075148800,negative,2.4669992803629198e-05
1244024765079343104,negative,1.8205517390407735e-07
1244024765083508736,negative,0.00020961195992256644
1244024765209337856,negative,0.19086084290616817
1244024765293223938,negative,0.08176014816802754
1244024765431627780,negative,0.0005753130511736213
1244024766497009667,negative,0.10468960525340544
1244024766706724864,neutral,0.390828263951581
1244024766882893824,negative,6.275683917048973e-07
1244024767327412227,negative,1.7318822467894598e-06
1244024767935655936,negative,0.013247961039121164
1244024767977533440,neutral,0.4385151631871915
1244024768078196737,positive,0.9996843385199005
1244024769667792896,negative,0.0011260647741890245
1244024769676271619,negative,0.02596968545840773
1244024771920216064,negative,0.00015959956259773745
1244024772771659776,negative,0.12967118804828515
1244024773052678144,negative,0.00337411272107555
1244024773069475840,negative,0.08454669763232261
1244024773266432000,neutral,0.48728019602140255
1244024773509816321,negative,1.033014280241788e-07
1244024774109601795,negative,0.11067996758633115
1244024774919061504,negative,0.0017697931613046179
1244024774986211330,negative,0.014559553375265613
1244024775074340865,negative,0.00020607782970848433
1244024775250452482,neutral,0.37758735993681
1244024775346921472,negative,0.012442416424751681
1244024775355187200,negative,0.030975385038122052
1244024775749574656,negative,0.20595769614115644
1244024776647008262,negative,0.007941176494155287
1244024776735293440,negative,0.029471417081829612
1244024776781373440,negative,0.0015414230746487508
1244024778173886466,negative,0.00016356110409267754
1244024778853416960,neutral,0.346224803672346
1244024779310497792,negative,0.06295789737338842
1244024780459778048,negative,0.2880694771189299
1244024780568870912,negative,0.17209500108840114
1244024780870778880,negative,0.1424829771831002
1244024781697159171,negative,0.28636828945128195
1244024781894307841,negative,0.0030589973226252507
1244024781982388225,negative,0.028786205109426116
1244024782280105985,negative,7.55170046903079e-13
1244024782309535744,positive,0.6969248603175057
1244024782364069890,negative,0.08442852186527655
1244024782552776704,negative,0.024232409054382096
1244024782556991488,negative,0.14504316638627815
1244024782787686403,negative,5.2963760242395466e-05
1244024782875758593,negative,0.2039108117680659
1244024782888341505,negative,0.12384272266260724
1244024783987081218,negative,0.0045234438876737785
1244024784326885377,negative,0.2991728864180918
1244024784536698880,negative,0.014020666373132514
1244024784645689345,negative,0.08982176325666852
1244024785513992194,positive,0.8427059656704835
1244024785602056194,negative,0.17235587524728185
1244024785958469634,neutral,0.4345758581449816
1244024786034003968,negative,3.56070556577383e-05
1244024786419941379,neutral,0.6121425875431429
1244024786713481217,negative,0.012442416424751681
1244024786793218048,negative,0.008480584673815461
1244024787019730944,negative,0.028979061555466146
1244024787325902848,negative,0.045924190061646705
1244024787871174656,negative,0.10525007365068327
1244024788294696960,negative,8.073877570055023e-05
1244024788298993664,negative,2.4432517951434824e-06
1244024788353507329,negative,0.023225208204430282
1244024789070733312,negative,0.056572736133206784
1244024789192323072,negative,3.114438067080389e-08
1244024789200707586,negative,1.899397288929083e-05
1244024789410500608,negative,0.013247961039121164
1244024789473341440,positive,0.9608205899575183
1244024789649502209,negative,4.226347601887284e-07
1244024790014472193,negative,0.05551567311317138
1244024791033577474,negative,0.0013632420088552785
1244024791201271809,negative,0.00020805056966684052
1244024791495049217,negative,0.00991245693035184
1244024791713095682,negative,0.08442852186527655
1244024791960600578,negative,0.03359399796312946
1244024792250015746,negative,0.15528869389432534
1244024792602349569,negative,0.054910173286224086
1244024792698638350,negative,0.014174163156158048
1244024792992407552,negative,0.0742486941091879
1244024793365651457,neutral,0.4535759911583438
1244024793420218368,neutral,0.35192477402555183
1244024794183540736,negative,0.07888518888259648
1244024794590388224,negative,0.02853232116928921
1244024797329268736,negative,0.17829294110865151
1244024797534867457,negative,0.0037876239230095537
1244024797539045377,negative,0.0006099478546395147
1244024797664653314,negative,0.0023459598113165555
1244024797748699137,neutral,0.390828263951581
1244024900257558530,negative,0.028460669592799616
1244024900488171521,negative,2.1179578229461675e-06
1244024900534272000,neutral,0.45287782903080565
1244024900995756033,neutral,0.4005704488393178
1244024901167730688,neutral,0.4345758581449816
1244024901222174720,neutral,0.39953884530825984
1244024902329552896,negative,0.00021035645909384763
1244024902350524419,negative,0.0030116999572135142
1244024902832852992,negative,0.07646339499741735
1244024903164137475,negative,0.10028755757334436
1244024904078495745,negative,0.0043863130500837125
1244024904615329794,negative,0.0002383922731559326
1244024904770637827,neutral,0.4014736624393204
1244024905034805250,negative,0.001524145678817022
1244024905219411968,negative,0.00991245693035184
1244024905609498625,negative,0.001250673954098039
1244024905827573761,negative,2.316826149068521e-05
1244024906095919107,negative,0.016847520923276123
1244024907215843329,positive,0.9705159806384699
1244024907538649088,negative,0.0010094738058381478
1244024907723411457,negative,0.0009479687791763328
1244024907823972352,negative,0.017807761960237964
1244024907899588608,negative,0.01681361962600288
1244024907945705472,negative,0.06942239350786267
1244024908201549824,negative,0.0007061331373672784
1244024908226551810,negative,0.005403103198274557
1244024908788760579,negative,0.00011266637098138763
1244024908885233666,negative,0.12573276901600672
1244024908897804288,neutral,0.390828263951581
1244024908964933632,negative,0.0017697931613046179
1244024909493305344,negative,0.022395758396607804
1244024910059581440,negative,0.01214084713688113
1244024910072217600,negative,0.026918125045612418
1244024910495834114,neutral,0.390828263951581
1244024910583906305,negative,0.0002795029193220092
1244024910596517888,negative,0.014020666373132514
1244024910827212801,negative,0.00991245693035184
1244024911414333440,negative,0.023177361428421885
1244024912332939264,negative,4.1482666134899235e-06
1244024912534286336,negative,8.238737837627716e-05
1244024912622358529,neutral,0.37758735993681
1244024914325233665,neutral,0.3426997419190028
1244024914471833600,negative,9.482829798310158e-06
1244024915361234944,negative,0.07888518888259648
1244024915776413698,neutral,0.3870020180728887
1244024916116201473,negative,0.0539562925732617
1244024916896354304,negative,0.001436535429248155
1244024917290606594,negative,0.05735691840036623
1244024918452457472,negative,0.18026980255112124
1244024918976671744,negative,0.24180224752915985
1244024919391973378,negative,0.015340898026452391
1244024919572328451,neutral,0.3348590037309957
1244024919761051648,positive,0.7237084197557027
1244024919865819137,negative,5.631541119934787e-07
1244024920322998273,negative,0.1424829771831002
1244024920440549377,negative,0.005201882690050789
1244024920562184195,negative,0.076618566120944
1244024920943792128,negative,0.053172198665071814
1244024921858211841,negative,0.005443453111527535
1244024922202083330,negative,0.08622585545606525
1244024922294358016,negative,0.10262449411129812
1244024922432770048,positive,0.7197117692830911
1244024922952937472,negative,0.02068850197620429
1244024923674288129,positive,0.9866969807531725
1244024924571938817,negative,0.31648187174201275
1244024925326901249,positive,0.9999467951616533
1244024925981114368,negative,0.0001909679186393763
1244024926639620096,negative,0.08697220296948277
1244024927608623105,negative,0.2490906786796076
1244024927780569089,negative,0.01681361962600288
1244024928036433921,negative,0.002281247492803202
1244024928359374848,negative,0.10072352574511384
1244024929420341248,negative,0.00991245693035184
1244024929684795392,negative,1.8242777695381061e-07
1244024930313875458,negative,0.01763420246123861
1244024930913697797,negative,0.17428209918488682
1244024931043737600,negative,6.723764274475842e-05
1244024931291213824,negative,0.024363263195179383
1244024931698053120,negative,0.01681361962600288
1244024931790270466,negative,0.017973317612959422
1244024931827896320,neutral,0.5386496209977075
1244024932096528384,neutral,0.3687236092004796
1244024932771737601,negative,3.493101630253062e-06
1244024933254082560,negative,6.723764274475842e-05
1244024933740675073,negative,2.3978585586243242e-09
1244024933770018817,negative,4.4816658305452745e-05
1244024934093008897,negative,0.07428056840709026
1244024934168432643,negative,0.11702042102688183
1244024935305052161,negative,0.07888518888259648
1244024935439372288,negative,0.030975385038122052
1244024935527243776,negative,0.18026980255112124
1244024935871365124,negative,0.08960518809837525
1244025035209216000,negative,0.06332619848729475
1244025035330916354,negative,0.00898831791968692
1244025035356082178,negative,0.019028834948052197
1244025035406430209,negative,3.949400390813703e-07
1244025036106760192,negative,0.0011386084664893408
1244025036371038209,negative,0.3131754924282337
1244025037079875584,neutral,0.6089678224688363
1244025037126017025,negative,0.10309600235074601
1244025037289598976,negative,0.0010704562453839825
1244025037444743168,negative,0.2738405209535777
1244025037734191104,neutral,0.33195376933296694
1244025038342414336,negative,0.0010154696974239963
1244025038455652352,negative,0.003586983480601995
1244025038573051904,neutral,0.46127768308170247
1244025038627573762,negative,0.09291753057127636
1244025038774448128,negative,0.2334716435499026
1244025039583838208,negative,0.221814724268082
1244025039692988416,neutral,0.5191732646513005
1244025039848116224,negative,4.585785833666555e-13
1244025041530093568,negative,0.28951845604878645
1244025041756598272,neutral,0.3996580091506196
1244025041953509377,negative,0.038695304771202095
1244025042851319808,negative,0.02978716672099046
1244025043249778688,positive,0.9970049624301164
1244025044151537665,negative,1.8242777695381061e-07
1244025045296517120,negative,4.663996035419966e-06
1244025045325881345,negative,0.025159004582940184
1244025046017900545,neutral,0.4743087532333881
1244025046630359042,negative,0.0005298399586659415
1244025046630371328,negative,0.0029843473401162893
1244025047263653889,neutral,0.3589609087806488
1244025047678885888,positive,0.8116534200958818
1244025048152838144,negative,0.006193554655235299
1244025048618409984,negative,0.07377430282834237
1244025048903507968,negative,0.06510089632764454
1244025049348214784,negative,0.0031626502309345878
1244025049453080577,negative,0.16456114296626626
1244025049545310210,negative,0.28636828945128195
1244025049675452416,negative,1.8242777695381061e-07
1244025050468057092,negative,0.08697220296948277
1244025050514284545,negative,0.00530068029639208
1244025050627481600,negative,0.11923776296199631
1244025050665308160,negative,0.19493373871980751
1244025050677772290,neutral,0.390828263951581
1244025050820415488,negative,0.00036813471830233276
1244025051122458624,negative,0.00025426765412921707
1244025051298631681,negative,0.0035297490061767874
1244025051445227523,neutral,0.49789225920557484
1244025051705417729,negative,0.014174163156158048
1244025052619833344,negative,0.07428056840709026
1244025052854661120,negative,0.006193554655235299
1244025053559341056,negative,0.12326268268001679
1244025054431674368,negative,0.03690540417300197
1244025055337689089,positive,0.7498369388629286
1244025055463518208,negative,0.006469292461018325
1244025056390516737,negative,0.05201499489492734
1244025057329938433,neutral,0.3492975022435117
1244025057577402369,negative,0.02978716672099046
1244025057665585153,negative,0.17209500108840114
1244025057711620098,negative,0.08175344539685528
1244025057795624961,negative,0.001799324413380521
1244025057850142721,neutral,0.5963145590495958
1244025058395394048,negative,0.1117802553600641
1244025058554785792,negative,0.060286070478451394
1244025058772824065,neutral,0.3426997419190028
1244025058999382016,negative,0.23935601549375649
1244025059053834241,negative,0.09291753057127636
1244025059930488832,negative,0.0014573675501488466
1244025060110852097,negative,0.076618566120944
1244025060215619586,negative,2.1179578229461675e-06
1244025060299603969,negative,0.028786205109426116
1244025060412796928,negative,0.0030589973226252507
1244025060840660993,negative,0.007279247704298062
1244025061931089923,negative,0.05201499489492734
1244025062119874561,neutral,0.45410781745766554
1244025062925185024,negative,0.07888518888259648
1244025062933647361,negative,2.4065600818454133e-06
1244025063248183300,neutral,0.390828263951581
1244025063600533504,negative,0.0042896154298737695
1244025063650799616,negative,0.0029311287128248884
1244025064632320000,negative,0.014020666373132514
1244025064871215106,neutral,0.6440621552849835
1244025064988737538,negative,0.27831466592643966
1244025065429250048,negative,0.09291753057127636
1244025066318450688,negative,0.014174163156158048
1244025066804973569,negative,0.2582739843990751
1244025066867683328,negative,0.00010192472705831612
1244025067379593218,negative,0.0012039928300389931
1244025067471884288,neutral,0.3645276016443074
1244025067580698629,negative,0.01698606931509277
1244025068075835392,negative,0.054816353278040165
1244025068390408192,negative,0.19949112335726718
1244025068583256064,negative,0.003579157095313274
1244025068583374849,negative,0.009025434978055562
1244025068918902784,negative,0.01452477745343396
1244025069204094977,positive,0.9969840482536642
1244025069241798656,negative,0.31732489718339985
1244025069573156865,negative,1.8684003224456202e-08
1244025069866803200,negative,0.015106864300407537
1244025070386806784,negative,0.30429910713205127
1244025070483275777,negative,0.02987304315096356
1244025071280283653,neutral,0.45088423470038164
1244025072223956993,negative,0.29212468790112484
1244025072278478849,positive,0.7370809022521947
1244025174275633152,negative,0.24191828689466593
1244025174632075265,negative,0.09678284428160779
1244025174971711490,negative,0.1915010016479636
1244025175034728450,negative,0.04413859915351229
1244025175101800448,negative,0.014559553375265613
1244025175315750913,negative,0.01214084713688113
1244025175491981312,negative,0.0070505375090745065
1244025175559081984,negative,7.040202010003944e-07
1244025176603480066,negative,0.0017697931613046179
1244025177534599168,negative,0.10386654409485807
1244025178046291968,negative,0.06178097738833835
1244025178725679104,negative,0.0803549451553196
1244025179019362304,neutral,0.390828263951581
1244025179103084545,negative,0.10392803785467522
1244025179141025792,neutral,0.4225400814574156
1244025180017569792,negative,0.17220066273451817
1244025180189601792,neutral,0.6416701250923644
1244025180437045249,negative,6.850305563406862e-05
1244025180462120960,neutral,0.5410702560054874
1244025180852301824,negative,2.385909066230478e-09
1244025180936196097,negative,0.13616406234597173
1244025181129105409,negative,0.21423234495067783
1244025182664167424,negative,0.08697220296948277
1244025182668414976,negative,0.013247961039121164
1244025182844583937,neutral,0.43446628434215023
1244025183167537152,negative,1.8242777695381061e-07
1244025183456935939,negative,0.001407338013628893
1244025183482101760,positive,0.8203403755055307
1244025183842766848,negative,0.00991245693035184
1244025183981178880,negative,0.01861826499111092
1244025183981252609,negative,4.538017683707876e-09
1244025184123838466,negative,0.00010456364902934422
1244025184245493761,neutral,0.376349660728667
1244025184467722240,negative,0.1329736971997013
1244025185495384066,negative,4.561481615700742e-10
1244025185826635779,neutral,0.49789225920557484
1244025186250301443,positive,0.9999943508957873
1244025187307270150,negative,0.17209500108840114
1244025188951502848,negative,0.007869600034484883
1244025189043703808,negative,0.29884697032163055
1244025189681238016,neutral,0.6481863708596729
1244025189685506048,negative,0.17660385781772103
1244025189773516800,negative,1.5800341554182797e-06
1244025190151000064,negative,0.0001909679186393763
1244025190209601536,positive,0.8364614706501163
1244025190595596288,negative,1.8684003224456202e-08
1244025190939529217,negative,0.014744112479803208
1244025190998302721,negative,1.7397334769307652e-05
1244025191388385280,negative,1.959217114303579e-06
1244025191476482051,negative,0.0017547213194825783
1244025192462069765,negative,1.3399576728798477e-06
1244025193527377920,negative,0.05735691840036623
1244025193842069505,negative,0.05445331772901715
1244025193913356288,positive,0.7469405270194408
1244025194051547141,negative,0.012878354383563733
1244025194085339138,negative,0.001053799776326416
1244025194265686019,negative,0.1424829771831002
1244025195612045312,negative,0.006311583743939946
1244025195737821184,neutral,0.5301568372487665
1244025196379594752,negative,0.08567744770598354
1244025196513759233,negative,0.24180224752915985
1244025196685787137,negative,0.0005098142190741126
1244025196962557952,negative,0.1059077443954215
1244025197021335552,negative,0.07428056840709026
1244025197470060546,negative,5.2963760242395466e-05
1244025198078308352,negative,0.00337411272107555
1244025198300594176,negative,0.003582440342709989
1244025198338347009,negative,0.005855180342432488
1244025198841643008,negative,0.03473602585075935
1244025200179646464,negative,0.004349703937589262
1244025200284504064,negative,0.08717938319787265
1244025200481652736,neutral,0.642956151642591
1244025200737476609,negative,3.0445489008484913e-06
1244025201039421440,negative,0.013247961039121164
1244025201634861056,negative,0.005627975638904586
1244025202163486721,negative,0.0006523085670006413
1244025203132375040,neutral,0.390828263951581
1244025203358937089,neutral,0.3364082756260011
1244025203480506368,negative,0.014174163156158048
1244025203484700673,negative,4.697606024637238e-05
1244025203971194881,negative,0.0006718736278573065
1244025204097134592,negative,8.339842930088504e-11
1244025204277424128,neutral,0.5429165048610771
1244025204461969408,negative,6.0451104675107166e-05
1244025204516495360,negative,0.0003123969881137007
1244025204541718528,negative,0.002977869115987157
1244025204763959297,negative,0.19475059124366922
1244025205141450752,negative,0.1548912925335724
1244025205678321664,negative,0.0032412740748267704
1244025205695094785,positive,0.9132521944354384
1244025205795799041,negative,5.130908500159121e-05
1244025206081011712,negative,0.00026771858299728783
1244025206299152384,neutral,0.5575291213373507
1244025207221882880,negative,0.06358921781667959
1244025207528005632,negative,1.8321779695141695e-08
1244025207658098690,negative,0.0007666200795924793
1244025207792246786,neutral,0.49789225920557484
1244025208362672128,neutral,0.3589609087806488
1244025209436413953,negative,0.05356539271012654
1244025209880969220,neutral,0.34771107840198473
1244025210816380928,neutral,0.41282044937972856
1244025210862481410,negative,0.0017547213194825783
1244025310326198274,negative,0.16658569320031022
1244025310393307137,neutral,0.3589609087806488
1244025310808551424,negative,0.00869613465051828
1244025310930251777,negative,0.02378311574890184
1244025311852822529,negative,0.1915010016479636
1244025312553209862,negative,2.71895972215169e-09
1244025312683458561,negative,0.005715174637879036
1244025312880574465,negative,0.1915010016479636
1244025313027383299,negative,0.035922124107228684
1244025313186721792,negative,0.00025426765412921707
1244025313320992769,negative,0.0002526618693155532
1244025314562453505,neutral,0.48760393527880275
1244025314998734848,negative,0.01195290168101617
1244025315300651010,negative,0.32649606274815496
1244025315308994562,positive,0.7469405270194408
1244025315489394690,negative,0.0005255049250998388
1244025316089135106,negative,0.11850303685821738
1244025316277878784,negative,0.0006734003731363533
1244025317582389248,negative,0.0001886112206461086
1244025317779537922,positive,0.9388438609633798
1244025317842436098,negative,0.29212468790112484
1244025318219960320,negative,0.036116606631866846
1244025318647758849,negative,8.25597444043272e-05
1244025318849097728,negative,6.259191125188145e-05
1244025319054626816,negative,6.723764274475842e-05
1244025319323045888,negative,0.0017697931613046179
1244025319918534656,negative,0.12972650496651228
1244025321583783936,negative,0.009497004281057831
1244025322716172290,neutral,0.37758735993681
1244025324142297090,negative,0.05471482163519855
1244025324406550528,negative,0.01681361962600288
1244025326012956672,negative,0.25008689708517823
1244025326507823106,neutral,0.44084766554245114
1244025326541459457,negative,0.018165579545738785
1244025326763560967,negative,0.0707344311490866
1244025327149617153,negative,0.00208479717376268
1244025327258656768,negative,2.5227829459270776e-05
1244025327577255937,neutral,0.390828263951581
1244025327736647680,negative,0.014527106335452355
1244025327778758657,negative,0.001079613590020828
1244025328474955778,negative,0.00021666664581851378
1244025328584085506,negative,0.010926355752474321
1244025328881655808,negative,0.0491299664409283
1244025329523527683,negative,0.0010094738058381478
1244025329741676544,negative,0.03910875533401454
1244025329900896261,negative,0.053632134342088536
1244025330072862720,negative,0.0009047738692742004
1244025330421174273,negative,1.2581897996626604e-08
1244025330664431617,negative,0.00012001363643737295
1244025331117363200,negative,5.326945029776287e-06
1244025331440328705,neutral,0.3684403227454277
1244025331570311169,negative,0.001167337890435762
1244025331729731584,negative,0.10095675399476471
1244025331905957888,negative,0.14013365415408
1244025332551880705,neutral,0.3552322237209022
1244025332593803265,negative,0.1779164002908525
1244025332707078145,positive,0.7469405270194408
1244025333336223744,neutral,0.37758735993681
1244025333969555458,negative,0.0037260517084282286
1244025335324311556,negative,0.32435123249005415
1244025335529771009,negative,0.014527106335452355
1244025335726977024,negative,0.0011386084664893408
1244025336725110785,negative,0.013247961039121164
1244025336775442434,positive,0.7296949733251787
1244025337064947712,negative,0.1067118515495815
1244025337387847681,negative,0.24180224752915985
1244025338499403776,neutral,0.36102060018497584
1244025339296337920,neutral,0.33255383827983365
1244025339623464960,negative,1.4941853386258214e-06
1244025339757633537,negative,0.000804982852372276
1244025340378439680,positive,0.76403753752704
1244025340915302401,negative,0.18870400877100352
1244025341183754240,negative,0.005250097474994626
1244025341380825092,negative,0.05735691840036623
1244025341460570113,negative,0.09026512634463385
1244025341729013762,negative,0.13482424059457582
1244025341858938881,negative,4.3151148414347564e-05
1244025341938741248,neutral,0.3589609087806488
1244025342433603586,negative,0.14013365415408
1244025342546903040,negative,0.05608604490067783
1244025342815281153,positive,0.7321259052132119
1244025342899171328,negative,0.05972227098162288
1244025343062740992,negative,0.00594723075932063
1244025343293493248,negative,0.002118966402790443
1244025344476295169,negative,0.13774074679321704
1244025344807624704,negative,0.014559553375265613
1244025344958640128,neutral,0.5429165048610771
1244025345185112066,negative,6.7830477740758905e-09
1244025346590216192,negative,0.24487333878319392
1244025346762121217,negative,0.16996643918497303
1244025346908971008,negative,0.01053482531214807
1244025348116881408,negative,2.4521009124444368e-08
1244025348205010944,negative,1.98825101783679e-05
1244025348867620865,negative,3.9772641084120805e-05
1244025450290204672,negative,0.16658569320031022
1244025450575409157,neutral,0.390828263951581
1244025451468722176,negative,0.13774074679321704
1244025451770765313,negative,0.21304823257374442
1244025451896504320,negative,0.001079613590020828
1244025452089487362,negative,0.03443939472125422
1244025452542537728,negative,0.028176337110713098
1244025453213556737,negative,0.06178097738833835
1244025453582704640,negative,0.0001909679186393763
1244025453976981505,neutral,0.3589609087806488
1244025454379532289,negative,0.07376133434871837
1244025454593540096,negative,0.01932529807794596
1244025454736093184,negative,0.31117086364062047
1244025455059046400,negative,0.005839026565597531
1244025455130357760,neutral,0.4519776483689035
1244025455205728256,negative,0.10249581546926512
1244025455310757889,negative,0.014744112479803208
1244025455319138304,negative,0.007984030768423696
1244025456585834496,negative,0.10313836046242662
1244025456678129664,negative,0.12209993865702455
1244025457063997441,negative,0.10262449411129812
1244025457554722818,negative,0.03778492834324215
1244025458011836418,negative,0.14409279483475293
1244025458280271872,negative,0.07888518888259648
1244025459337240578,negative,8.19087339781079e-08
1244025459781877760,negative,0.0716387555416344
1244025460218085376,negative,2.3057514676790278e-05
1244025460578750468,neutral,0.3434333221084611
1244025460612378626,negative,1.755238763128941e-06
1244025460855640064,positive,0.6922196133852799
1244025461203783681,negative,0.0013889321876073381
1244025461224558593,negative,0.00036813471830233276
1244025461342113793,negative,0.00014239586501853328
1244025461405036546,positive,0.8609945097114623
1244025461409103874,negative,0.1496183275347081
1244025461627330560,negative,0.00042688146565147966
1244025461698637827,negative,0.07892752297726022
1244025461719609344,negative,0.22727451274474617
1244025461803540480,negative,1.3041850944568805e-06
1244025462071996416,negative,0.0037876239230095537
1244025462852067328,negative,0.010875229255583681
1244025462961078273,negative,0.09291753057127636
1244025464722685952,negative,0.16456114296626626
1244025464865292290,negative,0.004791585305425841
1244025465045737476,negative,0.18459858958932926
1244025465305784320,negative,0.3249527678954792
1244025465473548288,negative,0.06486788590400427
1244025465502928897,negative,0.28636828945128195
1244025465867841536,negative,0.22120332196633288
1244025466010255360,negative,2.21679624062129e-08
1244025466387927040,negative,0.008840250544287945
1244025466996088832,neutral,0.4345758581449816
1244025467230769153,negative,0.03219967737929801
1244025467662991362,negative,0.006193554655235299
1244025467868336128,negative,0.21800191741775837
1244025468032028674,negative,0.012044781112305846
1244025468396933121,negative,0.00290985186293306
1244025468409569281,negative,0.028786205109426116
1244025468535390209,negative,0.019118448759894633
1244025469055492096,negative,0.019118448759894633
1244025469198049280,negative,0.2661817454309147
1244025469244256256,negative,0.03405143183570057
1244025469281984513,neutral,0.3526434678804405
1244025469571399681,positive,0.9042982683387465
1244025469986619393,positive,0.7232341814553414
1244025469994807296,negative,3.3325660076875213e-07
1244025470552805378,negative,0.2490906786796076
1244025471064576003,negative,1.9179484915738627e-05
1244025471207178240,negative,0.11953061795543993
1244025472695947265,neutral,0.34215188267875346
1244025473128071168,negative,6.7928838549528925e-06
1244025473438568448,negative,0.15672606320282045
1244025473476317184,negative,0.0017697931613046179
1244025473522372610,negative,0.00012001363643737295
1244025473774075905,neutral,0.41330306653883137
1244025474159796224,negative,0.0009461095119313201
1244025474285735936,negative,0.00018474007345830438
1244025474369585152,negative,0.1691966391398332
1244025474583576579,negative,0.0031452436625373616
1244025474944139281,negative,0.007008499037370445
1244025475049181186,negative,9.120706765376357e-08
1244025475187474432,negative,1.98825101783679e-05
1244025475435020289,negative,0.02305743906501117
1244025475774676993,negative,0.00014239586501853328
1244025476848463872,negative,4.085722380707519e-06
1244025477339254786,negative,0.0001909679186393763
1244025477532135424,negative,5.429374533067134e-13
1244025477918007299,neutral,0.6176950272001751
1244025478597545988,negative,5.9942838853594426e-05
1244025478706532353,negative,0.05409096710927392
1244025479499317249,positive,0.7469405270194408
1244025479851540480,negative,0.0003850390076330147
1244025480703094786,neutral,0.390828263951581
1244025481223077888,neutral,0.390828263951581
1244025481340616706,negative,0.04632545538637124
1244025481428598784,neutral,0.6555042334532262
1244025481697116161,negative,0.02388387853209931
1244025482603044864,negative,0.0022707930825630863
1244025482661842945,negative,0.006133014670334267
1244025483240583169,positive,0.9706280058857214
1244025483672649729,negative,0.10737370872367459
1244025483731361795,negative,1.8242777695381061e-07
1244025484247252995,negative,0.02452629293983938
1244025484398166016,negative,0.06672298738778008
1244025484498866176,negative,0.24901907713768348
1244025484712849411,negative,0.07428056840709026
1244025484800937984,negative,0.07428056840709026
1244025485165813761,negative,1.4424309949640302e-06
1244025485492989953,negative,0.005458668689732307
1244025485715267584,negative,0.10313836046242662
1244025485748830208,negative,0.04553091128099731
1244025486034034688,neutral,0.3582018671090553
1244025486319259648,negative,2.439390101505376e-05
1244025486612684802,positive,0.9718835089777323
1244025486776336385,negative,0.0006734003731363533
1244025488080855040,negative,0.24180224752915985
1244025488198246403,negative,0.03443939472125422
1244025488269611008,negative,0.05333426148897456
1244025488672272384,negative,0.21141971513274244
1244025488806416385,negative,0.00021436605077256658
1244025583635488768,negative,8.594847479320453e-05
1244025583698358272,negative,0.01049127172290293
1244025584885227522,negative,0.01698606931509277
1244025584889585665,negative,0.27877364902778706
1244025585350909954,negative,8.929166408792132e-06
1244025585912946690,negative,0.05986609387716805
1244025586110140419,negative,0.06646582396735787
1244025586357547008,negative,5.855222985622036e-08
1244025587217444864,negative,0.02886017303890013
1244025587238424578,positive,0.8098565425382598
1244025587624222721,negative,0.0021955161443353737
1244025587984932864,negative,0.005149073309943974
1244025588056236032,negative,0.0014989582306061445
1244025588169523203,negative,1.8684003224456202e-08
1244025588215689218,negative,0.006655822215966982
1244025588597301248,negative,0.1279452037036052
1244025589855641602,negative,1.9142691918388633e-05
1244025590396715009,negative,0.01681361962600288
1244025590459613184,negative,0.0114134679928271
1244025591617249281,negative,0.0009796811594167528
1244025591717924865,negative,0.007684664469746029
1244025591910760448,negative,0.007664334446542362
1244025592472899585,negative,0.1424829771831002
1244025592544190464,negative,0.03841202712492362
1244025592560922628,negative,0.046134421164152596
1244025592665780225,negative,0.20374480277181892
1244025593194258433,negative,0.01053482531214807
1244025593236205569,negative,1.8242777695381061e-07
1244025594259681280,negative,0.00017741143696434547
1244025594372915201,negative,0.04110260949429552
1244025595043987457,positive,0.7197117692830911
1244025595484307456,negative,0.027189524889273457
1244025595853488128,negative,0.07888518888259648
1244025596432265216,negative,0.0002945834145193048
1244025596679774209,negative,0.24268298597579205
1244025596746874880,negative,4.902788787598944e-05
1244025596864233474,positive,0.7498369388629286
1244025597027913728,negative,0.05333426148897456
1244025597367484417,negative,3.9772641084120805e-05
1244025597430501376,negative,0.003582440342709989
1244025598252658690,negative,0.1049814526781941
1244025598336524291,negative,0.016847520923276123
1244025598961475585,negative,6.7928838549528925e-06
1244025599049465858,negative,0.13743600271395537
1244025600999735297,neutral,0.48656488737471426
1244025601029214209,neutral,0.390828263951581
1244025601050247170,positive,0.9388438609633798
1244025601331204096,negative,0.01528841822572458
1244025601649979394,negative,7.70487566273515e-06
1244025601922609153,negative,4.663996035419966e-06
1244025601977188352,negative,0.07428056840709026
1244025602346299393,neutral,0.45088423470038164
1244025602606276608,negative,0.16244269729540947
1244025602702823425,neutral,0.557531550843803
1244025603310800898,negative,0.06464858999659524
1244025603717828609,negative,0.007110570093907768
1244025604275679232,negative,0.09886966143565858
1244025604355297280,negative,0.09026512634463385
1244025604401442816,negative,0.03904896380339715
1244025604439265283,negative,0.012444085968656664
1244025604565073920,negative,0.000379073354016047
1244025604627812352,negative,0.0013357400429448863
1244025605018001412,negative,0.0005716136412680309
1244025605101944832,negative,0.186728672369972
1244025605403934720,negative,0.0007370845933110191
1244025606070775808,negative,9.482829798310158e-06
1244025606364450818,negative,0.1424829771831002
1244025606490263553,neutral,0.6298040107077135
1244025607131934720,negative,0.034757561817672554
1244025607643635713,negative,0.0001909679186393763
1244025608763555842,negative,0.1563304758731794
1244025609577168897,negative,5.516590001168868e-07
1244025610109739008,positive,0.7469405270194408
1244025610516729857,negative,6.889119059428843e-05
1244025611150073857,negative,0.16225170624849117
1244025611292557312,neutral,0.6298040107077135
1244025611342970881,negative,0.044780199323690616
1244025611871535105,negative,0.0596366276633194
1244025612248940544,negative,0.00011725865765999774
1244025612429385732,negative,0.20285707906721487
1244025612488056836,neutral,0.390828263951581
1244025612513280001,negative,0.1264023963825559
1244025612660072448,negative,0.09026512634463385
1244025612987240448,positive,0.7153971336459285
1244025613209473024,negative,0.1406978811554509
1244025613670928386,negative,0.07886313345958026
1244025613721243648,negative,5.152115751946971e-10
1244025614186602499,negative,0.021154099824356197
1244025614337802240,negative,0.05984186701027242
1244025614467764225,negative,0.0011773400050860616
1244025615046639616,negative,0.0007406189743043467
1244025615092789249,negative,0.00898831791968692
1244025615705149440,neutral,0.48760393527880275
1244025616095236096,negative,2.439390101505376e-05
1244025616980049921,negative,0.00025426765412921707
1244025617961582593,negative,0.16319838102168704
1244025617974276097,negative,0.07705390217895335
1244025618246893568,negative,0.04880136801565668
1244025618938892289,negative,0.07888518888259648
1244025619186429954,negative,1.8684003224456202e-08
1244025619337416704,negative,0.007881312830968726
1244025619438096384,neutral,0.527856824038823
1244025619534536705,negative,0.12040905780439189
1244025619987472384,negative,0.060286070478451394
1244025620318892032,negative,0.014871564723888129
1244025620381777920,negative,0.19113004937613032
1244025620511817728,negative,0.2762506625177628
1244025621287563264,negative,0.32128655990328797
1244025621656846337,negative,0.019118448759894633
1244025621929431045,negative,0.0002795029193220092
1244025622688604161,negative,0.0008710773828499686
1244025623011627008,neutral,0.390828263951581
1244025623380733952,negative,0.026918125045612418
1244025623942705154,positive,0.7469405270194408
1244025726048841729,negative,0.11781681577077155
1244025726455762945,negative,0.22455680790556404
1244025726564732928,negative,0.003889857093689067
1244025726698958849,positive,0.8319234987344847
1244025727030308866,negative,0.11145264935100732
1244025727097475073,positive,0.9021742386769215
1244025727592402945,negative,0.02582118445676689
1244025727625744384,negative,0.21537432307405738
1244025727969677312,negative,0.003097148338532548
1244025728238325761,negative,1.8684003224456202e-08
1244025728301240320,negative,2.1179578229461675e-06
1244025728758435840,negative,0.09291753057127636
1244025729127452672,negative,0.00015959956259773745
1244025729614045184,negative,0.2571826620607748
1244025729882509313,neutral,0.48656488737471426
1244025730343882753,negative,0.23581933346286232
1244025730520035330,negative,0.020964228647196517
1244025731514064899,negative,0.29121157627015615
1244025732520644609,neutral,0.6457423802859142
1244025732667449345,negative,0.2954018959370451
1244025732696850435,neutral,0.48656488737471426
1244025732784951297,negative,0.2490906786796076
1244025733636329472,negative,0.05608604490067783
1244025734005489667,negative,6.850305563406862e-05
1244025734026399746,negative,0.077082791329776
1244025734441598978,negative,0.05175766468475429
1244025734445834241,negative,0.0002744795737751047
1244025734487777280,negative,0.09291753057127636
1244025734538104835,negative,0.2702536744387154
1244025734936637440,neutral,0.4345758581449816
1244025735381233664,negative,0.00020805056966684052
1244025735402213377,negative,0.009201968367366257
1244025735431454724,negative,1.146477616790269e-06
1244025735439884290,neutral,0.38648463292877455
1244025736165560320,negative,0.10525007365068327
1244025736505298945,negative,0.005855180342432488
1244025737650286592,negative,0.25636040181518355
1244025737771995138,negative,0.19084692219094765
1244025738111512577,negative,0.06775319667568402
1244025738367557635,neutral,0.3647928827208937
1244025738518564865,negative,1.978838274904281e-07
1244025738812162048,negative,0.0013632420088552785
1244025738988322816,negative,0.10249581546926512
1244025739084615681,negative,0.00011984578810360603
1244025739214819328,positive,0.915855727726811
1244025739344850947,negative,0.10262449411129812
1244025740049481728,negative,0.16456114296626626
1244025740431175681,negative,0.028460669592799616
1244025740519145474,negative,0.0012039928300389931
1244025740632264706,positive,0.9050305954998095
1244025740833755137,negative,0.001951247255355429
1244025741068472320,negative,0.010316881997616727
1244025742050107398,neutral,0.49789225920557484
1244025742389846017,negative,0.17209500108840114
1244025742528258050,negative,6.363327339012943e-06
1244025742989635584,negative,0.0006959522914023392
1244025743094341633,neutral,0.411594083119197
1244025744616878080,neutral,0.33477236587883014
1244025744805642243,negative,0.058878629509492
1244025744956821506,negative,0.001053799776326416
1244025745082589184,negative,1.98825101783679e-05
1244025745208467456,negative,0.0006239097380215572
1244025746089218049,neutral,0.5823631665994498
1244025746353524736,positive,0.7469405270194408
1244025746374438914,negative,6.273392623221386e-05
1244025747230113793,negative,0.00530068029639208
1244025747917934592,negative,0.0020799521218041544
1244025748257734658,negative,0.05333426148897456
1244025748358381569,positive,0.7469405270194408
1244025748807024641,negative,0.038233058079972626
1244025749432143873,negative,0.0031626502309345878
1244025750006759425,negative,1.98825101783679e-05
1244025750166044673,negative,0.2652276482095635
1244025750996606977,negative,0.001104652709216855
1244025751000752129,negative,0.09291753057127636
1244025751009198082,negative,2.742839339913526e-08
1244025751550275584,negative,0.005804692307991325
1244025752678551552,positive,0.9609876105177408
1244025753450283010,positive,0.9120685217467138
1244025753613852672,negative,0.26394560431101827
1244025753647435776,neutral,0.46511884455441777
1244025753861267457,negative,0.01850270136325106
1244025755266318336,negative,0.0003101518661214468
1244025755778121729,neutral,0.390828263951581
1244025755962617856,negative,0.006249816993937158
1244025756247887872,negative,2.1179578229461675e-06
1244025756403064833,negative,0.15673133895328037
1244025756591718400,negative,0.0005098142190741126
1244025756956659712,negative,0.00869613465051828
1244025757103534080,negative,0.2770037943722773
1244025757380329472,negative,0.025196531538591846
1244025757699014657,positive,0.9442964071010927
1244025758189867009,negative,0.010069176028396761
1244025758269476869,positive,0.7099469896476155
1244025758856744960,negative,0.0016411195753158903
1244025759267725313,negative,0.014174163156158048
1244025759271997440,negative,0.027682355108066617
1244025759599136768,negative,0.02853232116928921
1244025759838220288,negative,0.0001886112206461086
1244025759892680704,neutral,0.48728019602140255
1244025760828047362,negative,2.4427628496694797e-05
1244025761494962176,negative,0.001988035097207397
1244025761666756610,negative,0.11682796071058832
1244025761692102656,negative,0.0010365848771031784
1244025762660978688,negative,0.060761608208226146
1244025762719707137,positive,0.7576316755422509
1244025862384766976,negative,0.24180224752915985
1244025862527295488,negative,0.08176014816802754
1244025862862839809,negative,0.026918125045612418
1244025862984433666,negative,0.004803724935809614
1244025863395565568,negative,0.002311904940806376
1244025863877865472,negative,0.0002574674432485011
1244025863890505728,negative,0.15627278010135892
1244025864028696576,negative,0.00208479717376268
1244025864758734849,negative,0.09026512634463385
1244025864859385857,negative,0.0035297490061767874
1244025865140350976,negative,0.01681361962600288
1244025865719209986,negative,0.07888518888259648
1244025865803124736,neutral,0.43138062100075286
1244025866163716096,negative,0.006830052001584717
1244025866268573696,negative,0.03340774186861062
1244025866428002304,negative,0.04905992196302976
1244025866444779520,positive,0.6965603453897659
1244025867057102848,negative,0.13774074679321704
1244025867417915392,negative,1.8242777695381061e-07
1244025867577233408,negative,0.03284306220616081
1244025867732426753,neutral,0.4953448567939642
1244025867883315206,neutral,0.4778352122994631
1244025869674348545,negative,0.0005753130511736213
1244025870207115264,negative,2.9464112775223254e-12
1244025871184388096,negative,0.00042758933406842806
1244025871377281024,negative,0.31732489718339985
1244025871540903937,neutral,0.3381936340343439
1244025871914000385,positive,0.9042982683387465
1244025872497160192,negative,0.0756101164809926
1244025872560140288,neutral,0.390828263951581
1244025872690171904,negative,1.2849896431843813e-05
1244025873671618563,negative,0.019118448759894633
1244025873789042689,negative,0.16456114296626626
1244025874682449920,negative,2.0857413674571493e-07
1244025874896367616,negative,0.11874421830658326
1244025875131256832,negative,0.05899725363726368
1244025876624355328,negative,0.01382226449491684
1244025877794603008,neutral,0.4299371657496221
1244025877828112386,negative,0.0005311804152056682
1244025878033694723,negative,0.019118448759894633
1244025878042066944,negative,0.007869600034484883
1244025878654390272,negative,0.05201499489492734
1244025879069626368,negative,0.0005819259521150307
1244025879220629504,negative,0.09291753057127636
1244025879266824192,negative,0.17448246323826827
1244025879891763201,negative,0.014174163156158048
1244025880185274369,negative,0.11957491364752679
1244025880609009664,negative,0.08442852186527655
1244025881200336896,negative,0.18892722313847654
1244025881917624321,negative,0.035806655062775625
1244025882370551812,negative,0.004780800671256732
1244025882643234816,negative,0.005389779244408649
1244025882928386048,neutral,0.34344056005833157
1244025883180007424,negative,0.08176014816802754
1244025883326853120,negative,1.8511528522348892e-06
1244025883951869953,negative,0.016847520923276123
1244025884098596864,negative,0.003777172062658549
1244025884371300353,negative,0.00015204561433927166
1244025884492935168,negative,0.076618566120944
1244025884656439296,negative,0.00013097858183640877
1244025885323407360,negative,0.0001886112206461086
1244025886233579521,neutral,0.390828263951581
1244025886246088706,negative,0.04740234975340004
1244025887298859011,negative,4.663996035419966e-06
1244025887684730880,negative,0.021400414606933364
1244025887856701441,neutral,0.5503614595871701
1244025888133521409,negative,0.0176372839310564
1244025888758472704,negative,1.98825101783679e-05
1244025889404444672,negative,0.023043299863217983
1244025890423611392,negative,0.004370295483137032
1244025891375788032,negative,0.10262449411129812
1244025892348866563,negative,0.0032284765280983863
1244025892789260290,negative,0.0003668628330170964
1244025892940197888,negative,0.007869600034484883
1244025893514883074,negative,0.10404871171268497
1244025893540020226,negative,0.0006099478546395147
1244025893787512832,neutral,0.3921533588098319
1244025893825261570,negative,0.014559553375265613
1244025893980262400,negative,0.0003719689614766763
1244025894093623296,negative,0.03089600406047257
1244025894169083905,negative,0.024959419652545826
1244025894676692994,negative,0.07888518888259648
1244025894705876992,negative,0.0006239097380215572
1244025894974488576,negative,0.2721793282871665
1244025895578406912,negative,0.0012108590536803754
1244025895825936384,neutral,0.4130108049244908
1244025895964291072,negative,0.00869613465051828
1244025897486860288,neutral,0.396352349529719
1244025897566572545,negative,0.23948123533436255
1244025898099265536,negative,0.019118448759894633
1244025898300518400,negative,0.07888518888259648
1244025898958979074,negative,0.1577802935957789
1244025899072266241,negative,0.014871564723888129
1244025899349086210,negative,0.028786205109426116
1244025899369951232,negative,1.0503994522332903e-05
1244025899458191361,negative,0.32545960972687854
1244026004206739456,negative,0.1533730748259467
1244026004672217088,negative,4.4816658305452745e-05
1244026004923801601,negative,0.058802011977639984
1244026005313982465,negative,0.278145948715788
1244026005666357249,neutral,0.6079000528361511
1244026005750251520,negative,9.130348417069806e-07
1244026005989326849,negative,0.00015457043592953624
1244026006035410945,negative,0.038233058079972626
1244026006215720960,positive,0.9388438609633798
1244026006463266816,negative,0.02970821146036543
1244026007771807744,negative,0.014174163156158048
1244026008279420930,negative,0.019118448759894633
1244026008472338432,negative,0.0007906295047155881
1244026008963035136,negative,0.1779799169747411
1244026009130635264,negative,0.0006451132978586223
1244026009135067137,negative,0.08471797663333487
1244026009290264576,negative,0.07714986956063608
1244026009499758592,negative,0.014174163156158048
1244026010393288706,negative,0.043277921148820564
1244026010716291072,negative,0.05445331772901715
1244026010921811968,positive,0.8830697916778627
1244026011169275904,negative,0.005855180342432488
1244026011861352448,negative,2.8894711438350323e-09
1244026012704350212,negative,0.0010389184085921065
1244026013610389506,negative,1.8371839591104701e-06
1244026013681618944,negative,0.003922464147265156
1244026014717472771,negative,0.003264603665788209
1244026014784802818,negative,0.1577802935957789
1244026014948306944,positive,0.8674856477749958
1244026015078404096,positive,0.802943326717702
1244026015107743744,negative,0.0016976735875525617
1244026015158013954,negative,4.944302290244286e-07
1244026015443292161,positive,0.7657760992071342
1244026015954894850,negative,0.3277632691991111
1244026016005337088,negative,0.0016949289233637109
1244026016063991811,negative,0.19256332456571953
1244026016261005322,negative,0.0011283873035594393
1244026017074692096,negative,0.00530068029639208
1244026018207281153,negative,0.016146765117041197
1244026018509307904,negative,0.012846929817291138
1244026019847245824,negative,0.038233058079972626
1244026020245667841,negative,0.07730921141011626
1244026020300283908,negative,2.714082939778685e-13
1244026020942020608,negative,0.14266267323050072
1244026021986394113,negative,0.0029311287128248884
1244026022904938496,negative,0.07714986956063608
1244026022967889920,negative,0.07428056840709026
1244026023265648642,negative,0.18232273456590498
1244026023496253441,negative,3.0446548507471915e-05
1244026025010499584,negative,0.06936187780893428
1244026025014525952,neutral,0.390828263951581
1244026025299841024,negative,0.008881809583411055
1244026026558185473,positive,0.8348424209383889
1244026026591690754,negative,0.29212468790112484
1244026027103436800,negative,0.0005883784742646304
1244026027942215680,negative,0.05197789273324789
1244026028739174400,negative,0.10296855320314423
1244026028743409666,negative,0.0003363782259785832
1244026029297078276,neutral,0.390828263951581
1244026029326336001,negative,0.017807761960237964
1244026029502595072,negative,0.02745209489956887
1244026029561307136,neutral,0.6343784244843795
1244026030370754560,negative,0.012878354383563733
1244026030618300418,negative,7.271421688166465e-05
1244026030689595392,negative,0.00022014525855841875
1244026030802849792,negative,0.0005270695034843159
1244026030987202560,negative,0.02182542632275869
1244026030987317248,negative,0.13774074679321704
1244026031196995584,negative,0.2644656485096884
1244026031394127872,negative,0.00337411272107555
1244026031473737730,positive,0.9263507403379335
1244026031675183104,negative,0.3145526396839488
1244026031847202818,negative,0.002018395755007259
1244026031998152704,negative,0.004851505573309127
1244026032312680448,negative,0.014871564723888129
1244026032337891328,negative,0.29956610173939785
1244026032631549952,negative,0.022419743801535757
1244026033289998337,negative,0.1424829771831002
1244026033424289792,negative,0.17577801972821377
1244026033550045184,positive,0.9999092977075822
1244026034166599680,negative,0.027594707047567807
1244026034338631684,positive,0.9862300452775462
1244026034401546240,neutral,0.5712846859328367
1244026034598694912,negative,0.08783194342588421
1244026035114512387,negative,0.30419449810868154
1244026035395604482,negative,8.00548688893901e-05
1244026035567550468,negative,0.04046747269011087
1244026035705913344,negative,0.007341945149001535
1244026035810729985,neutral,0.4345758581449816
1244026036142116864,negative,0.15973570088950512
1244026036511281152,neutral,0.6065957534934286
1244026036578398208,negative,0.006887289204090291
1244026036993560579,negative,0.1464981080508355
1244026037106880515,negative,0.076618566120944
1244026037727453185,negative,1.531016139327541e-05
1244026038604173314,negative,0.00011788935051615322
1244026039724056577,negative,5.955493866311418e-13
1244026039883497474,positive,0.7716453847898219
1244026040156119040,negative,0.08176014816802754
1244026040223219712,negative,4.5128626018559156e-06
1244026040336486401,neutral,0.5547948592490254
1244026040600662016,negative,0.1424829771831002
1244026040835624961,negative,0.2615153422110196
1244026040999186433,negative,0.041911884345317285
1244026041162661890,negative,0.004955484778801689
1244026041670213632,negative,0.07622870171707778
1244026041733128192,negative,0.04497548437221162
1244026141364695040,negative,0.07156352960816452
1244026141679083521,negative,0.2566476569648661
1244026141935050753,negative,0.00766346060285886
1244026141964451840,negative,0.06453666708214764
1244026142656528384,negative,0.007984030768423696
1244026142757175296,negative,2.0857413674571493e-07
1244026142924865536,negative,0.051076278641762916
1244026142975238144,negative,0.30235157750653596
1244026143201726464,negative,4.5128626018559156e-06
1244026143478558720,neutral,0.557531550843803
1244026143776309248,negative,0.2393551427515663
1244026143797321729,negative,0.0002761499515193093
1244026143797379074,negative,0.014174163156158048
1244026144300679170,negative,6.7830477740758905e-09
1244026144782983169,neutral,0.390828263951581
1244026144812421120,negative,0.02970821146036543
1244026144829161472,negative,0.01681361962600288
1244026145122725890,negative,0.10634319498217758
1244026145575665669,neutral,0.4442015093938886
1244026145646968832,negative,0.00021436605077256658
1244026146477551617,negative,0.006177882880696625
1244026146729136128,negative,0.13249726493411515
1244026147077226498,neutral,0.3840923863658586
1244026147089735681,negative,0.015887996908581024
1244026147219943424,neutral,0.6556728453076102
1244026147521863680,negative,0.24180224752915985
1244026147974905859,negative,0.014174163156158048
1244026148134232064,positive,0.8507848956088206
1244026148146864128,negative,0.007303795144285167
1244026148939599873,negative,0.08471797663333487
1244026148947988480,neutral,0.390828263951581
1244026149371555841,negative,0.16225170624849117
1244026149702971393,negative,0.014744112479803208
1244026149744844800,negative,0.17433290642528726
1244026149853974529,negative,0.0013976405460295667
1244026150348873729,negative,0.03813803644558683
1244026150432780288,negative,0.0907578961905617
1244026150797664256,positive,0.7498369388629286
1244026151007387648,negative,0.00010674413054765359
1244026151133159424,neutral,0.3741525848128945
1244026151732776960,positive,0.7469405270194408
1244026152060100608,negative,0.0011920319588400409
1244026152588660737,negative,0.014778432954610206
1244026153142280193,negative,0.19172472886636935
1244026153347792896,negative,0.02532478958959838
1244026153368764416,negative,0.030176414244936927
1244026153586786305,negative,0.08697220296948277
1244026154203267077,negative,0.00018340135208291865
1244026154429882370,negative,0.028786205109426116
1244026155419795456,negative,0.043298645326600174
1244026155474157571,positive,0.7469405270194408
1244026155814006786,negative,0.07428056840709026
1244026156258557952,negative,0.004370295483137032
1244026156560646145,negative,0.22396905298110958
1244026156694867969,negative,0.23408909361677002
1244026157575671808,negative,0.022119227220544945
1244026158628429824,negative,0.06286137375978149
1244026158749974528,positive,0.6692647238052374
1244026158775181312,negative,0.01590088979227108
1244026158783565826,negative,0.1833385800803208
1244026159555371008,negative,7.853150883004591e-08
1244026159958052864,negative,0.0004496268538134886
1244026160364826626,negative,0.014871564723888129
1244026160473833472,negative,0.03316311259159137
1244026160977268736,negative,0.10826713769174297
1244026162210373632,negative,0.014174163156158048
1244026162688466944,negative,0.028786205109426116
1244026163548299265,negative,0.1779164002908525
1244026163720343557,negative,0.00015715448757626496
1244026163829366785,negative,0.004280885515737316
1244026164060000257,negative,0.010069176028396761
1244026164454338561,negative,0.0001599901571252467
1244026164466810881,negative,0.08471797663333487
1244026164617908225,negative,0.0031626502309345878
1244026164643008512,negative,7.239133007764334e-08
1244026164848574464,negative,0.26516702541641546
1244026165129592832,negative,0.0907578961905617
1244026165523816449,negative,0.01681361962600288
1244026165674872832,negative,0.015571523118120231
1244026165892874240,positive,0.9743733367692469
1244026166685687809,negative,2.9464112775223254e-12
1244026166819934208,negative,0.02392333193010132
1244026166924709888,negative,0.012926277302963508
1244026167948173312,negative,0.006318492980133358
1244026169743245314,negative,0.014174163156158048
1244026170506711041,negative,0.045839805345652095
1244026170762502144,negative,0.042432626170485974
1244026170829651968,negative,0.0008061474307361671
1244026170838077440,neutral,0.37906013483307166
1244026170875641859,negative,0.10746634636613425
1244026171014221826,negative,0.05403650747959751
1244026171404230656,negative,3.8415379167110433e-10
1244026171433631745,negative,0.05333426148897456
1244026172566048768,negative,1.65599749458431e-05
1244026172582789123,negative,0.02378311574890184
1244026172780011520,negative,1.5203723629878158e-05
1244026172968755203,negative,2.439390101505376e-05
1244026173589520385,negative,6.190594464836083e-05
1244026173753040896,negative,1.8242777695381061e-07
1244026173925076992,neutral,0.46127768308170247
1244026173996269568,negative,0.0005169763210756128
1244026174143188993,neutral,0.5978743861407889
1244026174239641600,negative,0.02007313038470928
1244026175208296453,negative,0.019118448759894633
1244026175279808512,positive,0.7677387713691477
1244026175900565505,negative,0.11054382434222741
1244026176030507009,negative,0.31089507691468937
1244026176089329664,negative,0.004370295483137032
1244026177775448065,negative,0.02561699281217725
1244026178320715777,negative,0.0015469729320194043
1244026178354253824,negative,0.08471797663333487
1244026276895211522,negative,0.24180224752915985
1244026276907810816,negative,0.00010528842166788263
1244026277239144450,negative,1.2901216795624317e-05
1244026277348216832,negative,0.046159298815211636
1244026277436276737,negative,0.034301583021262044
1244026277620666369,positive,0.8751624254291721
1244026277851467776,negative,0.019118448759894633
1244026278375718912,negative,1.8242777695381061e-07
1244026278786805762,positive,0.9453158762691072
1244026279223058435,negative,0.0015758745014679775
1244026279260798978,positive,0.979240167394435
1244026279835435011,negative,0.13852180413970117
1244026279877398529,negative,0.00016723156813043674
1244026280166731776,negative,0.08982176325666852
1244026280259059713,positive,0.7469405270194408
1244026280355475457,negative,0.01576065500814486
1244026280632356865,negative,0.0001369500258367358
1244026281076772864,negative,3.572402507016171e-07
1244026281076891648,neutral,0.3534979281684381
1244026281714466817,neutral,0.390828263951581
1244026281920016384,negative,0.2628470976205528
1244026282154905600,negative,0.17428209918488682
1244026282389708803,negative,0.0803549451553196
1244026282498613248,negative,0.06589268879415784
1244026282532376577,negative,4.817052606080961e-05
1244026282679177217,neutral,0.6028106130375538
1244026282947555331,negative,0.0025435276609046186
1244026283517980675,negative,0.31165409770882224
1244026283731927040,neutral,0.5169191973525927
1244026283824230400,negative,0.20595769614115644
1244026283933282306,negative,0.002594524098099029
1244026284252037120,negative,0.10249581546926512
1244026285334179841,negative,0.08471797663333487
1244026285422194689,negative,0.04320371404999976
1244026286101737474,positive,0.8348424209383889
1244026286193983489,negative,2.316826149068521e-05
1244026286407852033,negative,0.17209500108840114
1244026286667898882,negative,0.019118448759894633
1244026286676336641,negative,0.06814112015769194
1244026286856601601,negative,0.26455672010482073
1244026286894350336,negative,0.00042688146565147966
1244026287016095744,negative,4.902788787598944e-05
1244026287821381632,negative,0.0009461095119313201
1244026288446353409,negative,0.07154182954859709
1244026288819580928,negative,0.03219967737929801
1244026289247473665,negative,0.013247961039121164
1244026289788465152,positive,0.9834656481890431
1244026289876582400,negative,4.825886574815584e-06
1244026290526707712,negative,1.7714427502940597e-06
1244026290732138497,negative,0.002118966402790443
1244026291000619008,negative,1.2920788921766404e-06
1244026291642421249,negative,0.08463084687776241
1244026292665823233,negative,1.98825101783679e-05
1244026293236137986,negative,0.014803474008022805
1244026294171340800,positive,0.9170800626741411
1244026294938951680,negative,0.07186893458998396
1244026294981070849,negative,0.0008061474307361671
1244026295840800768,negative,4.085722380707519e-06
1244026296058941441,negative,0.23871696831429615
1244026297128542208,negative,0.22398809708875658
1244026297518563329,negative,0.0014449269845811352
1244026297753292800,negative,9.968860173212641e-08
1244026298554613760,negative,0.005715174637879036
1244026298793680899,negative,0.07888518888259648
1244026299930284033,negative,0.032403238901281856
1244026300140044288,negative,0.19949112335726718
1244026300379082752,negative,0.03690540417300197
1244026300525928449,negative,0.014174163156158048
1244026301222211587,negative,5.4772350220193564e-06
1244026302291640322,negative,0.10985128387728485
1244026302404927488,negative,0.002118966402790443
1244026302526631936,negative,0.007303795144285167
1244026302702723072,negative,0.004382775254306375
1244026302723764225,negative,0.13743600271395537
1244026303356928002,negative,0.0013632420088552785
1244026303407362048,negative,0.11197740695889441
1244026303432609792,negative,4.663996035419966e-06
1244026303910723584,negative,0.19502562806567475
1244026304455942144,negative,0.027682355108066617
1244026304606978050,negative,0.01861826499111092
1244026305718259713,positive,0.7469405270194408
1244026305731080194,negative,0.0007936376786950595
1244026305969967104,negative,0.1487665000252149
1244026306116882434,negative,0.00015715448757626496
1244026306507034625,positive,0.663706193271865
1244026306641235968,negative,0.0010839403259345231
1244026306716631041,negative,0.020882602458777433
1244026306800627712,negative,0.004452931989631391
1244026306905300993,negative,0.1828199025569625
1244026307576545280,negative,0.005327765183710372
1244026308415406081,negative,0.3111494483966475
1244026308700639233,negative,0.00010024628711629664
1244026308767756288,negative,0.012444085968656664
1244026308826468353,negative,0.1768859559057724
1244026309665325056,negative,0.014871564723888129
1244026309703012353,negative,0.014106688084981195
1244026310688677888,negative,0.01647573936842801
1244026310776758272,negative,0.0011386084664893408
1244026311422681089,negative,0.00045364844925244955
1244026311569539072,negative,3.7647540586799463e-06
1244026312076988417,neutral,0.46428048079693396
1244026313259827200,negative,6.275683917048973e-07
1244026313716858880,negative,1.667524079146697e-05
1244026314056699905,neutral,0.3751396305970406
1244026314115473409,negative,0.00014526383508671353
1244026314564214785,neutral,0.390828263951581
1244026410848714753,neutral,0.3548352716588053
1244026410877976576,negative,0.008886534378053224
1244026411188473856,negative,0.0003363782259785832
1244026411297443844,negative,0.007759857414695788
1244026411406569472,positive,0.7716453847898219
1244026411461025793,negative,0.01727500718448874
1244026412274790402,neutral,0.3548352716588053
1244026412371046416,negative,0.08527242986835161
1244026413554053123,negative,7.44554355691862e-06
1244026414925479938,negative,0.08697220296948277
1244026415361728513,negative,0.0011773400050860616
1244026415391150082,negative,0.028786205109426116
1244026416318099458,negative,0.19949112335726718
1244026417727393793,negative,0.12627340774012438
1244026418700443650,negative,0.14155828623372102
1244026418792665089,negative,0.002143509141176189
1244026419472187392,neutral,0.6416701250923644
1244026419631525889,negative,1.8242777695381061e-07
1244026419870654466,negative,0.0001909679186393763
1244026420076122113,negative,0.01543724118624327
1244026420910862337,negative,0.08834571882132593
1244026421162491904,positive,0.7109487411422513
1244026421544181760,negative,0.028786205109426116
1244026421590269953,negative,0.000133853166947285
1244026422706032640,negative,0.0009948166327767066
1244026422714302467,negative,0.18432955415394228
1244026423087706113,negative,0.0010734043278510608
1244026423234478081,positive,0.8445319881526209
1244026423834271745,positive,0.8445319881526209
1244026423976828928,negative,0.00016356110409267754
1244026424157179906,negative,0.001707215157288823
1244026424412884992,negative,0.004097203396000351
1244026424891244544,negative,0.013221154537524964
1244026425050451968,negative,6.582525650831454e-09
1244026425226731522,negative,2.1179578229461675e-06
1244026425243398144,neutral,0.4030527387202738
1244026425411280896,negative,0.010850883760329794
1244026425826574337,positive,0.7469405270194408
1244026426371735553,negative,0.16456114296626626
1244026426946457601,neutral,0.3591709396468292
1244026427076419585,negative,1.6861587884496132e-09
1244026427588202496,negative,0.3271783282828104
1244026427885989889,negative,0.0005716136412680309
1244026428435374080,negative,0.0017697931613046179
1244026428565454848,negative,0.00337411272107555
1244026428787757057,negative,0.00869613465051828
1244026428926156802,negative,6.273392623221386e-05
1244026429232168960,negative,0.07825198844440838
1244026429353988099,negative,0.2643239976179977
1244026429676945408,positive,0.6719297118130557
1244026429702111232,negative,0.0008435403659373938
1244026429899264002,negative,0.1939762159741046
1244026430557687808,neutral,0.3492975022435117
1244026430691979264,negative,0.2721793282871665
1244026430918471680,negative,4.039224973671431e-06
1244026431111401474,negative,0.0005098142190741126
1244026431212052481,negative,0.0008911241938764515
1244026431878946816,positive,0.9609876105177408
1244026431933464576,negative,0.08471797663333487
1244026432390598658,negative,0.04645615035567907
1244026432956882947,negative,1.98825101783679e-05
1244026433103691777,negative,0.0028763274352099845
1244026433120407554,neutral,0.390828263951581
1244026433615339520,negative,1.2901216795624317e-05
1244026433929961472,negative,0.034301583021262044
1244026433929981952,neutral,0.656569075063072
1244026434424844288,negative,2.316826149068521e-05
1244026436580753409,neutral,0.5861765239986066
1244026437188890625,negative,0.01543724118624327
1244026437289590784,negative,0.3026499989281092
1244026438568853506,negative,0.17448246323826827
1244026438820311040,negative,0.021405306016995456
1244026439248351233,negative,0.00016723156813043674
1244026439650942978,negative,0.04336089447365973
1244026440758317058,negative,0.0009461095119313201
1244026441060286465,negative,0.0011920319588400409
1244026441756524544,negative,0.05608604490067783
1244026441928454145,negative,0.001909135526088765
1244026442880634881,negative,0.10309600235074601
1244026443698450432,negative,6.994590289240136e-05
1244026445283852289,negative,0.012442416424751681
1244026445875249153,negative,0.0017692972272607573
1244026447410462720,negative,5.740368353996414e-07
1244026447607377926,negative,0.18459858958932926
1244026447867633664,negative,0.11403904173698011
1244026448853303296,negative,2.316826149068521e-05
1244026449193054208,neutral,0.6197235223720399
1244026450447122434,negative,4.906560246014289e-07
1244026450505797632,negative,0.002118966402790443
1244026551592615936,negative,0.00530068029639208
1244026551592763392,negative,0.005855180342432488
1244026551869595649,positive,0.9881732562729016
1244026551919763456,neutral,0.574226414237256
1244026552117010432,negative,0.0020624910018968655
1244026552297361409,negative,0.07888518888259648
1244026552469381120,neutral,0.5712846859328367
1244026552611942400,negative,0.16319838102168704
1244026552871870464,positive,0.8652093784784579
1244026553140461568,neutral,0.3345667068060416
1244026554146906112,positive,0.7716453847898219
1244026554193260544,negative,0.05735691840036623
1244026555086626819,negative,5.852356216399576e-05
1244026556764176385,negative,0.20526521733159894
1244026557083127813,negative,0.19174506061824667
1244026557586378753,negative,0.19949112335726718
1244026557854818305,negative,0.18473397040832787
1244026558312058880,negative,0.1975383921457794
1244026558681092096,negative,0.10028755757334436
1244026559075364865,negative,0.009335271516429475
1244026559243137026,negative,0.21141971513274244
1244026559561977857,negative,0.0494991530326272
1244026559712890880,negative,0.11556467443861551
1244026559977205760,negative,0.002400138109525898
1244026560006574082,neutral,0.3492975022435117
1244026560203468800,negative,0.043264052809915014
1244026560211976194,negative,0.08176014816802754
1244026560543416321,negative,0.01872082830655924
1244026560988020738,negative,0.08471797663333487
1244026561042489346,negative,0.02611217398912575
1244026561780727808,negative,0.19474484488535554
1244026561847799808,negative,0.03386106742874411
1244026561851985922,negative,0.016847520923276123
1244026562065960962,negative,0.014803474008022805
1244026562690850817,negative,0.08471797663333487
1244026562825129985,negative,0.1975383921457794
1244026563219329024,neutral,0.6571581818492096
1244026563357745156,negative,0.22398809708875658
1244026563416535040,negative,0.023177361428421885
1244026564116873217,negative,0.01759388495166761
1244026564288880641,negative,0.10392803785467522
1244026564746117124,negative,0.005855180342432488
1244026565605961728,negative,0.016847520923276123
1244026565643640832,negative,0.0018797293594688704
1244026565781929986,positive,0.7469405270194408
1244026566159540226,negative,0.0006099478546395147
1244026566331465728,negative,0.034595430552594196
1244026566901932034,negative,0.00038449414586304634
1244026566901932035,negative,0.0002267365989030801
1244026567296258048,positive,0.9997827940027175
1244026568118329345,negative,0.07617548553197163
1244026568403542016,negative,0.19050857153674042
1244026568495824897,positive,0.9998270269308969
1244026568596471809,negative,0.0016798086411566801
1244026568634179586,negative,1.8242777695381061e-07
1244026569020125185,negative,7.642376318130658e-06
1244026569041031168,negative,8.861473572586883e-07
1244026569099808769,neutral,0.5397575076071213
1244026569133359104,negative,0.03276756017745185
1244026569389232128,negative,0.016294201750129467
1244026569540108289,negative,0.0010389184085921065
1244026569649258498,negative,0.06584911559608682
1244026570412605440,positive,0.9969840482536642
1244026570462900225,negative,0.09598301126667845
1244026570735521792,negative,0.008468070695124164
1244026571339546624,neutral,0.3895156396165897
1244026571524050945,negative,0.09291753057127636
1244026571582775296,positive,0.9050305954998095
1244026571771523073,neutral,0.390828263951581
1244026572081967104,negative,0.1431514935805586
1244026572367003654,negative,0.009497004281057831
1244026572933398528,negative,0.3277323693797505
1244026573239529472,negative,0.07428056840709026
1244026573637943297,negative,0.0007698929348117913
1244026573734494210,neutral,0.3564594683050437
1244026573763891202,positive,0.9970049624301164
1244026573885517825,negative,0.009712638778849592
1244026573969293313,negative,4.366974387999236e-09
1244026574179110912,negative,0.2448600329840706
1244026574673973248,positive,0.7469405270194408
1244026575307169794,negative,0.04314956137688941
1244026575361904640,negative,0.005855180342432488
1244026576234299392,negative,0.04125754118972549
1244026576448229379,negative,0.1779164002908525
1244026577039622144,negative,0.192557638562482
1244026577094049793,neutral,0.5429165048610771
1244026577102438400,negative,0.06461486888386413
1244026577194758144,negative,0.006637363255833475
1244026577404510210,neutral,0.5356776672389163
1244026578192998400,negative,5.636323461866353e-05
1244026578289471489,neutral,0.6416701250923644
1244026578771869696,negative,0.012878354383563733
1244026579208015874,negative,0.006193554655235299
1244026580160188417,negative,0.010743831995914643
1244026580684484608,positive,0.6730064735682068
1244026581028397057,negative,0.025159004582940184
1244026581577871362,negative,0.04901746039805774
1244026581724659713,negative,0.15336043327482682
1244026582190170112,negative,0.0002732923729606761
1244026582429245440,negative,0.17209500108840114
1244026583578525698,negative,0.00530068029639208
1244026583729541122,negative,2.6789150900480686e-05
1244026584245379074,negative,0.11145264935100732
1244026584329342977,negative,0.008499375178194424
1244026584832581633,neutral,0.5790559821094415
1244026585004507138,negative,6.863921201989814e-05
1244026585143037953,negative,0.0491299664409283
1244026585629577218,negative,0.01741694678846939
1244026586061553664,negative,6.177919984955676e-05
1244026586925588480,negative,3.3681287290629243e-06
1244026587932131328,negative,0.1749547769360838
1244026587940519936,negative,0.186728672369972
1244026588208996352,negative,0.1779164002908525
1244026588234203137,negative,0.028786205109426116
1244026588586487808,negative,0.2628470976205528
1244028419714637825,positive,0.9999850523310616
1244028420461338625,negative,0.002281247492803202
1244028420994084865,negative,0.058878629509492
1244028421111533571,positive,0.8830697916778627
1244028421170171904,negative,2.6179234545375433e-06
1244028421513990156,negative,0.0007061331373672784
1244028421820362752,positive,0.8098565425382598
1244028422189432832,negative,0.2241466546432623
1244028422566928387,negative,0.038266650213420586
1244028422667546625,negative,0.13972966769485784
1244028422969532418,negative,0.0631962904839865
1244028423342821377,negative,0.09722524355748713
1244028423439253504,positive,0.8830697916778627
1244028423485472769,negative,0.0021955161443353737
1244028423821045760,positive,0.7261771566423331
1244028424328482816,negative,3.2072831083129704e-05
1244028426224369664,negative,0.04645615035567907
1244028426299805696,neutral,0.4940380681808717
1244028426803085313,negative,0.00014050550155095295
1244028426970902528,negative,2.316826149068521e-05
1244028427025420289,negative,0.06646582396735787
1244028427738497025,neutral,0.5893378358337013
1244028427772014592,negative,0.02281926571677279
1244028428040507392,negative,0.037937631902583605
1244028428472528897,positive,0.9969840482536642
1244028428497694720,positive,0.7469405270194408
1244028429550399488,negative,1.892729858713626e-10
1244028429646942208,negative,0.006152865841040368
1244028429839880193,negative,0.09678284428160779
1244028430561226752,negative,0.29121157627015615
1244028431051997184,neutral,0.3741525848128945
1244028433065218048,negative,1.8242777695381061e-07
1244028433333653506,negative,0.014744112479803208
1244028433488916480,negative,0.004452931989631391
1244028433681846274,neutral,0.3737478574840956
1244028434432458752,negative,0.00037398942273412014
1244028434914951168,negative,0.048485186271554834
1244028435556634624,negative,0.01681361962600288
1244028435615408130,positive,0.8355041267231138
1244028435812560896,negative,0.0006891668667766102
1244028436051607552,negative,0.1431514935805586
1244028436290490368,neutral,0.6028106130375538
1244028436521287685,negative,0.0068436237485898655
1244028436609486849,negative,0.03407556254226051
1244028436626264065,negative,0.0012039928300389931
1244028436680671233,negative,0.007061130450119552
1244028436697374720,neutral,0.3448789537043245
1244028436731105281,negative,0.001079613590020828
1244028437590953987,neutral,0.390828263951581
1244028438861746176,negative,0.0038648469640973748
1244028439792885761,negative,2.467397361275809e-07
1244028440271032321,negative,0.09291753057127636
1244028440287862784,negative,0.0004063659432397158
1244028440300355584,negative,0.02826923983944129
1244028440342339584,negative,0.006637363255833475
1244028441512611841,negative,0.09281332544685271
1244028441617256449,negative,0.029959598942558535
1244028441768443904,negative,2.2695532632168993e-07
1244028442624118784,negative,0.013247961039121164
1244028443660083200,negative,0.0013632420088552785
1244028444830248960,negative,0.09291753057127636
1244028445040029696,positive,0.8262993700637389
1244028445094535168,negative,7.200641420092429e-07
1244028445165793280,negative,0.03236630180711951
1244028445174181888,negative,0.0006734003731363533
1244028446243557376,negative,0.10664177867435569
1244028446759620610,negative,3.9772641084120805e-05
1244028446826774528,negative,0.19174506061824667
1244028447044718594,positive,0.6960465827704089
1244028447124590596,negative,0.12051917400359749
1244028447204282370,positive,0.8527758314562439
1244028447279767552,neutral,0.3932594373728811
1244028447573377026,negative,0.025159004582940184
1244028448097566720,negative,0.08471797663333487
1244028449364127744,negative,0.10062587766155988
1244028451033620480,negative,0.1194993844273807
1244028451239219200,negative,0.0017697931613046179
1244028451369242629,negative,0.03576598548920433
1244028451742457856,neutral,0.390828263951581
1244028451880869891,negative,0.07045084952213927
1244028452170338305,neutral,0.390828263951581
1244028453873164289,negative,0.00011036105284155807
1244028454829514754,negative,0.00043201509555845915
1244028454879858689,negative,2.2853791756904103e-06
1244028454938476544,negative,0.08981191121994977
1244028455223730180,negative,2.376826334915473e-06
1244028455290880000,negative,0.04645615035567907
1244028456024899585,negative,0.001059086910984388
1244028456763080704,neutral,0.46511884455441777
1244028457446772737,negative,5.631541119934787e-07
1244028457597747200,positive,0.9964391908410482
1244028457656487937,negative,0.09026512634463385
1244028457706717187,negative,0.002533911709596306
1244028457878720512,negative,9.952326471935366e-06
1244028459577417729,negative,0.01128220418370937
1244028460932235264,negative,0.0661525599681013
1244028559439679488,negative,0.00337411272107555
1244028559573889024,positive,0.8427059656704835
1244028559850700800,negative,0.03236630180711951
1244028560572063744,negative,0.026645292708035354
1244028560773431298,negative,4.902788787598944e-05
1244028561188626432,negative,0.011646582142243431
1244028561280905218,negative,0.02404841927140596
1244028561494810624,negative,0.018585743909340178
1244028561599725570,negative,0.009654368403946657
1244028562237272065,neutral,0.5429165048610771
1244028563063537664,negative,4.492845397096878e-05
1244028563587817475,negative,0.026390783928130372
1244028563894030336,neutral,0.5110164615389033
1244028563914924032,neutral,0.6579891790922618
1244028565026410496,negative,0.01238218921929008
1244028565173215233,negative,0.005389779244408649
1244028566217654272,negative,0.0232516623099797
1244028566528053250,neutral,0.504069034033038
1244028566595162112,negative,0.17101976569365954
1244028566880301056,negative,0.08471797663333487
1244028567010316292,negative,0.011635386081112267
1244028568109223936,negative,3.7467924687410336e-07
1244028568113479683,negative,1.0011164412246343e-05
1244028568541310977,negative,0.011289745331439123
1244028568604225537,negative,0.08834571882132593
1244028568763609089,negative,5.912896932901132e-09
1244028568847486979,negative,0.08783194342588421
1244028569040367617,negative,0.003569772325808528
1244028569459855361,negative,0.11953061795543993
1244028569463984129,negative,0.020964228647196517
1244028569623212033,negative,0.012044781112305846
1244028570478895106,negative,1.0589200524559466e-08
1244028570567151618,positive,0.8695950916930429
1244028571141779457,negative,1.626195986418184e-05
1244028572072886272,negative,4.902788787598944e-05
1244028572131569665,neutral,0.4985928500860049
1244028572421013504,negative,0.01172735644433168
1244028572559446016,negative,0.014871564723888129
1244028572735401984,negative,0.10404871171268497
1244028572769157121,negative,0.08697220296948277
1244028572995481601,positive,0.7469405270194408
1244028573192781824,negative,0.10262449411129812
1244028573201182721,negative,0.08697220296948277
1244028573322706944,negative,1.5193608204850843e-08
1244028573469589505,positive,0.9696698460810789
1244028574304174081,negative,0.0011386084664893408
1244028574333571072,neutral,0.48728019602140255
1244028574400741377,negative,0.00021436605077256658
1244028574966992897,negative,0.030245423825327147
1244028575105396739,negative,0.23948123533436255
1244028575256379395,negative,0.007995450806201714
1244028575348645888,negative,0.10560284840355821
1244028575432531968,neutral,0.45088423470038164
1244028575587631106,negative,0.26224663139355786
1244028576112037889,negative,0.0003509629957155232
1244028576283922432,negative,0.04740234975340004
1244028576476905472,negative,0.007674673187013502
1244028576489488386,negative,0.19226311004491928
1244028576552366080,negative,0.0007668276958261519
1244028577496137728,negative,0.044947089906579106
1244028579203121152,negative,0.0010207591038171645
1244028579685556227,negative,2.316826149068521e-05
1244028579697942528,positive,0.6769963287879422
1244028580683710464,positive,0.7496955193385646
1244028580973219844,neutral,0.5887973398928581
1244028581598171140,negative,0.00015715448757626496
1244028581644206081,neutral,0.3687236092004796
1244028581845577729,negative,0.02127839460245431
1244028582592217088,negative,0.1424829771831002
1244028582696976385,negative,0.023177361428421885
1244028583141609472,negative,0.003651790886872073
1244028584420876290,positive,0.8355041267231138
1244028584739684353,negative,0.00015204561433927166
1244028585335238656,negative,0.02127839460245431
1244028587025498113,negative,0.0030589973226252507
1244028587352743937,negative,0.039218580644506174
1244028587868655616,negative,0.2393551427515663
1244028587973529601,negative,0.11702042102688183
1244028588061536257,negative,0.0009461095119313201
1244028588489392128,negative,0.26516702541641546
1244028589319823362,negative,0.0004063659432397158
1244028589437313024,negative,8.686973343154903e-06
1244028589764468736,negative,0.1194993844273807
1244028589869338625,negative,8.011947955147265e-07
1244028591190560768,negative,0.005878828343846258
1244028591719034881,negative,0.1392230468902637
1244028592226369536,negative,0.02561699281217725
1244028592306225152,negative,0.034431914833021465
1244028592398401538,negative,0.11703396841260366
1244028592801091584,negative,0.03518100713805475
1244028593308684288,negative,0.076618566120944
1244028593358979077,negative,0.12618702823857153
1244028593786761216,negative,3.2973882796632386e-06
1244028593841287168,negative,0.054562883210597934
1244028594344603649,negative,0.0017938711550043404
1244028595275776003,negative,0.006193554655235299
1244028596282368002,negative,0.32373360232645365
1244028596630536193,negative,0.01600359295491173
1244028596873760768,negative,0.1749547769360838
1244028694085218304,negative,1.5800341554182797e-06
1244028694215241728,negative,0.026577645736692714
1244028694257192962,negative,0.1915010016479636
1244028695335047169,negative,0.006637363255833475
1244028695779704832,neutral,0.4507454498615163
1244028696014589952,negative,0.020783703133886118
1244028696094224384,negative,0.00015204561433927166
1244028696396279810,negative,0.27727182083118196
1244028696593346560,negative,0.18043148605311748
1244028697297989635,negative,0.00337411272107555
1244028697411293184,negative,8.686973343154903e-06
1244028697751040001,negative,0.0040022725763849114
1244028698468237313,negative,0.0027067215932073
1244028698602409984,positive,0.8948631072810945
1244028698682175490,negative,0.13276073485213
1244028699491647490,negative,0.0005209493022924935
1244028699604852740,negative,1.4585066921878566e-07
1244028700154302464,negative,0.0013632420088552785
1244028700435324928,negative,0.009762442761998153
1244028700741509120,negative,0.17209500108840114
1244028701353877504,negative,1.98825101783679e-05
1244028702188548097,negative,0.028181614330108903
1244028702666526721,negative,0.009497004281057831
1244028702796767233,negative,0.0002024587965955925
1244028702842933248,negative,0.06979754720225775
1244028703115444227,negative,0.0005098142190741126
1244028703635582976,negative,0.002060077715074198
1244028704323506178,negative,0.3158493680040829
1244028704591937536,negative,0.22310813322756148
1244028705040732162,negative,0.034595430552594196
1244028705086877696,negative,0.0007698929348117913
1244028705141403648,negative,0.009411859060942983
1244028705388797955,negative,0.050682679074849704
1244028706118684672,negative,0.004499323734418796
1244028707636903939,negative,0.003085447128894794
1244028708706451457,neutral,0.38807119560514514
1244028710891683840,negative,1.601190855840857e-08
1244028711298650113,negative,0.008307018578291988
1244028711890026497,negative,0.012117230664675096
1244028712011681792,negative,0.01214084713688113
1244028712053424134,negative,0.1425080962975272
1244028712447868930,negative,1.5193608204850843e-08
1244028712523313152,negative,0.010192661822423633
1244028712904880128,negative,0.01647573936842801
1244028713173487620,negative,0.308199125160694
1244028713223798785,negative,0.31732489718339985
1244028713668423681,negative,0.007170738864992513
1244028713823539200,neutral,0.5673974797310583
1244028714544963584,negative,0.01012174681358409
1244028715044085761,negative,0.11145264935100732
1244028715388018688,negative,7.323596572332428e-05
1244028716230955015,negative,0.003922464147265156
1244028716843442176,negative,0.06774718453701847
1244028717388705795,negative,0.005172405547129926
1244028717455667206,negative,0.0008042357440195058
1244028717543849986,positive,0.6775256583812647
1244028717606875139,negative,0.1738418226795438
1244028719699812352,negative,0.0001886112206461086
1244028719888576512,negative,0.0005516939379837821
1244028719896899584,negative,0.014871564723888129
1244028719985025024,neutral,0.5429165048610771
1244028720865828865,negative,0.051505548304145526
1244028722262478848,negative,2.467397361275809e-07
1244028722468003840,negative,0.002806565497744683
1244028723076063232,neutral,0.48715318790841655
1244028723596349441,negative,0.025798594963070635
1244028723982225412,neutral,0.6457423802859142
1244028725123067904,positive,0.9769850889314388
1244028725219471360,negative,6.7928838549528925e-06
1244028725311746048,negative,0.0001567167413635737
1244028725429239808,negative,0.026918125045612418
1244028725441765377,negative,0.05674589374210592
1244028725659750401,negative,9.651207932777932e-05
1244028726309879814,negative,0.09184195385221013
1244028726544908289,negative,0.11028055435170667
1244028726586888192,neutral,0.38283897387727345
1244028727106863104,neutral,0.5937457717456852
1244028727232729088,negative,0.2532860488950661
1244028727710941184,negative,0.016847520923276123
1244028727803219968,negative,0.007172038475969525
1244028727849357312,positive,0.671729215166024
1244028728038117376,negative,0.008614215028904222
1244028728256192512,negative,0.005671996930425177
1244028728306360321,negative,0.1942795566421029
1244028728587554816,neutral,0.46511884455441777
1244028728860200960,neutral,0.524967050883043
1244028728956653568,negative,0.17623100610984624
1244028729480769536,negative,0.038233058079972626
1244028729577197570,negative,0.002581067680164242
1244028729891962883,negative,0.1194993844273807
1244028730747518977,neutral,0.49789225920557484
1244028730764386305,negative,4.4494786159269904e-05
1244028730772557824,negative,5.2963760242395466e-05
1244028730898624512,positive,0.8355041267231138
1244028730936365056,negative,0.0006070551603015831
1244028731146067968,neutral,0.48728019602140255
1244028731771011072,negative,0.0033765273939861395
1244028731796205571,neutral,0.3589609087806488
1244028731942985728,negative,6.6585655086458515e-06
1244028732756635649,negative,0.17101976569365954
1244028733553401861,negative,0.01872082830655924
1244028734308483073,negative,0.1172928500412876
1244028827568930816,negative,0.027682355108066617
1244028827627552769,neutral,0.390828263951581
1244028827711479808,negative,0.09291753057127636
1244028828109819904,positive,0.8262993700637389
1244028828940410880,negative,0.09026512634463385
1244028829502447616,negative,0.1738418226795438
1244028830093922304,neutral,0.504069034033038
1244028830727233536,neutral,0.3650158396528556
1244028832283271169,negative,0.05488937155338543
1244028832740491267,negative,2.0388083358082453e-06
1244028832908181504,negative,0.012889392923952669
1244028832975409153,negative,0.04645615035567907
1244028833117933571,negative,0.0739701749469263
1244028834153971714,negative,0.006565822955124885
1244028834950737926,negative,0.0051404879823757485
1244028835525472256,negative,0.01528841822572458
1244028835642867712,negative,0.005855180342432488
1244028836058202112,negative,0.0003545364202957763
1244028836825661442,negative,0.011634066758994052
1244028836909592577,negative,0.03385029072236073
1244028837056389120,negative,4.462932813866636e-05
1244028837089902592,negative,0.014174163156158048
1244028837253578752,negative,0.08783194342588421
1244028837647843328,negative,0.006577293247164876
1244028837983399936,neutral,0.45088423470038164
1244028837987581952,negative,0.04740234975340004
1244028838033711105,negative,8.660399736127154e-05
1244028838490841088,positive,0.8828965540259759
1244028838536978432,negative,0.2738405209535777
1244028838688030722,neutral,0.46511884455441777
1244028838931320832,neutral,0.48728019602140255
1244028839208128513,neutral,0.6581180406017583
1244028839459729408,negative,0.028979061555466146
1244028839505858561,negative,0.24180224752915985
1244028839564632064,negative,0.02469230670798138
1244028839644164098,negative,0.015887996908581024
1244028839728230400,negative,0.05336993036730054
1244028840407715841,negative,0.00022405233386323787
1244028840785195011,negative,1.8242777695381061e-07
1244028842056048640,positive,0.915855727726811
1244028842118955008,negative,0.006157560837184585
1244028843008176128,negative,1.8242777695381061e-07
1244028843855425536,negative,0.0026959129985057455
1244028844404867072,negative,6.333299739926345e-05
1244028845524684800,negative,5.26941740372643e-06
1244028846661406720,positive,0.8518057877151327
1244028847097622528,negative,0.04905992196302976
1244028847114387457,negative,0.3043899684225334
1244028849094098944,positive,0.9147364993625419
1244028849488363520,negative,0.007061130450119552
1244028849844899841,negative,0.05664388031502538
1244028850746675201,negative,0.29178927535531124
1244028851270885377,negative,0.026645292708035354
1244028851522592769,neutral,0.3381936340343439
1244028852717998080,negative,0.022123051033937448
1244028853263220738,negative,1.1437871968092165e-05
1244028855016456193,negative,0.2122132853384726
1244028855494627328,negative,0.010042734447275384
1244028855691681794,negative,9.890272177502966e-11
1244028856060850177,neutral,0.390828263951581
1244028856178180096,negative,0.000448007802127221
1244028856253714432,negative,0.14956099127109343
1244028857281400832,positive,0.9965747058861831
1244028857658810368,negative,0.033362250072434665
1244028857780404225,positive,0.7469405270194408
1244028857826643971,positive,0.9416900224112476
1244028858178945026,neutral,0.5937794283679266
1244028858208153605,neutral,0.4641343141212254
1244028858371911680,negative,0.014174163156158048
1244028858397069313,negative,0.015263760025232003
1244028858728419328,negative,0.05497859265278754
1244028858753601536,negative,0.0005853493968794024
1244028859240022018,negative,6.7928838549528925e-06
1244028859642564608,negative,0.0009461095119313201
1244028861311897604,negative,0.013432247519378122
1244028861358264321,negative,1.2698647686833997e-09
1244028862360686595,negative,0.0001886112206461086
1244028862414991360,negative,0.02182542632275869
1244028862675259394,negative,1.672362293894926e-05
1244028863161815041,negative,0.17209500108840114
1244028863237296128,negative,0.2720943958405081
1244028863858053120,neutral,0.390828263951581
1244028863992090626,negative,2.696879336487181e-05
1244028864361304064,negative,0.014744112479803208
1244028864491372544,neutral,0.3534979281684381
1244028864910766080,negative,0.0022391425270529854
1244028865456062465,negative,0.002745887455318712
1244028865493819395,negative,4.745984471849823e-06
1244028866185682944,negative,0.0003619403901662401
1244028867012149248,negative,0.07898708553421957
1244028867486134274,negative,0.3271783282828104
1244028867934904320,negative,0.02162742742478835
1244028868031381504,negative,0.09880302277729715
1244028868677246976,negative,0.17357352066896237
1244028869176258560,negative,0.005059756913813022
1244028869260316674,negative,8.686973343154903e-06
1244028869847416832,positive,0.9131347178051477
1244028870069825536,negative,0.00011607837541854003
1244028870090731521,negative,0.0015872534079017166
1244028870132731904,negative,0.11632147072150147
1244028870183063554,negative,0.028786205109426116
1244028870191349760,negative,0.053172198665071814
1244028870656835590,negative,0.08745424778615317
1244028870673784833,negative,0.028176337110713098
1244028870774476801,negative,5.84737447763601e-07
1244028870841507842,neutral,0.5301568372487665
1244028980296122369,negative,0.21131470676839112
1244028980879069184,negative,0.0597297491892702
1244028981000769536,positive,0.7469405270194408
1244028981046906881,negative,0.0005098142190741126
1244028981130788864,negative,0.012223824523620693
1244028981185257472,positive,0.9388438609633798
1244028981558427648,negative,0.0007406189743043467
1244028982162489344,negative,0.07156352960816452
1244028983014023169,negative,0.09954634870775855
1244028983160733696,neutral,0.6073716833211377
1244028983500570625,negative,0.02853232116928921
1244028983643176960,negative,0.07428056840709026
1244028984125534208,negative,0.02823017814227702
1244028984670801920,negative,0.07888518888259648
1244028984976949250,negative,5.4380687966610194e-12
1244028985522167809,negative,9.482829798310158e-06
1244028985681547265,negative,0.21528322504140346
1244028985924890625,negative,0.016847520923276123
1244028986751156224,negative,0.07145540763132607
1244028987438968833,negative,6.284323751098543e-10
1244028988248543232,negative,6.7928838549528925e-06
1244028988319830016,negative,0.0011920319588400409
1244028988533678081,negative,0.22398809708875658
1244028989045440513,negative,3.376496173489707e-08
1244028989242515457,negative,0.02182542632275869
1244028989339045888,negative,3.203076911256873e-08
1244028989720543235,neutral,0.5532287731074632
1244028989791973377,neutral,0.3630473791665472
1244028989934571521,negative,0.08783194342588421
1244028990454673408,negative,0.22558148513377999
1244028991155077121,negative,0.00026154243513018755
1244028991402643456,negative,0.0029867395977644564
1244028991750709248,positive,0.8355041267231138
1244028992568647682,negative,0.007061130450119552
1244028994170818565,negative,0.0682605302519
1244028994464464896,negative,0.0010389184085921065
1244028994477047814,neutral,0.390828263951581
1244028994896515073,negative,0.10525007365068327
1244028995730960384,negative,0.0007258390346325737
1244028995760304133,negative,8.650400771190097e-05
1244028995773108224,negative,0.31305786718323186
1244028995777318912,negative,0.014157353914644821
1244028995781316608,neutral,0.3413855233896335
1244028995802288131,negative,0.023588807919818593
1244028995810836480,positive,0.9811536975122849
1244028995840217088,negative,0.1346932671963093
1244028995844354050,negative,6.007139267377816e-07
1244028995848392707,negative,0.3275281596410889
1244028995865321472,negative,0.2749352328988819
1244028995873599490,negative,0.01188958421229479
1244028995877900290,negative,0.10051850831203991
1244028995890483200,negative,0.29128106950822497
1244028995894677505,negative,0.27005372168400815
1244028995945013248,negative,0.24212029181574712
1244028995953451009,negative,0.014786691888893944
1244028996016320512,negative,0.09269163923739814
1244028996133818368,neutral,0.3392439188566508
1244028996154613762,negative,0.055360078530317
1244028996167360513,negative,3.448258752601722e-05
1244028996175581184,negative,0.003060616536564924
1244028996192329728,negative,2.9454145098061393e-05
1244028996213334016,negative,0.15380941014871155
1244028996234477569,negative,0.31264789919598934
1244028996255391744,neutral,0.39495392261852924
1244028996393644033,negative,2.1000065976265886e-08
1244028996511244291,negative,5.556622640200354e-08
1244028996578357249,negative,0.045691547588719975
1244028996641345536,negative,0.019348079861843448
1244028996674891777,negative,0.014177997730228507
1244028996737630214,neutral,0.3792832312863788
1244028996762951681,negative,0.0006686026417333129
1244028996775374848,negative,0.01662019369026852
1244028996859219970,negative,0.0022059089602027905
1244028996947300352,negative,0.3293949234343781
1244028997219958787,negative,0.025835161621926277
1244028997991903232,negative,0.0002033773365411778
1244028998474227713,negative,0.011461801495160028
1244028998947966976,negative,0.1929648847424304
1244028999052992512,negative,0.011775316711268193
1244028999052996608,negative,0.00017850369667251665
1244028999212445696,negative,0.000495335392825035
1244028999833128963,positive,0.992832734676636
1244029000391045120,negative,0.022641726932632965
1244029001200533506,negative,5.8934085231237895e-05
1244029002110599168,negative,0.1804486289990351
1244029002148347904,negative,0.19313577253882522
1244029002895036416,negative,0.00925526424175748
1244029003205423104,negative,0.0023584232264868884
1244029003280900096,negative,0.026463321241379154
1244029003406680064,negative,0.15857830055974204
1244029004509741058,positive,0.8699610337021725
1244029005164052483,negative,0.022389017311164654
1244029005210300416,negative,0.005955039155758542
1244029005579329537,negative,0.0015791850376460394
1244029005596147712,negative,0.08783194342588421
1244029005650681858,negative,1.98825101783679e-05
1244029006044778497,negative,0.00037398942273412014
1244029006187581441,negative,0.0003743328321218024
1244029006283976707,negative,0.035480619373887405
1244029006615392259,negative,0.038233058079972626
1244029006690824194,neutral,0.4790162379061773
1244029006711848963,negative,6.275683917048973e-07
1244029007257055232,positive,0.8823780338329539
1244029007676366849,negative,0.036425207796499985
1244029007701704704,neutral,0.5893378358337013
1244029007739392001,negative,0.00043075851860651586
1244029008297299969,neutral,0.5719813354666559
1244029008431415296,neutral,0.5444222733118931
1244029008578260992,negative,0.00011654736707511536
1244029008813207552,negative,2.2869532948487555e-06
1244029008888520705,negative,0.0018797293594688704
1244029009975021569,positive,0.7469405270194408
1244029010067087360,negative,0.012290343382255198
1244029010369056768,positive,0.7171200611366938
1244029010830602240,negative,0.02853232116928921
1244029010897776641,negative,0.09136134894866187
1244029011090644994,negative,0.014871564723888129
1244029011233255424,neutral,0.45193508177571445
1244029011740758016,negative,2.7102634177427025e-07
1244029012411846656,negative,0.22672224228090793
1244029013309427713,negative,0.09291753057127636
1244029111980494850,negative,0.08672798612654196
1244029112110518273,negative,0.11145264935100732
1244029112353722369,negative,0.186728672369972
1244029113981075456,negative,0.00018364154980111714
1244029114060767233,positive,0.8484988618067454
1244029115658797057,negative,0.046295098683151764
1244029115658915840,negative,0.29212468790112484
1244029116006924291,negative,0.0017697931613046179
1244029116418076678,negative,0.0009296757942804287
1244029116543897600,negative,0.014650167374057046
1244029116791296002,neutral,0.48728019602140255
1244029116803944449,negative,0.023780966280949247
1244029116862599169,positive,0.6974344750396465
1244029117055602688,positive,0.9497909156337195
1244029117772836867,positive,0.7469405270194408
1244029117869232130,negative,0.13876251040099144
1244029118095609861,negative,0.01950147501169944
1244029118393528321,negative,0.014174163156158048
1244029119064682497,negative,0.18026980255112124
1244029119094030336,negative,6.7928838549528925e-06
1244029119102418945,neutral,0.3403391890910929
1244029119660281856,negative,0.034757561817672554
1244029120209616896,negative,0.07632268767097529
1244029120671109120,positive,0.6775256583812647
1244029121115697152,negative,0.10985128387728485
1244029121254096896,negative,0.057501112301747107
1244029121405030401,negative,0.006637363255833475
1244029121560301568,positive,0.9439310023766506
1244029122390695936,negative,0.1049814526781941
1244029122881478657,negative,6.237441130139713e-06
1244029123233792002,neutral,0.530186480320737
1244029123439124481,negative,0.001052884334938713
1244029123703570433,negative,0.02182542632275869
1244029123967832066,negative,0.021807859841985876
1244029124127178755,negative,0.003922464147265156
1244029124592553985,positive,0.6823647796149711
1244029125167329280,negative,0.0030774911990569544
1244029126132056065,negative,0.0009461095119313201
1244029126245220356,positive,0.7272139452535563
1244029126249517057,negative,0.05608604490067783
1244029127025479680,negative,0.0026734787440908857
1244029127264477184,negative,0.1424829771831002
1244029127428055040,negative,0.0061898775290254145
1244029127549767681,negative,0.01268806447191609
1244029128334065665,negative,0.00023780086275633654
1244029128543817728,negative,0.0017547213194825783
1244029128665378817,negative,0.07079515767736662
1244029128837410817,negative,1.272010064783599e-05
1244029129105772544,negative,2.001915901704819e-12
1244029129499897858,neutral,0.5435789114582169
1244029130095693826,negative,3.1183416390139094e-05
1244029130523492353,negative,0.0007707079482981706
1244029130749939712,negative,0.21335302967473885
1244029131131703296,negative,0.07888518888259648
1244029131282579458,negative,0.10482909669882466
1244029131978944512,negative,0.006565822955124885
1244029132700344320,negative,0.05639169091774167
1244029132746436610,neutral,0.3345667068060416
1244029132956147712,negative,0.10262449411129812
1244029132981383168,negative,0.014871564723888129
1244029134210293762,negative,0.0010365848771031784
1244029134294020096,negative,0.0011349335171440117
1244029135137243136,negative,0.05736634446669467
1244029135204356096,neutral,0.40583350960755404
1244029135397294082,negative,0.09291753057127636
1244029136492007424,negative,0.004453974677969307
1244029136580104192,negative,0.08471797663333487
1244029136990961664,negative,0.19345352438981486
1244029137301504004,negative,1.4368635870363529e-05
1244029137607700480,negative,0.009350203418845739
1244029137884413960,negative,0.11028055435170667
1244029137888608257,negative,0.003290200748449595
1244029138131914752,negative,0.17209500108840114
1244029138836639744,negative,3.7647540586799463e-06
1244029139142750208,negative,0.014174163156158048
1244029139193073668,negative,0.017559724839966193
1244029139390287875,negative,0.026362659042885445
1244029139755184133,negative,0.00012001363643737295
1244029140723957760,negative,0.008311676958607513
1244029141248282624,negative,0.17209500108840114
1244029141512597505,negative,0.028786205109426116
1244029141739061249,neutral,0.4619741558880597
1244029141894266881,negative,0.09291753057127636
1244029141898452993,negative,4.902788787598944e-05
1244029142699556864,negative,0.23327313954070322
1244029142783406080,negative,0.01681658527585844
1244029142967992321,neutral,0.557531550843803
1244029143135793154,negative,0.1331645536157425
1244029143160721408,negative,8.660399736127154e-05
1244029143400042496,negative,0.003976843952024593
1244029143701807112,negative,2.361025806265869e-07
1244029143819395075,positive,0.792196908296898
1244029144607981569,neutral,0.390828263951581
1244029144758878209,neutral,0.6556728453076102
1244029145199378433,negative,3.442295776269686e-05
1244029145366949888,negative,4.458862860195953e-08
1244029145987854336,negative,0.004349703937589262
1244029147095142400,negative,0.07690926213484135
1244029147145318402,negative,0.0020022678092158175
1244029147187478528,negative,1.8684003224456202e-08
1244029147573297152,negative,2.749273425793616e-05
1244029149020393473,negative,0.00018115088416552233
1244029149112676353,negative,0.02091418938365282
1244029149456601089,negative,0.02068850197620429
1244029149741830145,positive,0.8445319881526209
1244029149964099587,negative,0.04645615035567907
1244029150039543812,negative,0.011649413689759504
1244029150081339393,negative,2.316826149068521e-05
1244029252695179264,negative,0.00012001363643737295
1244029253378850818,neutral,0.557531550843803
1244029253433294850,neutral,0.5429165048610771
1244029253487702019,negative,0.00034361586811590454
1244029253701775360,neutral,0.49789225920557484
1244029253827670019,negative,0.13743600271395537
1244029254125473792,negative,0.02011744081092183
1244029254188310530,negative,0.14204215342117432
1244029254884524032,negative,0.23327313954070322
1244029255194943489,negative,0.00991245693035184
1244029255811555328,negative,3.7467924687410336e-07
1244029255996014592,negative,0.18966789330844286
1244029256017084416,negative,0.04645615035567907
1244029256499429378,negative,0.22820679791803433
1244029257329905666,negative,0.06240652505404473
1244029257594085376,negative,0.2637178982645
1244029258214920192,negative,4.085722380707519e-06
1244029258567213056,negative,0.2068266029609163
1244029258630074369,negative,0.028176337110713098
1244029258722422784,neutral,0.5124744030459535
1244029259158556675,negative,0.05735691840036623
1244029259200462849,negative,5.819381227729377e-07
1244029259284467712,negative,0.044947089906579106
1244029259456434177,neutral,0.4199016626675296
1244029259502551040,negative,0.019118448759894633
1244029259934502912,negative,0.21663218523124433
1244029260643340288,negative,2.742839339913526e-08
1244029261339660288,negative,0.000379073354016047
1244029261494792194,negative,4.745984471849823e-06
1244029261662609414,neutral,0.390828263951581
1244029261926801409,negative,0.0010094738058381478
1244029262199472129,negative,0.0742486941091879
1244029262648070150,negative,0.0232516623099797
1244029263730401280,negative,0.09243934970745343
1244029263923351552,negative,0.002060077715074198
1244029264409833473,negative,0.00048811748820365425
1244029264544047104,neutral,0.3570264710939985
1244029265361977344,negative,0.038233058079972626
1244029265487622146,negative,0.07888518888259648
1244029265714262018,negative,2.316826149068521e-05
1244029265823350785,neutral,0.33719538485595885
1244029266112675841,negative,0.215606507537138
1244029266360258560,negative,0.13383937595411788
1244029266691416064,neutral,0.44054615157121163
1244029266712502273,negative,0.01332458044190986
1244029266976821249,neutral,0.33255383827983365
1244029267270402048,negative,2.405659725025688e-07
1244029268352315394,neutral,0.5423708259406294
1244029268474159104,negative,0.03623551942471153
1244029268763516930,negative,0.06461486888386413
1244029269279248393,negative,0.06008628298633135
1244029269308837888,negative,0.038233058079972626
1244029269321363457,positive,0.9459307617324982
1244029269434609666,positive,0.7469405270194408
1244029270143442944,negative,0.00041141628327646024
1244029270726447105,negative,2.2262508065197007e-06
1244029271221374976,negative,0.09243934970745343
1244029271363817472,negative,0.07424043141013087
1244029271787495426,positive,0.7469405270194408
1244029271905112065,negative,0.010581465626347372
1244029271955439616,negative,0.0002832898518206895
1244029272299171840,negative,0.07424043141013087
1244029272475553792,negative,0.05333426148897456
1244029272509100032,negative,0.2952881577185285
1244029272538460161,neutral,0.49789225920557484
1244029272769073152,negative,0.23580924484637497
1244029272811061264,negative,4.930776491659459e-05
1244029274132267009,negative,0.29137083802540764
1244029274371342336,positive,0.7469405270194408
1244029274950176770,positive,0.8355041267231138
1244029276258734081,negative,0.06779232966851521
1244029276644691968,positive,0.8830697916778627
1244029276933980160,negative,0.017680482564213403
1244029277278011393,negative,0.013344170339619653
1244029277840031744,negative,0.014344421685152797
1244029277840039937,negative,0.1350513645009713
1244029278267867138,negative,2.467397361275809e-07
1244029279136088065,negative,0.16319838102168704
1244029279513518081,negative,0.2887236482591461
1244029280142721024,negative,5.250260902347519e-07
1244029280285270017,negative,0.00018756675668829518
1244029280331411457,negative,0.26039886824648995
1244029280390127616,negative,0.2088387435597085
1244029280440455171,negative,0.11145264935100732
1244029280671203328,negative,0.014148410153889988
1244029280809562112,negative,0.055360078530317
1244029281287708672,negative,0.16456114296626626
1244029282092908544,negative,0.02500551727340124
1244029282143346688,negative,0.0011490545212856434
1244029282449534976,negative,0.08271583357240916
1244029282529271810,negative,0.0035997297885685922
1244029282999025665,negative,0.0013826777293452753
1244029283724648448,negative,5.7400109573599e-07
1244029284420849665,negative,0.04100739027092985
1244029284576038913,negative,0.00026154243513018755
1244029284580315142,negative,0.06178097738833835
1244029285444259841,negative,0.12209993865702455
1244029285616279556,negative,1.1574212142957707e-07
1244029285834403840,positive,0.8416825536190862
1244029285880471552,negative,8.694291744222353e-07
1244029285888819200,neutral,0.3364082756260011
1244029286211883009,positive,0.788595515104048
1244029286375399425,negative,0.0009029817912803063
1244029286375456768,negative,0.014565740187347383
1244029286396375040,negative,0.0011920319588400409
1244029286908076032,negative,0.0059597475412281045
1244029287851835392,negative,0.08848699729439949
1244029287864377345,negative,0.0008407226910821212
1244029386954805248,negative,0.005496706655063829
1244029387303006208,negative,0.04186714681363583
1244029387357540352,negative,2.584926958682735e-06
1244029388036898816,negative,0.02182542632275869
1244029388057911296,negative,0.09918505043149863
1244029389035245569,negative,0.002339224240400548
1244029389475627009,negative,0.14504316638627815
1244029389840449536,neutral,0.5978743861407889
1244029390268268544,positive,0.8606364275756871
1244029391103033346,negative,0.00931927483865705
1244029391136489474,negative,0.019262510621456543
1244029391140765702,negative,0.028786205109426116
1244029391505707009,negative,4.386330670551497e-06
1244029391660822528,neutral,0.3331950828337532
1244029391669256194,neutral,0.3426997419190028
1244029391811690496,negative,0.0053981324901908306
1244029391954460674,negative,0.0417127165964847
1244029392420057088,negative,0.005150923427240035
1244029392491347968,neutral,0.5136446707795853
1244029393590276096,negative,2.467397361275809e-07
1244029393703505921,negative,0.07428056840709026
1244029393778900993,negative,0.014174163156158048
1244029394043060224,negative,0.02606706586478366
1244029394986942465,negative,0.07888518888259648
1244029396090060800,negative,0.10326566491701576
1244029396429737984,neutral,0.390828263951581
1244029396513697793,negative,1.65599749458431e-05
1244029396941524992,negative,0.014744112479803208
1244029396970868737,negative,0.20595769614115644
1244029397113483264,positive,0.8427059656704835
1244029397377658883,negative,0.03236630180711951
1244029397973315584,negative,2.2695532632168993e-07
1244029397981638657,neutral,0.390828263951581
1244029398120095744,negative,0.00032719323814521577
1244029398698901505,negative,2.0857413674571493e-07
1244029398749192193,negative,0.0001886112206461086
1244029398799585282,negative,0.1971226264516782
1244029399072202752,negative,0.01003170366079452
1244029399399268353,negative,0.0066539011889272396
1244029399630053377,neutral,0.5861765239986066
1244029399898284034,negative,1.1872374106968372e-08
1244029401731420161,neutral,0.390828263951581
1244029402096295936,negative,0.32972629673800113
1244029402494664705,neutral,0.504069034033038
1244029402763182085,negative,0.014020666373132514
1244029403291680769,negative,0.0043863130500837125
1244029403392356352,negative,0.026719263504408026
1244029403681734656,negative,0.0017697931613046179
1244029403845271552,neutral,0.6416701250923644
1244029403903987713,neutral,0.3743928453417084
1244029404189208576,neutral,0.580385051744848
1244029404914675715,negative,0.005865453524522696
1244029405187497985,neutral,0.390828263951581
1244029405195878401,neutral,0.5716008539745538
1244029405581791237,positive,0.7153971336459285
1244029406072451073,negative,9.321036730047303e-11
1244029406324154368,negative,0.16527477018631884
1244029406861037568,negative,0.09291753057127636
1244029406873518080,negative,0.002299192946385533
1244029406919766017,negative,0.19475059124366922
1244029406949126168,negative,0.2893179284437196
1244029406957486080,negative,0.030888314526654755
1244029407045521409,negative,0.022879841099931537
1244029407083331585,negative,0.09536701777539608
1244029409184468993,negative,0.009918524379053323
1244029409520205824,positive,0.7843052167232144
1244029409654431746,negative,0.03552015092667558
1244029410266632192,positive,0.7364614092013526
1244029410359103488,negative,0.2762506625177628
1244029410824654849,negative,0.00530068029639208
1244029410853957632,negative,0.04645615035567907
1244029411088793601,negative,0.038233058079972626
1244029411353145345,negative,4.4635110140496396e-06
1244029411676094465,negative,0.014803474008022805
1244029411948736514,negative,0.0004932035822733983
1244029412187701250,negative,0.1779799169747411
1244029412712071169,negative,8.686973343154903e-06
1244029412745625601,negative,0.0004957085142599415
1244029412795965441,negative,0.0066539011889272396
1244029412913414145,negative,0.017680482564213403
1244029413366398979,negative,0.0001909679186393763
1244029413710344192,negative,0.009497004281057831
1244029413932642307,negative,0.0004737243554303592
1244029414112968704,positive,0.8601330633824481
1244029414347857920,negative,0.000945112984321814
1244029414574379009,positive,0.8484988618067454
1244029414880489472,neutral,0.5251791024114353
1244029415505514498,negative,0.11556467443861551
1244029415685869568,positive,0.673065310156949
1244029416356720640,negative,9.979760439833256e-13
1244029416495362050,negative,0.01600359295491173
1244029416553869312,positive,0.6719297118130557
1244029417153875968,negative,0.0001909679186393763
1244029417388720128,negative,0.07597939041413326
1244029417795526656,negative,0.11659933236703415
1244029418709946370,positive,0.8693695267165497
1244029418831581184,neutral,0.5517792519107959
1244029419427180547,negative,0.12326268268001679
1244029419808796673,negative,0.2449537681863866
1244029420207251459,positive,0.9743773670404898
1244029420886724609,negative,0.03310143690188383
1244029420970614785,negative,0.00012801075541105369
1244029421507526656,negative,5.318879708455057e-06
1244029421796970496,negative,0.17209500108840114
1244029422228983809,negative,0.003264603665788209
1244029423088738304,negative,0.014300188613204149
1244029423256559616,negative,0.00869613465051828
1244029526125969410,neutral,0.5517792519107959
1244029527128510464,positive,0.6853797787716841
1244029527292104705,negative,0.00530068029639208
1244029527493312513,negative,0.0001886112206461086
1244029527904444417,negative,0.00037040251873131233
1244029527958982656,negative,0.014559553375265613
1244029528260907008,neutral,0.3647928827208937
1244029528567173121,negative,0.07910450000660398
1244029528655237120,negative,1.5203723629878158e-05
1244029528952967169,negative,0.039179329310707174
1244029529196093440,negative,1.9884777328978578e-07
1244029529569382401,negative,0.038233058079972626
1244029529598894081,negative,0.02790865567158722
1244029529598943232,negative,0.07428056840709026
1244029530257461248,negative,3.842075734390249e-08
1244029531784204289,negative,0.04186714681363583
1244029531817750528,negative,0.0005942318232588507
1244029532144914432,neutral,0.6169333780704895
1244029532455272449,negative,0.16545548237393184
1244029532547383297,negative,0.076618566120944
1244029532576845824,negative,0.006637363255833475
1244029532866334720,negative,4.936936040436313e-06
1244029532908249091,negative,0.0011478820207061233
1244029533138845696,negative,0.015683099033462086
1244029533331783681,negative,0.0036230052669120514
1244029533851979776,negative,0.08471797663333487
1244029533940047872,negative,0.0012639235451775413
1244029533973630976,negative,0.03279496235899375
1244029534061633536,neutral,0.343930629845892
1244029534422401024,negative,0.008259298889192482
1244029534476869633,negative,0.010242170603925195
1244029535550607361,negative,0.01003170366079452
1244029535651115008,negative,0.00037398942273412014
1244029535756132355,negative,0.012223824523620693
1244029535944937473,negative,0.11322443037107636
1244029536129482755,positive,0.8266868713981174
1244029536158855168,negative,0.11556467443861551
1244029536305655808,negative,0.00024986262317990395
1244029536632598529,negative,0.00045152680947750055
1244029536968335360,negative,0.0006917909156132072
1244029537123545090,negative,5.6938424028497555e-18
1244029537509355520,neutral,0.4442015093938886
1244029537651957762,negative,0.012444085968656664
1244029537802956802,negative,0.01698606931509277
1244029538495082496,negative,0.2451150281786217
1244029538746667009,neutral,0.46511884455441777
1244029539044524032,neutral,0.3381936340343439
1244029539166105602,negative,4.755634625746224e-05
1244029539166171136,negative,0.030975385038122052
1244029539275149313,negative,0.021054332890998118
1244029539480670214,negative,0.24180224752915985
1244029539598155776,negative,0.04645615035567907
1244029539770138624,negative,0.18769330193528572
1244029540378296321,negative,8.019762385283204e-07
1244029540969713667,negative,0.1424829771831002
1244029541179371522,negative,0.0004927271262125578
1244029541514960899,neutral,0.390828263951581
1244029541624004609,neutral,0.45088423470038164
1244029542001512449,negative,0.004933640450103532
1244029542488031232,negative,0.012117230664675096
1244029542748098560,negative,2.792293909195222e-06
1244029543045832707,negative,0.0015346429459398192
1244029543628845056,negative,0.012314003298193116
1244029543758925824,negative,0.17209500108840114
1244029543825973249,negative,0.04600141859294303
1244029544102649858,negative,0.03675682074995523
1244029544413216768,negative,0.17209500108840114
1244029544853647360,negative,4.755634625746224e-05
1244029544945852416,neutral,0.37934420754136605
1244029545004650496,negative,0.1067118515495815
1244029545025585154,negative,0.007674673187013502
1244029545071677440,negative,0.053935232391549244
1244029545201664001,negative,0.1324921694620361
1244029546451603457,negative,0.0031626502309345878
1244029546476822529,negative,0.001799324413380521
1244029546678157312,negative,2.749273425793616e-05
1244029546694918144,negative,0.12573276901600672
1244029546699075584,negative,0.020929194778114116
1244029546757840898,negative,0.043895107054998286
1244029548481650688,positive,0.9570824294358795
1244029549240881152,negative,0.02260373891664632
1244029549450387457,negative,2.6297901580694164e-05
1244029550155218945,negative,0.0006099478546395147
1244029550457167872,negative,4.085722380707519e-06
1244029550570463233,negative,0.017973317612959422
1244029550889238528,neutral,0.390828263951581
1244029551220531201,negative,0.002299192946385533
1244029551228981248,neutral,0.390828263951581
1244029551702925314,negative,0.01576065500814486
1244029552407576577,negative,0.17209500108840114
1244029552491245569,negative,0.010130039527070062
1244029552684339201,positive,0.7469405270194408
1244029552721969152,negative,0.00530068029639208
1244029552722092035,negative,0.00491723729322071
1244029552738918401,negative,0.005327765183710372
1244029553007345664,negative,0.11145264935100732
1244029553015742465,negative,0.00021934800236352107
1244029553422499840,neutral,0.48656488737471426
1244029553443573760,negative,1.65599749458431e-05
1244029553636528129,negative,0.1431514935805586
1244029553829445635,neutral,0.5500154028927889
1244029553955287042,positive,0.8265902882476114
1244029555326607362,negative,0.0009047738692742004
1244029555414896640,negative,3.4908859932990034e-07
1244029555708432384,negative,0.0007210940656860128
1244029555771392001,neutral,0.46127768308170247
1244029555863703553,negative,0.015887075227701417
1244029556333436928,negative,0.07690926213484135
1244029557629489155,negative,0.3281551156183952
1244029557700788224,positive,0.7405569221336928
1244029557830815744,positive,0.9970049624301164
1244029557885239297,negative,2.804533124944789e-06
1244029558040530946,negative,0.024359880818268394
1244029558162182144,negative,2.0401327870090175e-15
1244029558195662848,negative,0.0001339900443210859
1244029558698934272,neutral,0.42993805592212864
1244029558845779970,negative,0.12680471645005845
1244029558917038080,negative,0.03590437540083293
1244029559227457536,negative,0.006026582194360306
1244029559424659456,negative,0.07888518888259648
1244029559730733062,positive,0.8067598228921526
1244029559986458625,negative,0.0002832898518206895
1244029561131667456,negative,0.11145264935100732
1244029561274347520,negative,0.08641516893394857
1244029562129874948,negative,0.007225087606894163
1244029562377379841,negative,0.01681361962600288
1244029562469613569,negative,0.21161889749404197
1244029562910117893,negative,0.00898831791968692
1244029563014766592,negative,0.13942503664098468
1244029563023360000,neutral,0.4050893703996902
1244029563677573124,negative,0.034595430552594196
1244029666941374465,negative,0.18429753910341487
1244029667595759617,negative,0.04397129985656544
1244029667968942080,negative,0.02790865567158722
1244029668346470401,negative,0.016847520923276123
1244029668673667072,negative,0.2939060217275997
1244029669927727106,negative,0.10262449411129812
1244029670087184385,negative,0.08471797663333487
1244029670200311810,negative,0.11145264935100732
1244029670649139202,negative,0.0067447444694554515
1244029670904954880,positive,0.9769850889314388
1244029671068569602,negative,0.045791318266096136
1244029671118864384,negative,0.19949112335726718
1244029671634853888,negative,0.0001886112206461086
1244029672142196737,negative,0.012223824523620693
1244029672406556672,negative,0.16886338685996227
1244029672477929473,neutral,0.6482316355727175
1244029672570183687,neutral,0.4525100198723307
1244029673060937728,negative,0.19717151541090794
1244029673450999808,positive,0.7469405270194408
1244029674755366912,negative,0.18459858958932926
1244029675212541954,negative,8.660399736127154e-05
1244029675669577729,negative,8.986532508774911e-07
1244029675669729280,negative,0.0017697931613046179
1244029676244185098,negative,0.08176014816802754
1244029676508655617,negative,0.0029259142705018743
1244029676651188224,negative,0.19008906684392665
1244029677552971779,negative,0.028176337110713098
1244029677871792129,negative,0.13743600271395537
1244029678207336449,negative,2.7106318159678584e-07
1244029679423668226,negative,0.010370755201948459
1244029679528443907,neutral,0.390828263951581
1244029679650168839,negative,4.663996035419966e-06
1244029679683743746,negative,0.2086915013452969
1244029680187031553,neutral,0.46511884455441777
1244029681038430209,negative,0.25047827271507306
1244029681290153987,negative,0.15528869389432534
1244029681587888130,negative,0.02392333193010132
1244029681613103105,negative,5.779759221125091e-06
1244029682212880384,neutral,0.4535759911583438
1244029682879729665,negative,0.022389017311164654
1244029683303317504,negative,0.15322405026820005
1244029683366313985,negative,0.00991245693035184
1244029683831844864,negative,1.554525281323238e-11
1244029684544831489,negative,0.13774074679321704
1244029685220196353,neutral,0.49789225920557484
1244029685656403969,neutral,0.6457423802859142
1244029685773860865,negative,8.053589316260971e-06
1244029686725959681,negative,0.035806655062775625
1244029687262851073,negative,0.0003933372260860467
1244029687581544449,neutral,0.390828263951581
1244029688487567360,negative,0.0032961848467352585
1244029688856657922,negative,0.15673133895328037
1244029688898400257,negative,0.00015715448757626496
1244029689129250817,negative,0.00898831791968692
1244029689380864000,negative,0.027189524889273457
1244029689389350913,neutral,0.49789225920557484
1244029689464786946,negative,0.014177997730228507
1244029690089742337,neutral,0.4884041274492667
1244029690622476288,negative,0.197360255308945
1244029691293556739,negative,2.39165646546358e-07
1244029692191150082,neutral,0.49789225920557484
1244029692199534592,negative,4.33996330765062e-07
1244029692237303808,negative,0.018844841525134354
1244029692258156544,positive,0.9743773670404898
1244029692514107392,negative,0.13774074679321704
1244029692568645633,positive,0.7469405270194408
1244029693034201089,neutral,0.3589609087806488
1244029693315162114,neutral,0.4988175734619948
1244029693680070656,neutral,0.390828263951581
1244029693956960257,negative,0.12704126686957543
1244029693990522880,negative,0.06942239350786267
1244029695756316672,negative,0.1997240640621902
1244029695840190464,negative,0.09111121443347242
1244029696070819840,negative,0.03543284367206575
1244029696507105281,neutral,0.5712846859328367
1244029696838381568,negative,0.07646339499741735
1244029697165537280,positive,0.9881732562729016
1244029697434017792,negative,0.0043594855091153364
1244029697660456964,negative,0.1157803844502661
1244029697853399042,negative,0.025835161621926277
1244029698180632576,negative,5.130908500159121e-05
1244029698419671040,negative,0.010875229255583681
1244029698516156417,negative,0.17428209918488682
1244029698834944000,negative,2.9464112775223254e-12
1244029698990112768,negative,0.00023816146093584684
1244029699858157568,negative,1.8859902325188184e-05
1244029699954814977,neutral,0.4051517967274636
1244029700361670657,positive,0.9042982683387465
1244029701129150464,negative,0.11304108714056153
1244029701867307009,negative,4.642018715260876e-20
1244029702358159360,neutral,0.6298040107077135
1244029702542630912,negative,0.08530603216676903
1244029702592958464,negative,0.05735691840036623
1244029703876497408,negative,0.0029843473401162893
1244029704060964866,positive,0.9158269647072814
1244029704333602818,negative,0.00042226376004784457
1244029704576925698,negative,0.009265623317805295
1244029704841105408,negative,0.002281247492803202
1244029705377984521,negative,0.08641516893394857
1244029706095276032,neutral,0.37758735993681
1244029706543955969,negative,5.184519146717628e-07
1244029798067965954,negative,0.009683357990716861
1244029798294437891,negative,0.19070412792750577
1244029799544348673,negative,0.013681579357817242
1244029800253186050,negative,0.09345244323559855
1244029800420966400,negative,0.0016719227190275614
1244029800794263552,negative,0.02348505657732429
1244029801058328582,negative,0.002503740512572945
1244029801498902528,negative,1.2202375585340717e-06
1244029801704407040,negative,1.0208351831826771e-06
1244029801717010433,negative,3.0560624927540286e-07
1244029802132144129,negative,0.1804486289990351
1244029802526453760,negative,1.1450303480137333e-07
1244029802526498822,positive,0.9459307617324982
1244029802887200768,negative,0.0001909679186393763
1244029802987864065,positive,0.9663846740997561
1244029803038203904,negative,0.0010094738058381478
1244029803088535552,negative,0.1036421803552113
1244029803256315910,negative,0.16680176530144505
1244029805168910336,negative,1.0063483644295963e-08
1244029805504483328,negative,1.6929429487019488e-06
1244029805844144128,negative,0.02289003111829215
1244029806129405954,negative,0.003915915805235143
1244029806544654337,positive,0.6949660084587278
1244029807777714176,negative,0.08697220296948277
1244029807857471488,negative,1.98825101783679e-05
1244029808683749376,negative,0.08725279684543437
1244029809065365504,negative,0.006177882880696625
1244029809337839617,negative,0.007280821018863776
1244029810273288192,negative,0.003465493428412361
1244029810571124736,negative,0.26516702541641546
1244029810734780416,negative,0.006565822955124885
1244029811229708288,neutral,0.44805765108837026
1244029811447734272,negative,0.08463084687776241
1244029811699453952,negative,0.2834236980947113
1244029811774947328,positive,0.9842101853512634
1244029811846270978,negative,0.080075576613875
1244029812802453504,neutral,0.46127768308170247
1244029812961873922,negative,0.0017158803913904456
1244029812966072320,negative,0.10525007365068327
1244029813062582273,negative,0.014678962311436785
1244029813326823425,neutral,0.46511884455441777
1244029814475853827,negative,0.251784164639849
1244029814534799362,negative,0.0017697931613046179
1244029814551519232,negative,0.00991245693035184
1244029814769623040,negative,0.12326268268001679
1244029814807412737,neutral,0.34120072705282883
1244029815289675777,negative,0.00029885081182398214
1244029815453372416,neutral,0.5963145590495958
1244029815730180096,negative,0.03487094740970955
1244029815847608321,negative,0.002339224240400548
1244029817051320323,neutral,0.5559611344960839
1244029817441251329,positive,0.9742184772550556
1244029817621798913,negative,1.100549058046473e-06
1244029817877659648,positive,0.7469405270194408
1244029818297102336,negative,0.019118448759894633
1244029819207266306,negative,0.022099818000905606
1244029819286949889,negative,0.08697220296948277
1244029819425370122,negative,0.0013446592732782785
1244029819517534208,negative,1.8684003224456202e-08
1244029819723091969,neutral,0.3605744270105145
1244029819748265986,negative,0.006081492203739368
1244029819848966144,negative,0.21319045241086226
1244029820142530560,negative,6.119985891597435e-06
1244029820830453760,negative,0.17467702737124582
1244029821371527170,neutral,0.49511589986369725
1244029821421785089,negative,0.0009047738692742004
1244029821782495232,neutral,0.6524103328896631
1244029823116247041,negative,0.07786368752313448
1244029823208640514,neutral,0.6121425875431429
1244029823992975360,negative,0.0002033773365411778
1244029824131371008,negative,1.98825101783679e-05
1244029824634482688,negative,2.316826149068521e-05
1244029824886132739,neutral,0.5978743861407889
1244029825125359616,negative,0.1779799169747411
1244029825272221696,neutral,0.390828263951581
1244029825716834305,negative,0.059574546050446875
1244029826379337728,negative,6.126891636181121e-06
1244029827809591296,negative,0.19860443013452167
1244029828107587584,negative,7.645992563463802e-05
1244029828757676033,negative,0.03219967737929801
1244029830599004161,neutral,0.6169333780704895
1244029830926151682,negative,0.05524950469120477
1244029831064571907,negative,0.044155611344402136
1244029831135674368,negative,0.07888518888259648
1244029831832092672,neutral,0.42993805592212864
1244029831848890370,negative,0.19573552326816915
1244029832310272001,negative,0.0011386084664893408
1244029832381554688,negative,0.014806405225344568
1244029832385769472,negative,0.028786205109426116
1244029832494604289,negative,0.2421160597522113
1244029833291730948,neutral,0.42993805592212864
1244029833702772736,negative,0.06942239350786267
1244029833794981889,negative,0.009497004281057831
1244029834369662976,negative,0.001799324413380521
1244029835208466432,negative,1.8242777695381061e-07
1244029835233628161,negative,0.046790893034081786
1244029835565023232,negative,1.5573683979412057e-05
1244029835913105408,negative,0.00898831791968692
1244029836659757056,negative,0.07428056840709026
1244029837024657408,negative,0.005027956062930689
1244029837359976449,negative,0.07919568702604235
1244029837603454976,negative,0.16192226149174863
1244029837603483650,negative,0.010843140694055228
1244029837737709568,negative,0.00015878238168443812
1244029837741826049,negative,0.1106210768463365
1244029837771186176,negative,1.0606127375821712e-05
1244029838370930692,negative,0.08471797663333487
1244029838391939072,negative,0.06674090752680364
1244029838421307392,negative,0.0004308932027032933
1244029839054647298,negative,2.39165646546358e-07
1244029839071379461,negative,0.09291753057127636
1244029839075618821,negative,0.015240469573485517
1244029839184723969,negative,0.13774074679321704
1244029839289483266,negative,0.0030955556304668335
1244029839549632512,negative,1.8242777695381061e-07
1244029839826452482,negative,0.08603810533916781
1244029840065548288,negative,0.0002949173050172556
1244029840371732480,positive,0.7498369388629286
1244029941458653186,negative,7.86745700165842e-06
1244029941974536192,positive,0.8766602791231927
1244029942255489026,negative,0.1548912925335724
1244029942616281089,negative,0.20308379936614449
1244029942767194121,negative,0.0017697931613046179
1244029943090237440,negative,0.03443939472125422
1244029943526445056,negative,6.6585655086458515e-06
1244029944046501890,positive,0.8355041267231138
1244029944268718083,negative,0.001683191553831678
1244029944419831808,negative,0.28951845604878645
1244029944864419842,negative,2.2695532632168993e-07
1244029945132789760,negative,0.021807859841985876
1244029945355145217,negative,1.65599749458431e-05
1244029945443225600,negative,0.06674090752680364
1244029946131087360,negative,2.534561506858077e-05
1244029946202329090,negative,0.14075389035679237
1244029946537947138,negative,0.005697546865271365
1244029947116769283,negative,0.16431198464063343
1244029947250868226,negative,0.0982087420921717
1244029947326406658,negative,1.5373352917942004e-06
1244029947385176065,negative,0.004267670686777293
1244029948165267458,negative,0.006362733434066214
1244029948177809411,negative,0.1091666097777374
1244029948446285824,negative,0.0032621114433214415
1244029948521852929,negative,0.0002033773365411778
1244029948555399168,negative,0.09248833688898632
1244029948672819200,negative,0.02260373891664632
1244029949004189696,negative,0.21663218523124433
1244029949528416256,negative,0.028786205109426116
1244029949557825545,negative,0.11556467443861551
1244029950644105219,negative,0.014744112479803208
1244029951340433416,negative,0.0004813082673198427
1244029951361331201,negative,0.09291753057127636
1244029951667470339,positive,0.9998270269308969
1244029951986278401,negative,0.05726726698460885
1244029952279937028,positive,0.7627843246566761
1244029952720240641,negative,0.015683099033462086
1244029953487896577,negative,8.285615277514604e-06
1244029954142228481,negative,0.01049127172290293
1244029954179960839,neutral,0.3984297673795036
1244029954263846919,negative,0.1309918221152114
1244029954322395136,negative,0.00021934800236352107
1244029954624335877,negative,0.04338091251450624
1244029954741940224,positive,0.8828965540259759
1244029955060781056,neutral,0.4014736624393204
1244029955207581697,negative,0.032271546595479456
1244029955236933632,negative,0.07428056840709026
1244029955782123522,negative,0.0008407226910821212
1244029956105043971,neutral,0.4663917579447527
1244029956717531137,negative,0.27877364902778706
1244029957325705216,neutral,0.3613459947708044
1244029957535399936,negative,1.4418497264785538e-08
1244029957694795776,negative,0.0017697931613046179
1244029957728284672,negative,0.001202530166601287
1244029958407835648,negative,0.0005996820685675604
1244029958567211010,negative,2.8574576105685937e-07
1244029958642638849,negative,0.0024470553072505684
1244029958701363200,negative,0.0013007674203971828
1244029959804461060,negative,0.00012001363643737295
1244029959959711744,negative,0.014803474008022805
1244029960312012802,negative,0.01798835688130834
1244029960358109190,negative,0.044947089906579106
1244029961155096589,neutral,0.49789225920557484
1244029961700290561,negative,6.651713741240378e-08
1244029963969409024,negative,0.00991245693035184
1244029964313378827,negative,0.22398809708875658
1244029964669853697,negative,0.10329697416313957
1244029964804149250,neutral,0.3589609087806488
1244029964929957888,negative,0.00014496240434140495
1244029965269643265,negative,0.00032794294603437113
1244029965798014978,positive,0.663706193271865
1244029965928140802,negative,0.0022816416825920823
1244029966695661569,neutral,0.390828263951581
1244029966704091142,negative,0.28636828945128195
1244029967316537345,positive,0.9969023191403229
1244029967836393474,negative,3.1877233095103832e-06
1244029967853387776,negative,0.2122132853384726
1244029968364929024,negative,5.318285170113091e-07
1244029968394457091,positive,0.8830697916778627
1244029968692260865,negative,8.368669693634914e-13
1244029968880992256,positive,0.7469405270194408
1244029968901902336,negative,0.0004157352169382452
1244029969593970690,positive,0.7469405270194408
1244029970307067906,negative,0.09620887219965354
1244029970470637579,negative,0.28636828945128195
1244029970650935298,negative,0.006637363255833475
1244029970705498112,negative,0.0009311607989607595
1244029971535933442,negative,0.14317063150403234
1244029971913375744,negative,0.12573276901600672
1244029972064460801,neutral,0.45088423470038164
1244029972177616899,negative,0.023250734277424065
1244029972521467904,negative,0.021807859841985876
1244029972811038725,neutral,0.3607239142053841
1244029972894879744,negative,0.012044781112305846
1244029973058502659,negative,8.686973343154903e-06
1244029973230424064,negative,0.00186556670001214
1244029973242851328,negative,0.21537432307405738
1244029973356261376,negative,0.004499323734418796
1244029973981278209,negative,0.10309600235074601
1244029974090260480,neutral,0.3599812232363322
1244029974337728513,negative,0.16192226149174863
1244029974417420288,negative,0.00337411272107555
1244029974530732032,negative,0.02853232116928921
1244029975923240965,negative,0.23599938764408707
1244029976132943875,negative,0.0011867599555737912
1244029976439148545,negative,0.3060268300145718
1244029976644587520,negative,1.8242777695381061e-07
1244029977139580928,negative,0.028786205109426116
1244029977236058114,negative,0.2339327516067041
1244029977353498625,negative,0.1163884520662321
1244029977634525184,negative,0.005327765183710372
1244029978074849284,negative,0.07634812872114315
1244029978628567040,positive,0.805875128890013
1244029978662047744,negative,0.00015317979916494825
1244029978846658561,negative,0.0003224647166062198
1244029979178012673,negative,7.863321839709787e-06
1244030078255759360,negative,0.04186714681363583
1244030078297800704,negative,0.00014239586501853328
1244030078817914886,negative,1.8242777695381061e-07
1244030079132413952,negative,0.004499323734418796
1244030079631532032,negative,0.04404590065869603
1244030080013213698,negative,0.17209500108840114
1244030080013254656,negative,0.004499323734418796
1244030080634011648,neutral,0.6555042334532262
1244030081342849024,negative,0.013127126778861287
1244030081388785664,neutral,0.47697210391394973
1244030081481277441,negative,0.2334716435499026
1244030081506344960,negative,0.004499323734418796
1244030081523220481,negative,0.0031626502309345878
1244030081753927680,negative,0.0018498798325553652
1244030081795870720,negative,0.00022873939715985263
1244030081804140544,negative,0.0012550480760744802
1244030082349490177,negative,0.004499323734418796
1244030082735321089,neutral,0.390828263951581
1244030083192573953,negative,0.004499323734418796
1244030083481899010,positive,0.7347639082812152
1244030084006268929,negative,0.004499323734418796
1244030084043988993,neutral,0.36819201329619855
1244030084832464898,negative,0.004499323734418796
1244030085604270090,negative,0.004499323734418796
1244030086401187843,neutral,0.6555042334532262
1244030086409588741,negative,0.004499323734418796
1244030086644486146,neutral,0.5673974797310583
1244030086698893313,negative,1.80953424955665e-08
1244030087147724807,negative,0.004499323734418796
1244030087281938432,neutral,0.49789225920557484
1244030087340711941,negative,0.0491299664409283
1244030087391072257,negative,3.9772641084120805e-05
1244030087504318464,negative,0.00025426765412921707
1244030088099909632,negative,0.004499323734418796
1244030088297021441,neutral,0.41188553533078087
1244030088489959424,neutral,0.396352349529719
1244030089018425347,negative,0.004499323734418796
1244030089492418560,negative,0.19949112335726718
1244030089601392640,negative,0.0005853493968794024
1244030089874071552,negative,0.004499323734418796
1244030090285113344,negative,0.0017697931613046179
1244030090301919233,negative,0.01681361962600288
1244030090628997123,negative,0.004499323734418796
1244030090876538880,negative,0.07520233926586449
1244030090889084929,negative,0.0002627099760883589
1244030091337891840,negative,0.14748355992689904
1244030091442749444,negative,0.004499323734418796
1244030091526635521,negative,0.006193554655235299
1244030091530829824,neutral,0.5559880001893893
1244030092172550150,negative,0.02401404052296945
1244030092495458305,neutral,0.4496962766777865
1244030092499734528,negative,0.004499323734418796
1244030092604555264,negative,2.529266758315309e-05
1244030093023985667,neutral,0.45309073880767226
1244030093275643904,negative,0.004499323734418796
1244030093313310721,negative,0.2456302790031329
1244030093657133061,negative,1.8886205925867469e-06
1244030094001274880,negative,0.009469945699524524
1244030094043119616,negative,0.01810558329228315
1244030094110228480,negative,0.004499323734418796
1244030094202421248,negative,0.021807859841985876
1244030094626230272,negative,0.12110876271727468
1244030094718492673,negative,0.0017115217808528905
1244030095234412544,negative,8.861473572586883e-07
1244030095796420609,negative,0.0006718401605633091
1244030095829995520,negative,0.07246292081478829
1244030096148758528,negative,0.01241576440218127
1244030096345837568,negative,0.03236630180711951
1244030096551411713,negative,0.03863503380423937
1244030096693919744,negative,0.0001886112206461086
1244030096861810691,negative,0.1480542286351871
1244030096949874688,negative,0.009497004281057831
1244030097084026880,negative,4.073123249630157e-05
1244030097314779136,negative,0.007487525922341075
1244030097801252866,negative,0.006193554655235299
1244030097818030081,negative,0.131984309276283
1244030098451267584,neutral,0.390828263951581
1244030098489184256,negative,5.704643911190923e-07
1244030098782785536,negative,0.15081855823317616
1244030099827163136,negative,0.00023633788462176195
1244030099902603264,negative,0.12209993865702455
1244030100389146625,negative,0.017306944411961046
1244030100624027648,negative,2.0114198586716926e-05
1244030100632473600,negative,0.25411283024585835
1244030101039316992,negative,0.17209500108840114
1244030101064429569,negative,0.0002908340960504026
1244030101253218309,negative,0.17335223737652278
1244030101416796160,negative,0.08479079015473669
1244030103476228096,negative,0.0005789635886262302
1244030103828471810,negative,0.01872082830655924
1244030104004694016,negative,0.01003170366079452
1244030104369418242,negative,0.16456114296626626
1244030104860327937,negative,0.049845218860178446
1244030105028046848,negative,0.0012460830502719017
1244030105527214080,positive,0.9263507403379335
1244030105975955456,positive,0.8798464330143791
1244030106265419777,negative,0.029378896222315636
1244030106881994752,positive,0.6769963287879422
1244030107783696387,neutral,0.3565792083451242
1244030107985088514,negative,5.3286213907331214e-08
1244030108366704642,positive,0.6670137372239194
1244030108773613568,negative,0.16456114296626626
1244030108920356869,negative,0.1779164002908525
1244030109364801537,negative,0.021959099477615793
1244030109704732674,neutral,0.390828263951581
1244030109834715137,neutral,0.45459490915097406
1244030109889282049,negative,0.24180224752915985
1244030110811947010,negative,0.07690926213484135
1244030110883332097,negative,0.28393279985185216
1244030111814475777,negative,0.0033814613191526545
1244030112145854464,negative,1.8684003224456202e-08
1244030112456155136,negative,0.034757561817672554
1244030112770785281,negative,0.034757561817672554
1244030112951042048,negative,0.028176337110713098
1244030113106268160,negative,0.00026154243513018755
1244030113223712769,negative,0.00012801075541105369
1244030114683289601,negative,0.1779164002908525
1244030115048312834,negative,0.025835161621926277
1244030211244675072,negative,2.316826149068521e-05
1244030211290775553,negative,0.2545752139250113
1244030211370430477,negative,0.0003623478711754389
1244030211919757312,negative,0.08765626830108407
1244030211999649793,negative,0.20838056213615064
1244030212226121729,neutral,0.35442114107692857
1244030213685678081,neutral,0.4465635227021562
1244030214495182850,negative,0.06251997627974541
1244030214642024448,negative,0.034757561817672554
1244030214843310081,negative,0.02079165410748169
1244030215019511809,negative,0.0114134679928271
1244030215166271490,negative,0.07690926213484135
1244030215585771520,neutral,0.390828263951581
1244030215942217730,negative,0.24180224752915985
1244030216416231425,negative,0.09291753057127636
1244030216550350851,negative,0.014806405225344568
1244030218244849666,positive,0.671729215166024
1244030220111417344,negative,0.025834889334392184
1244030220237234176,neutral,0.390828263951581
1244030221348724737,negative,0.031956037561786825
1244030221403279361,negative,0.00029280618737163926
1244030221688414209,negative,0.035177460012004176
1244030221772300289,negative,0.01681361962600288
1244030221935927296,negative,0.11145264935100732
1244030222493790212,negative,1.98825101783679e-05
1244030222808289281,negative,0.05489400212002765
1244030223651397632,neutral,0.390828263951581
1244030223974387713,negative,0.020835401751684777
1244030224842489856,negative,4.728974827693831e-17
1244030225379401729,negative,0.24166313183877766
1244030228441305088,negative,0.14991548800178608
1244030228491616257,negative,0.031956037561786825
1244030229745750019,positive,0.7279978794515691
1244030231159214080,negative,0.2569512186766437
1244030231368826880,negative,0.0008061474307361671
1244030232119709697,neutral,0.4086931377272178
1244030233272963072,negative,0.014174163156158048
1244030234871181313,negative,0.1446041164482266
1244030235022110723,positive,0.7782603726305686
1244030235391246337,negative,0.0001909679186393763
1244030235420524546,negative,0.00014168472424609294
1244030235747721221,positive,0.7449933359070771
1244030235856732161,negative,0.001843562834023255
1244030235928035328,negative,0.01932529807794596
1244030236016156673,negative,0.046691383725468744
1244030236720877568,negative,0.005855180342432488
1244030237924634630,negative,0.09100376888152091
1244030238440513536,negative,3.1964208456753426e-05
1244030239187111937,negative,0.057890149830322334
1244030239568789504,negative,0.30030291057250835
1244030239740760065,positive,0.7859114011779188
1244030239879106560,negative,1.8242777695381061e-07
1244030240097255424,negative,0.01429426280387933
1244030240185290752,negative,0.04645615035567907
1244030240545861633,negative,0.1785074845235359
1244030240579629056,negative,0.04880136801565668
1244030240650752001,negative,0.015887996908581024
1244030240776687620,negative,1.2733441696684524e-05
1244030240780943361,negative,0.013299568058108313
1244030240889987072,negative,0.019218746274502214
1244030241468751875,negative,0.05735691840036623
1244030242336972801,negative,0.21528322504140346
1244030242454372354,negative,2.0815907603238826e-06
1244030243779874817,positive,0.8886873516732249
1244030243888824322,negative,0.035177460012004176
1244030243893018626,negative,0.31700556013697245
1244030244039938048,neutral,0.5356776672389163
1244030244740358144,negative,0.28294689840443954
1244030245046489089,negative,0.009265623317805295
1244030245218455554,negative,1.982880783609218e-11
1244030245700644865,neutral,0.390828263951581
1244030246560714760,negative,0.07690926213484135
1244030246963249153,negative,0.002118966402790443
1244030247135313920,negative,0.03447080296955861
1244030247139446785,negative,0.13972966769485784
1244030247210823681,negative,0.016847520923276123
1244030247718334464,negative,3.9180513001550367e-10
1244030247743500288,negative,0.011655021036970081
1244030248104140800,negative,0.015705438130991126
1244030248183910401,negative,0.10048026633726248
1244030248896905217,negative,0.000229440294047231
1244030249005993986,negative,0.014506501541605168
1244030249588981760,negative,1.8684003224456202e-08
1244030249614131201,negative,0.0002832898518206895
1244030249626669056,negative,0.0007788169678446083
1244030249949712386,negative,0.15528869389432534
1244030250021007361,negative,0.280294671891172
1244030250536914944,negative,0.2014670615518242
1244030250889162754,negative,0.002409494374276103
1244030250981494790,positive,0.7402645665710843
1244030251111460864,negative,0.2828136932208214
1244030251669303296,negative,4.902788787598944e-05
1244030251723784193,negative,1.9884777328978578e-07
1244030351095336961,positive,0.9314698864457283
1244030351502184448,negative,2.7335812787922405e-06
1244030351573426176,negative,0.00021436605077256658
1244030352181559296,negative,1.1566488200106774e-07
1244030352609378304,negative,0.07690926213484135
1244030352991096835,neutral,0.33502791719947705
1244030353129517058,negative,0.02240648919769705
1244030353192423425,negative,0.014744112479803208
1244030353431552006,negative,0.001874086707881626
1244030353569972225,negative,0.14204215342117432
1244030353599275010,negative,0.06646582396735787
1244030353792212992,positive,0.7469405270194408
1244030353964228608,negative,0.0005636206908201405
1244030354480082945,neutral,0.42993805592212864
1244030354727501824,negative,0.24180224752915985
1244030355058962433,negative,4.139270713023977e-09
1244030355092451328,negative,0.02392333193010132
1244030355478372354,negative,0.0003743049246202842
1244030355851657216,negative,0.00015829801051204148
1244030356191412224,negative,4.201443461354463e-07
1244030356241686530,negative,0.0002832898518206895
1244030356443070464,negative,0.2628470976205528
1244030356476645378,negative,1.98825101783679e-05
1244030356757655554,negative,0.015045971959565951
1244030356963168257,negative,0.001584727734312352
1244030357256704000,negative,0.19949112335726718
1244030357466464259,negative,0.01861826499111092
1244030357923659778,negative,0.002920239381707522
1244030358519242753,negative,0.13774074679321704
1244030358775050242,negative,0.2378411193086786
1244030359165120516,negative,0.0008843253587333041
1244030359244767234,neutral,0.557531550843803
1244030359714574338,positive,0.7771443262160359
1244030360092127234,positive,0.7840894178896947
1244030360171819009,negative,0.035177460012004176
1244030360431755264,negative,0.09994475712523643
1244030360519954433,negative,0.26016135063647977
1244030360742170624,negative,0.25131827969893744
1244030360842842114,negative,0.16238354240856034
1244030361199349762,negative,0.029045592928711454
1244030362482868226,negative,0.007061130450119552
1244030362554114049,negative,0.035177460012004176
1244030362877075456,negative,0.02469230670798138
1244030363900366848,positive,0.7301470525511038
1244030364391297024,negative,0.0053981324901908306
1244030364810706945,negative,0.02392333193010132
1244030365032996864,negative,0.0900111016026032
1244030365037182976,negative,0.0002298196224196283
1244030365095919616,negative,4.709622555978575e-06
1244030365112688642,negative,8.660399736127154e-05
1244030365137883138,negative,0.006193554655235299
1244030365267906561,negative,0.02835743489424238
1244030367826235398,negative,0.03247883499538941
1244030368438681600,negative,0.008546671347315985
1244030368585580544,neutral,0.390828263951581
1244030369449611264,neutral,0.3547973696663849
1244030369571233794,negative,0.06646582396735787
1244030369869041666,negative,0.025159004582940184
1244030369948729346,negative,0.02561699281217725
1244030370263302144,negative,7.320656713937373e-05
1244030370925944833,negative,0.02144135026362866
1244030371735494657,negative,0.13774074679321704
1244030371743830016,negative,1.0861106634635126e-05
1244030371899080704,negative,0.006767204526601197
1244030371970367490,negative,0.009790192739794316
1244030372012269569,negative,0.00045398376069640125
1244030372414980096,neutral,0.390828263951581
1244030372536557569,negative,1.8684003224456202e-08
1244030372645687297,negative,0.0114134679928271
1244030372763119617,neutral,0.390828263951581
1244030372993777664,negative,0.035177460012004176
1244030373350248449,negative,0.01861826499111092
1244030373627154441,neutral,0.5173780967571
1244030373832654848,neutral,0.4051517967274636
1244030374159831042,negative,0.044947089906579106
1244030374524715016,negative,2.1464652975011097e-06
1244030374738608129,negative,1.8684003224456202e-08
1244030374788947968,negative,1.8242777695381061e-07
1244030375283888128,neutral,0.390828263951581
1244030375489351681,negative,0.028786205109426116
1244030375640301569,positive,0.8766602791231927
1244030376458190849,negative,0.0025081230326720176
1244030376600899585,negative,0.002060077715074198
1244030376714088455,negative,0.004499323734418796
1244030376852492289,negative,0.03342765554732337
1244030376940654592,positive,0.7469405270194408
1244030377162870787,neutral,0.6581180406017583
1244030377259405313,negative,0.0783308163489597
1244030377414610944,negative,0.041675863899531665
1244030377749917703,positive,0.8156527452599452
1244030377854935041,negative,0.014871564723888129
1244030377875955713,negative,3.5647388272481407e-06
1244030378290974721,negative,5.951258373256145e-05
1244030378370904065,negative,3.9224567046466725e-09
1244030378375028736,neutral,0.6459132541843224
1244030378706419712,negative,0.019118448759894633
1244030378823880704,neutral,0.39580898843577317
1244030379083722752,negative,0.002216442814894831
1244030379130073090,negative,0.12335516393739578
1244030379906019333,negative,0.29037621209204917
1244030379981524992,negative,0.0013446592732782785
1244030381478813698,negative,1.1658590563531095e-06
1244030381516521478,negative,0.035177460012004176
1244030382657470464,negative,0.22527849740496803
1244030382883954688,neutral,0.49789225920557484
1244030383089422337,negative,0.08409321690293936
1244030383118827522,negative,0.31305786718323186
1244030384058314753,negative,0.07181987443700952
1244030384775577600,neutral,0.6581180406017583
1244030386340052994,neutral,0.5136446707795853
1244030386658836480,negative,0.0008356510837899626
1244030386717577216,negative,0.035177460012004176
1244030386847412224,negative,0.0026276288151415423
1244030387053084674,negative,0.07714986956063608
1244030387455754240,negative,0.016219032192039455
1244030387707207680,negative,0.00011645763445640705
1244030388365864964,neutral,0.5861765239986066
1244030388646936578,negative,0.002431778134909091
1244030389498363905,positive,0.9743773670404898
1244030389578010624,negative,0.1446264050032508
1244030389716504577,neutral,0.45214956820230323
1244030390152593410,positive,0.7469405270194408
1244032217594109952,negative,0.03641675913129375
1244032217640103936,negative,2.3116600741786353e-07
1244032218844073985,negative,0.18422510058019378
1244032219578073088,negative,0.004370295483137032
1244032220194648065,negative,0.022791865267080224
1244032220542590976,negative,1.8242777695381061e-07
1244032220605620226,negative,0.2849018874944184
1244032220655947778,negative,4.163126996364161e-05
1244032220748226561,negative,1.3630639007175038e-07
1244032220874051585,negative,8.660399736127154e-05
1244032221058600967,negative,0.0025734485784938885
1244032221188624387,negative,0.001400010036982144
1244032221553491968,negative,0.1462021506771258
1244032221746548737,negative,0.009834109073988928
1244032222304391169,negative,0.240652113633904
1244032222426009601,neutral,0.396352349529719
1244032222639906817,positive,0.9696698460810789
1244032223155716097,negative,0.009359700092852391
1244032223898218499,negative,0.001400010036982144
1244032224015630338,negative,0.08716490229824937
1244032224028233730,negative,0.14963922696691595
1244032224376377349,negative,0.00011770964285579626
1244032225496182785,negative,0.04918162969414945
1244032225668141060,negative,0.0010814887484273082
1244032225982787585,negative,0.01742446578028342
1244032226674655233,negative,0.0016411195753158903
1244032226875953152,negative,0.019118448759894633
1244032228247719937,negative,0.002060077715074198
1244032228323135489,negative,0.14776111067542747
1244032228352561153,negative,1.9884777328978578e-07
1244032228650172416,negative,4.161672172676341e-07
1244032228964827136,neutral,0.3559188854328074
1244032229032046594,positive,0.7099469896476155
1244032229845741570,negative,4.7721481398405625e-09
1244032229854121984,negative,0.06601555672860454
1244032230055280645,negative,0.0001909679186393763
1244032230994989057,negative,0.02425846224082266
1244032231095570432,negative,0.1478817899637201
1244032232953651202,negative,0.0010663749770575973
1244032233519886347,negative,0.07690926213484135
1244032234400579584,negative,0.012444085968656664
1244032235428171776,negative,0.019118448759894633
1244032235843522563,negative,0.11781003391181007
1244032236032319489,negative,0.05333426148897456
1244032236187348993,negative,0.007303795144285167
1244032236418203655,negative,0.05461945107042502
1244032236451778566,negative,3.0560624927540286e-07
1244032236778917888,negative,0.00015457043592953624
1244032237374504961,negative,0.002339224240400548
1244032237584224257,negative,0.1317829406289934
1244032237584224258,negative,1.4941853386258214e-06
1244032237739311106,negative,0.0024095142586859812
1244032237944872962,negative,0.0010429888447562447
1244032238188019712,negative,6.1854443749664606e-09
1244032238251106305,negative,0.32798757997332323
1244032238423093251,negative,0.022389017311164654
1244032238498410496,negative,0.041484484727041346
1244032239337381888,negative,0.01681361962600288
1244032239471640577,negative,0.2785040235620228
1244032240776097798,negative,0.0011349335171440117
1244032241224859652,negative,0.08597768982370183
1244032241640013830,negative,0.11067996758633115
1244032241946308608,negative,0.00015457043592953624
1244032242529124353,negative,0.00016535051157032506
1244032242948636679,negative,4.902788787598944e-05
1244032243250667521,negative,0.19027731253637592
1244032244341075968,negative,0.002131497399403806
1244032244852932608,negative,0.07888518888259648
1244032245121286145,negative,0.001457276473528543
1244032245188505602,negative,0.001087088934012245
1244032245767311368,negative,0.013602954468586156
1244032245779894272,negative,0.019118448759894633
1244032246270644225,negative,0.18590258936942416
1244032246434205703,positive,0.9854476786037427
1244032247084261376,negative,0.04740234975340004
1244032247373500417,negative,0.0030955556304668335
1244032247738642432,neutral,0.5289716364796644
1244032248174780416,negative,0.17752803026326405
1244032248803774465,negative,0.014871564723888129
1244032248850141184,negative,0.16238354240856034
1244032250028703744,negative,0.05987261819923995
1244032250804568066,negative,0.03548309121239138
1244032251018518528,neutral,0.557531550843803
1244032251479941120,negative,0.00789499045733024
1244032252130078720,negative,4.07644063658151e-09
1244032253027631105,negative,0.00254959084496433
1244032253258326022,negative,0.024650765602895232
1244032254520823808,negative,0.020964228647196517
1244032254604705798,negative,1.8242777695381061e-07
1244032255229595656,negative,0.004832988568603072
1244032255326068738,negative,1.0652354710306457e-06
1244032255330332674,negative,0.24280410659819707
1244032255556833287,negative,0.0010094738058381478
1244032255560945669,negative,0.04648802404234886
1244032256269828102,neutral,0.3559188854328074
1244032256529903622,negative,0.0003164696326069333
1244032256634761222,negative,0.00037398942273412014
1244032257448390667,negative,0.001400010036982144
1244032257792319489,negative,0.11145264935100732
1244032258002104326,negative,0.07888518888259648
1244032259629301760,positive,0.7469405270194408
1244032259830820864,negative,0.016847520923276123
1244032260086607874,neutral,0.3559188854328074
1244032260761886727,negative,0.12227421027173542
1244032359021805568,negative,0.13079178576100292
1244032359659450374,negative,4.755634625746224e-05
1244032359781015553,negative,0.006492312868312259
1244032360066277386,negative,0.00017900194223249998
1244032360552845314,negative,0.0007897190177624889
1244032360678490112,negative,0.31322934822398535
1244032361056083969,negative,0.04257182792554168
1244032361081319427,negative,8.365226942077471e-06
1244032361882251265,negative,0.027682355108066617
1244032362599649281,negative,6.558807706608357e-05
1244032362733875200,negative,0.0033588346299997466
1244032362813575171,negative,0.005668741250425686
1244032362968743937,negative,1.119376755735543e-06
1244032363312680961,negative,0.0021955161443353737
1244032364512194561,neutral,0.4442015093938886
1244032364579131393,negative,2.5398434954693637e-05
1244032364705206280,neutral,0.390828263951581
1244032365225299968,negative,0.0039000054564035623
1244032366634512384,negative,0.13774074679321704
1244032366710063105,negative,0.0794679367273924
1244032366756102147,positive,0.667037667153014
1244032366923976705,negative,0.00021436605077256658
1244032367020453889,negative,0.024474414137893384
1244032367079153664,negative,1.4941853386258214e-06
1244032367167246337,negative,0.02011744081092183
1244032367364366338,positive,0.9750762262942022
1244032367582470146,negative,0.20091323263404554
1244032368563949570,negative,1.8242777695381061e-07
1244032368907890688,negative,0.2785040235620228
1244032369432113153,negative,0.013299568058108313
1244032369444741121,negative,0.0011949281065939817
1244032369587367936,negative,0.07888518888259648
1244032369667047428,negative,0.0017810553278635498
1244032369788702721,negative,0.08538848370827042
1244032369843032066,negative,0.10262449411129812
1244032370140950529,negative,0.0006873986791324966
1244032371478822912,neutral,0.3870020180728887
1244032371499962368,negative,0.030975385038122052
1244032371734843394,neutral,0.390828263951581
1244032372913340418,negative,0.01681361962600288
1244032374452768770,negative,0.0036230052669120514
1244032374872170496,negative,5.089465941757213e-05
1244032374918320128,negative,0.08350498499325301
1244032375044091906,negative,0.09004444723042059
1244032375258038272,positive,0.7469405270194408
1244032375547404295,negative,0.0009470895885504947
1244032375744532482,negative,0.13774074679321704
1244032375778050048,neutral,0.4778352122994631
1244032376197517313,negative,0.028786205109426116
1244032377367736320,negative,0.0584315975613608
1244032377845940225,negative,0.014871564723888129
1244032377921384449,negative,0.03276756017745185
1244032378093395970,negative,0.09323065643648924
1244032378529513473,negative,0.034696091382893306
1244032378533744640,negative,8.294173349098406e-05
1244032379397832704,negative,0.00898831791968692
1244032379662073856,negative,0.2628470976205528
1244032379959816193,negative,0.0016125322240799
1244032380043657218,negative,0.12680471645005845
1244032380140167172,negative,8.496876137666032e-05
1244032380953923584,positive,0.663706193271865
1244032381264236546,negative,0.008873475230965103
1244032381276782608,negative,0.02086511658669261
1244032381503356928,negative,0.08783194342588421
1244032382212153344,negative,0.0017697931613046179
1244032382497406976,negative,0.07888518888259648
1244032383315251200,negative,6.151515437978734e-11
1244032383449522178,negative,0.03219967737929801
1244032383692701698,negative,0.008480797191020078
1244032383940202498,negative,0.003089674508165488
1244032384074502149,negative,0.004267670686777293
1244032384556773378,negative,0.021405306016995456
1244032384720236544,negative,0.00015641463907947506
1244032384846217217,negative,0.21787428614155385
1244032385001426945,negative,0.002060077715074198
1244032385202688000,negative,0.00026154243513018755
1244032385248886785,neutral,0.390828263951581
1244032385701883911,negative,0.06743938570040155
1244032385764777984,negative,0.0002795029193220092
1244032385865388033,negative,2.1801440608480994e-09
1244032386448396288,negative,0.14317063150403234
1244032387459186690,negative,0.0002033517454507236
1244032388016902144,negative,0.0014587808598950755
1244032388922998785,neutral,0.3559188854328074
1244032389191532544,negative,0.0023611354554172468
1244032389212405765,neutral,0.3559188854328074
1244032389250236416,negative,0.012444085968656664
1244032389321494530,negative,0.045402690853824
1244032389510283264,negative,0.12848579615834305
1244032389615104001,negative,1.7424599635531695e-07
1244032390068146182,negative,0.0232516623099797
1244032390424489984,neutral,0.3670335994880656
1244032390567284736,negative,1.2832267646796996e-10
1244032390932115461,neutral,0.4158460128102584
1244032391028641794,negative,1.8242777695381061e-07
1244032391355777024,neutral,0.46358511501767985
1244032392182083585,neutral,0.390828263951581
1244032392572125185,negative,0.001799324413380521
1244032392928661504,negative,0.013787599767939389
1244032393712984071,negative,2.680326357427769e-06
1244032393914101761,negative,0.0002768654720082666
1244032394237222912,neutral,0.34307831552732
1244032394275049474,negative,0.15084783393513923
1244032394480496645,neutral,0.37758735993681
1244032394673479681,neutral,0.5136446707795853
1244032395361300487,negative,0.0008753786774160258
1244032395726270470,negative,0.2005976693705853
1244032395982053377,neutral,0.41264149140624123
1244032396510494721,negative,2.316826149068521e-05
1244032397118779392,negative,0.0031626502309345878
1244032496624418822,negative,0.009497004281057831
1244032497190678535,neutral,0.3559188854328074
1244032497731674114,negative,0.2934665420968206
1244032497916293120,negative,3.647267685951242e-07
1244032498239180800,negative,0.0056252832010321475
1244032498704748544,neutral,0.5716008539745538
1244032498935509000,negative,6.319256955170993e-07
1244032499048742912,negative,0.00337411272107555
1244032499090690050,negative,0.00040976385662546474
1244032499203944454,neutral,0.390828263951581
1244032499266859008,negative,6.723764274475842e-05
1244032499308793857,negative,0.019118448759894633
1244032499409248256,negative,0.003513988472308996
1244032499426213888,negative,2.424328716262205e-06
1244032499992473600,negative,0.006107774363352811
1244032500340490240,negative,0.00014130652712067578
1244032502488084481,positive,0.9904626839691301
1244032502861385729,negative,0.000448007802127221
1244032502970417153,negative,0.02068850197620429
1244032503255568386,negative,0.001400010036982144
1244032503318536198,negative,0.0056252832010321475
1244032503335313410,negative,0.0017815016654215952
1244032503679156224,negative,0.0004932035822733983
1244032504354537473,negative,0.007941176494155287
1244032504568446978,negative,0.014841198197484659
1244032505008840704,negative,0.008311676958607513
1244032505986125824,negative,0.0012639235451775413
1244032506464256000,negative,4.538017683707876e-09
1244032506745233413,negative,0.014871564723888129
1244032506942361600,neutral,0.557531550843803
1244032506963296257,negative,0.0021955161443353737
1244032507059847177,negative,0.21292236409532245
1244032507068256263,negative,0.028786205109426116
1244032507294744577,negative,0.002339224240400548
1244032507718316032,negative,0.0016411195753158903
1244032507886161923,negative,1.8242777695381061e-07
1244032508515278848,negative,0.03334714699369607
1244032508569759752,negative,0.005355854762472509
1244032509031198721,negative,0.014744112479803208
1244032509534326784,negative,0.00530068029639208
1244032510050344961,negative,0.12115282727552625
1244032510100680704,negative,5.523834298948095e-07
1244032510931189760,negative,0.00010263506665278443
1244032511438729217,neutral,0.390828263951581
1244032512264978434,negative,0.0017810553278635498
1244032512525025285,negative,0.0011795240825531897
1244032512625651719,negative,0.027682355108066617
1244032512873115650,positive,0.8258428546314276
1244032513384857605,negative,0.00015204561433927166
1244032513561026562,negative,0.025159004582940184
1244032514030743552,positive,0.8355106844928855
1244032514148184065,negative,0.05831816695693944
1244032514462748672,negative,0.05722490652840982
1244032514617901058,negative,0.00025611857551194637
1244032514764804098,neutral,0.390828263951581
1244032515033235456,negative,2.467397361275809e-07
1244032515687546884,positive,0.9696698460810789
1244032515825950722,positive,0.9904096286812686
1244032516639637504,negative,0.10028755757334436
1244032516660572160,neutral,0.390828263951581
1244032516996071424,negative,0.003582440342709989
1244032517642096640,negative,3.0850863247685272e-06
1244032518820704259,negative,0.015705438130991126
1244032519655297024,negative,0.047074794527370824
1244032519663648769,negative,0.028176337110713098
1244032520058032129,positive,0.7908823791618218
1244032520380977154,negative,0.002313912415794402
1244032520552878080,negative,0.18429753910341487
1244032521819623424,negative,0.014871564723888129
1244032521861545985,negative,0.1833726217587575
1244032522545225728,negative,0.2752472828486386
1244032523283259392,negative,6.582525650831454e-09
1244032523497283584,negative,0.001400010036982144
1244032523790942208,negative,0.014174163156158048
1244032523807703040,negative,0.2531908503336046
1244032524000657419,positive,0.8427059656704835
1244032524298399745,negative,0.0009461095119313201
1244032525216989184,negative,4.362521094767957e-07
1244032525376335874,negative,0.11835705963922827
1244032525565124610,negative,0.2334716435499026
1244032525930020872,negative,0.00209085827539107
1244032526051610625,negative,0.07714986956063608
1244032526160723975,negative,0.16109900497471674
1244032526328479744,negative,0.0003685903911037167
1244032526362054656,negative,0.00036593296541749114
1244032526504648706,negative,0.0006885776986979639
1244032526651404288,negative,0.02161485802195412
1244032526655594499,positive,0.6836423764339169
1244032526919897089,negative,0.022389017311164654
1244032527506915328,negative,0.1275554775380079
1244032527632945153,negative,5.130908500159121e-05
1244032527813283854,negative,0.006565822955124885
1244032528018804736,positive,0.7099469896476155
1244032528626913287,neutral,0.390828263951581
1244032528756998144,negative,0.0015090460173665286
1244032528790499328,neutral,0.33853769303563025
1244032529029566464,neutral,0.4985928500860049
1244032529335816194,negative,0.10306700121654662
1244032529365073920,negative,0.01861826499111092
1244032529851658240,negative,2.599668607769244e-05
1244032529939693570,neutral,0.33897105222844165
1244032530178768898,negative,0.001782429495141864
1244032530296307712,neutral,0.49511589986369725
1244032530619289601,negative,3.3399609989071845e-06
1244032532095684614,neutral,0.45279944724548254
1244032532279988226,neutral,0.5169191973525927
1244032633501351939,negative,0.02182542632275869
1244032633690079234,negative,0.0390475981703771
1244032634344407042,negative,0.004599610205558793
1244032634361020417,negative,0.07910450000660398
1244032634591891456,negative,0.014871564723888129
1244032634721841158,neutral,0.3559188854328074
1244032634726109184,negative,8.070872531665564e-05
1244032634759581696,negative,0.0032985019481005518
1244032635170684929,negative,0.002660025299452695
1244032635459915776,negative,0.01861826499111092
1244032635682291714,negative,0.07428056840709026
1244032635870965761,negative,0.0011234478597625973
1244032636479307776,negative,0.18113528374833468
1244032636806365187,negative,0.007548174677161591
1244032636865085443,negative,0.0018797293594688704
1244032636894535682,negative,0.004499323734418796
1244032637074841601,negative,0.16109900497471674
1244032637259431937,neutral,0.396352349529719
1244032637628530689,negative,0.001400010036982144
1244032637745926145,negative,0.2068266029609163
1244032637771137024,negative,6.108444335401908e-05
1244032637959843841,negative,0.2927527151157887
1244032638131802117,negative,0.035177460012004176
1244032639134203910,negative,0.001799324413380521
1244032639499190272,neutral,0.390828263951581
1244032639805333504,negative,0.10262449411129812
1244032640283377666,negative,0.07888518888259648
1244032641227079685,negative,0.17623100610984624
1244032641864814593,negative,0.010184394046458885
1244032642061938689,negative,0.003998878273497805
1244032642321920000,negative,0.03785984484730126
1244032643127054336,negative,2.763268682238646e-06
1244032643265675265,negative,0.04701612126220309
1244032643311771649,neutral,0.3559188854328074
1244032643500515335,negative,0.013247961039121164
1244032644750495748,negative,0.03481669237246434
1244032644876296193,negative,0.0011773400050860616
1244032644993683456,negative,0.001371408067003721
1244032645262180357,neutral,0.390828263951581
1244032645576691715,negative,1.8242777695381061e-07
1244032646012952577,negative,0.017559724839966193
1244032646642049030,positive,0.8416603856681473
1244032647107665921,negative,0.10136708390261871
1244032647996866560,negative,0.0001090884674081554
1244032649355821056,negative,0.05987261819923995
1244032649435516929,negative,0.0008702778899985146
1244032650555396096,negative,0.005855180342432488
1244032650639179777,negative,0.035597780587830516
1244032651096461313,neutral,0.3354654506706633
1244032651134152706,neutral,0.4778352122994631
1244032651155116034,negative,0.016769475649516023
1244032652295929863,negative,0.043697660510153974
1244032652853882883,negative,0.21225234744730082
1244032652895760385,negative,0.06463479261836094
1244032654506221568,negative,0.06991749138277485
1244032655450165256,negative,0.014020666373132514
1244032656695853056,negative,0.060939403920429694
1244032657144586241,negative,0.02469230670798138
1244032657249492993,negative,0.05924778469433336
1244032657299853315,negative,0.035806655062775625
1244032657354379264,negative,0.12393266165992939
1244032657941504000,negative,0.0017444547579534193
1244032658117722112,negative,0.2840033617837774
1244032658323189761,negative,2.516616838908564e-06
1244032659128561668,neutral,0.40731650043328077
1244032659942039552,negative,0.003302708744723895
1244032659946385410,negative,0.1331645536157425
1244032660353224704,positive,0.8427059656704835
1244032660357492737,negative,0.21335302967473885
1244032660479115265,negative,0.09196536750061665
1244032660571410434,neutral,0.49789225920557484
1244032660621742080,neutral,0.390828263951581
1244032660705554435,negative,0.01429426280387933
1244032660768358401,neutral,0.3870020180728887
1244032660961361921,negative,0.01872082830655924
1244032661263351809,negative,7.040312035909067e-10
1244032661359923200,negative,0.002281247492803202
1244032662580482051,neutral,0.4535759911583438
1244032662748016640,negative,0.00037398942273412014
1244032662865666050,negative,0.001205265845571535
1244032663197024258,negative,0.07888518888259648
1244032663264145414,negative,0.1808775420824559
1244032663402557442,neutral,0.47968532582458573
1244032663444426752,negative,0.04170806366160754
1244032663444508672,positive,0.9459307617324982
1244032663654141953,negative,0.0007668276958261519
1244032663910055936,neutral,0.3867737279337002
1244032664010719233,negative,2.382901934380511e-08
1244032664102932482,positive,0.909600166317271
1244032664107192326,negative,0.28636828945128195
1244032664270708738,negative,3.4021913292110495e-05
1244032665382277120,negative,1.553534642170359e-07
1244032665545854977,negative,0.26394560431101827
1244032665776463879,negative,0.00209085827539107
1244032666086903808,negative,0.014174163156158048
1244032666493685769,negative,0.03605125916968813
1244032666615320580,negative,0.01681361962600288
1244032666711855104,positive,0.9769850889314388
1244032667080851456,negative,0.0001886112206461086
1244032667458420738,negative,0.009434957878473434
1244032667605241859,negative,1.8684003224456202e-08
1244032667819094016,negative,0.1424829771831002
1244032668515414023,negative,0.0005545764068791415
1244032670046306304,negative,0.0017697931613046179
1244032670708969473,negative,0.0011290718831391679
1244032671065485318,negative,0.0013446592732782785
1244032770814423041,positive,0.7187607391813584
1244032770814488577,negative,0.2052731229318503
1244032770864812033,negative,0.03846880651676286
1244032770877173761,negative,0.03037698968547367
1244032770881380352,negative,0.026348084709661313
1244032770944503810,negative,0.20634588615388308
1244032770982191114,negative,0.03378440656628671
1244032770994831362,negative,0.003144631224405598
1244032771036606464,negative,0.028807466052538283
1244032771451949061,positive,0.8355041267231138
1244032771682643969,negative,0.009411859060942983
1244032772748054528,positive,0.8830697916778627
1244032772802560009,negative,0.17209500108840114
1244032772890669057,negative,0.009850274632613218
1244032773062561795,negative,5.631541119934787e-07
1244032773595320320,negative,0.13774074679321704
1244032773700059139,negative,0.2215613608291068
1244032774392045569,negative,0.006187419153821907
1244032774652166144,neutral,0.3605744270105145
1244032774975021056,positive,0.8067598228921526
1244032775059132417,positive,0.7551164774725199
1244032775457509376,negative,0.14167509174523576
1244032775927345152,negative,0.2704610728688327
1244032776682254338,negative,0.001301430703767725
1244032776996864001,negative,0.24907396761263892
1244032777093361666,negative,0.006637363255833475
1244032777558859776,negative,0.0011260647741890245
1244032777646940162,negative,0.0045234438876737785
1244032777894400002,negative,0.17209500108840114
1244032777902751744,neutral,0.42491281680249693
1244032778032873473,neutral,0.48656488737471426
1244032778271891456,negative,1.8684003224456202e-08
1244032778347388928,positive,0.8355041267231138
1244032778737348609,negative,0.004813207945488537
1244032778858946560,negative,0.06743938570040155
1244032779161133056,negative,0.001400010036982144
1244032779299536902,negative,0.13774074679321704
1244032779714793472,negative,0.2421160597522113
1244032779807006721,negative,0.00016419528480588068
1244032780087984129,negative,0.002661547926453687
1244032780885004288,negative,0.18429753910341487
1244032781015044100,negative,0.005022568973539604
1244032781132447744,negative,0.1615327771700816
1244032781421854724,negative,0.0052162121562058395
1244032781845499904,negative,9.726125514799254e-13
1244032781946105858,negative,5.108871329498171e-06
1244032782226976768,negative,0.00021436605077256658
1244032782403280900,negative,0.32475832049844605
1244032783091216384,negative,0.03863503380423937
1244032783158259712,negative,0.02611217398912575
1244032783208546306,negative,0.014174163156158048
1244032783338614784,negative,0.15325988098838156
1244032783380410368,negative,0.01633787279191662
1244032784341127172,positive,0.8427059656704835
1244032784609443840,neutral,0.390828263951581
1244032784689238016,neutral,0.46358511501767985
1244032784731181056,negative,1.0011164412246343e-05
1244032784890544132,negative,0.00015829801051204148
1244032785523838976,negative,0.005835122391853407
1244032785528041478,neutral,0.6121425875431429
1244032785762996225,negative,0.00025426765412921707
1244032785775497216,negative,0.16802438710796086
1244032786123624448,negative,0.0045234438876737785
1244032786270429192,negative,0.16238354240856034
1244032786715025411,negative,1.241427416699061e-05
1244032786727657473,negative,0.02425846224082266
1244032786735955968,negative,9.044091276897178e-13
1244032786924740615,negative,1.8684003224456202e-08
1244032786928934912,negative,0.05524950469120477
1244032787289640966,positive,0.7771443262160359
1244032787566469122,positive,0.7469405270194408
1244032787646210050,negative,0.0002526618693155532
1244032787755274240,neutral,0.37500126194236333
1244032788233363461,negative,0.10028755757334436
1244032788606726147,negative,0.1779164002908525
1244032788644446209,negative,0.20951319536274407
1244032788673724421,negative,0.14399327996928477
1244032788698992642,negative,0.012442416424751681
1244032788824821765,neutral,0.6416701250923644
1244032788870955016,negative,0.1739105588504063
1244032789185466370,neutral,0.396352349529719
1244032789378486272,negative,0.22252779164072473
1244032789936254977,negative,0.04372209639422109
1244032790141624320,negative,0.005389779244408649
1244032790141775874,negative,0.0011198058682846122
1244032790225735682,neutral,0.379611556832951
1244032790301155330,negative,0.03243381046253571
1244032790473125888,negative,0.06822864185308977
1244032791442001921,negative,0.005839026565597531
1244032791697928198,neutral,0.5003880386124617
1244032791903256576,negative,0.07351302093406
1244032792062820354,negative,0.0005165514190973724
1244032792129871873,negative,0.006969071518133631
1244032792285122561,negative,0.2966981013108139
1244032792868130819,negative,0.06639432334586588
1244032793224634368,negative,0.00015204561433927166
1244032793329438720,negative,0.13104358739918143
1244032794218631175,neutral,0.6581668239809023
1244032794558414851,positive,0.7099469896476155
1244032795120459779,neutral,0.396352349529719
1244032795695030273,negative,0.00337411272107555
1244032796424896512,negative,1.8684003224456202e-08
1244032796571639808,negative,0.00022106933418789278
1244032797351780353,negative,0.07888518888259648
1244032797720838149,negative,2.565912580439887e-09
1244032798056484864,neutral,0.390828263951581
1244032798920499203,negative,0.028786205109426116
1244032799377678336,neutral,0.3870020180728887
1244032799968985092,negative,1.5876272754801754e-06
1244032799994232834,negative,0.0027021043690245504
1244032800233328641,negative,1.8684003224456202e-08
1244032800585588742,negative,0.08471797663333487
1244032801399283718,negative,0.0032234935014876674
1244032801625776130,neutral,0.3589609087806488
1244032801642553350,positive,0.8067598228921526
1244032802099793924,negative,0.005855180342432488
1244032802233954304,negative,0.13775682938770387
1244032802259185665,negative,0.0037876239230095537
1244032802330476556,negative,0.006862650426642698
1244032802464489473,neutral,0.46358511501767985
1244032802649145347,neutral,0.537627929566457
1244032803353833472,neutral,0.44054615157121163
1244032803362267142,negative,0.06461486888386413
1244032803605565440,negative,0.027682355108066617
1244032804024913921,negative,0.0009142724084379017
1244032804092096512,negative,8.343085433505657e-10
1244032804100464643,negative,2.1179578229461675e-06
1244032804356345859,neutral,0.37923124365846633
1244032804566032386,negative,9.20592507239099e-06
1244032804591206400,negative,0.11287989463655368
1244032804838682625,negative,0.00011324329850856391
1244032805417422848,negative,0.01681361962600288
1244032805761400832,negative,0.016847520923276123
1244032901521592326,negative,0.035177460012004176
1244032901932625922,negative,0.013602954468586156
1244032902918295557,negative,0.2966981013108139
1244032902926684167,negative,5.603411847383267e-06
1244032904860250112,negative,0.00337411272107555
1244032904981856258,negative,0.0020624910018968655
1244032905279610881,positive,0.7859114011779188
1244032906395291651,negative,0.31453178750153815
1244032906504351745,negative,1.8242777695381061e-07
1244032906600873986,negative,9.045895764333619e-05
1244032907376840704,negative,0.11716810069509752
1244032907582140416,negative,0.003264603665788209
1244032908710621184,neutral,0.6457423802859142
1244032908983181312,negative,9.482829798310158e-06
1244032909222313985,negative,0.004813207945488537
1244032909587230720,neutral,0.42993805592212864
1244032909830311937,negative,0.00028328215468192514
1244032909910081537,negative,7.602667648266004e-05
1244032909994086427,negative,0.2643239976179977
1244032910086283264,negative,0.07246292081478829
1244032910094671872,negative,0.16802438710796086
1244032910098755585,negative,0.06208270476724895
1244032910564315136,negative,0.08350498499325301
1244032910711312384,positive,0.992268210022476
1244032910849716225,negative,3.4965508385157265e-09
1244032910988115968,negative,0.005855180342432488
1244032911478870016,negative,0.0011386084664893408
1244032912573575179,negative,0.0019394458300690596
1244032912825122817,negative,0.23738731422110743
1244032913051725825,negative,0.19803987381104604
1244032913336745984,positive,0.6618341678617234
1244032914570035201,negative,0.002774867496985101
1244032915010457601,negative,0.09994475712523643
1244032915517906945,neutral,0.3559188854328074
1244032915614416897,negative,0.0019690688270143156
1244032915660554243,negative,0.12848579615834305
1244032916335874053,negative,0.012241811711854162
1244032916985790464,negative,0.02392333193010132
1244032917262741504,negative,1.7901684342972741e-06
1244032917942255620,positive,0.9993110352037242
1244032918391066629,neutral,0.396352349529719
1244032918768570371,neutral,0.3552322237209022
1244032919284453381,positive,0.915855727726811
1244032919842234374,negative,0.04425868220454715
1244032920072921089,negative,0.007061130450119552
1244032920307695616,negative,0.004820382591013802
1244032920462987264,negative,0.0017697931613046179
1244032920697942018,negative,0.02823017814227702
1244032920999931904,positive,0.9848535272885033
1244032921083826182,negative,4.2048732803160425e-07
1244032921746509824,neutral,0.557531550843803
1244032922040119296,negative,0.1268302252111446
1244032922237177860,positive,0.8262836132930447
1244032922379866112,negative,0.2704610728688327
1244032922518249474,positive,0.7496955193385646
1244032922765713410,negative,0.23871696831429615
1244032922849591296,negative,0.00208479717376268
1244032922862133254,negative,0.20205840581736914
1244032923281567745,negative,2.9905966105533463e-06
1244032923726217218,negative,0.0021476908893314113
1244032924560875521,negative,0.00530068029639208
1244032925018054657,negative,1.9884777328978578e-07
1244032925995335680,positive,0.8416603856681473
1244032926842527744,negative,3.5047715079111184e-05
1244032926871891968,negative,0.007061130450119552
1244032926968352770,negative,0.013231145168887685
1244032927215882242,negative,0.21381614907314778
1244032927307972608,negative,0.1271244251243975
1244032927744344064,negative,0.001040623922947479
1244032928201543683,negative,0.02134332107192861
1244032928402886658,neutral,0.3559188854328074
1244032928461606912,negative,0.08641516893394857
1244032929531125762,negative,0.000264178419292822
1244032929975734272,neutral,0.5707606567726312
1244032930009104384,negative,0.06646582396735787
1244032930084782081,negative,0.3033724807832482
1244032930789367810,negative,0.05409096710927392
1244032930973974533,negative,0.03449654474063134
1244032931405971459,negative,0.04186714681363583
1244032931846332423,negative,0.11145264935100732
1244032932148383745,negative,3.268203344922337e-12
1244032932286783490,negative,0.001458247195558899
1244032932324532227,negative,0.29212468790112484
1244032932341309442,negative,4.949226993503215e-07
1244032933532483587,positive,0.9830042342976226
1244032934404898816,negative,0.00032512601003749527
1244032935025676302,negative,0.09026512634463385
1244032935495446530,negative,5.484270747345883e-06
1244032935726120961,positive,0.6836423764339169
1244032935885443074,negative,0.16802438710796086
1244032936699203584,negative,0.0030589973226252507
1244032937001136129,neutral,0.656502940888653
1244032939261919238,negative,0.017045190686182595
1244032939341438978,negative,0.0011234478597625973
1244032939446411264,neutral,0.46511884455441777
1244032939609989120,negative,0.026260983488535217
1244032939882618881,negative,0.2339327516067041
1244032940201463808,negative,0.0018955757498832163
1244032940402712584,negative,7.351821138491339e-06
1244032940947968000,positive,0.7469405270194408
1244033059156099072,negative,0.0005098142190741126
1244033059227303938,positive,0.9999705468123239
1244033060070400000,negative,0.0005789635886262302
1244033060233977857,neutral,0.611183269451697
1244033060326252545,neutral,0.49789225920557484
1244033060385021952,neutral,0.3507781522289823
1244033060649271297,positive,0.9147364993625419
1244033061395857410,negative,0.0571770245763979
1244033061588787200,negative,0.0004121858331859614
1244033062381502464,negative,0.03473602585075935
1244033062838710273,negative,0.004393453239731166
1244033063086153728,negative,6.0126695012160535e-05
1244033063119716352,negative,0.028533221504899973
1244033063178420227,negative,0.13764051287076057
1244033063392288769,negative,2.316826149068521e-05
1244033064164044804,negative,0.02038761168858895
1244033064604491778,negative,0.019118448759894633
1244033064860295168,neutral,0.6186685866161761
1244033065267204097,negative,3.2438805212332895e-09
1244033065636311042,negative,0.01681361962600288
1244033065963393024,negative,0.16802438710796086
1244033066496032768,negative,1.81485400583934e-06
1244033066567372809,negative,4.039224973671431e-06
1244033067066494978,negative,0.028786205109426116
1244033067079131140,negative,0.0142911416987574
1244033067662168064,negative,0.17007334957402517
1244033068119265280,neutral,0.3559188854328074
1244033068257751040,negative,4.998449733235829e-05
1244033068349997058,negative,0.0597297491892702
1244033068366811147,neutral,0.37758735993681
1244033068576497664,negative,0.08697220296948277
1244033068668784641,negative,0.0002844627573575666
1244033068954005505,negative,0.07265786040467268
1244033069214044162,negative,0.22054692941776827
1244033069432147968,negative,0.3221082960814962
1244033070082207745,negative,0.0003473463936519373
1244033071072055296,negative,0.16902361854457434
1244033071818694660,negative,0.000804982852372276
1244033072078733314,negative,0.06743938570040155
1244033072640569344,positive,0.7469405270194408
1244033072984739843,negative,6.570502279519459e-05
1244033073022451718,negative,0.05629628038010261
1244033073760612354,negative,0.00025426765412921707
1244033073894866945,negative,0.06942239350786267
1244033074092007428,negative,0.11562160930660813
1244033074427506693,negative,0.07888518888259648
1244033075253784576,negative,0.0011795240825531897
1244033075283140609,positive,0.8355106844928855
1244033076071739392,neutral,0.4906160081076306
1244033076591759363,positive,0.9970049624301164
1244033077229256705,negative,0.0004249461929359683
1244033077350981638,negative,0.28379069606333646
1244033077661159424,negative,0.0005716136412680309
1244033077929750529,negative,0.014650167374057046
1244033078647021568,negative,0.028176337110713098
1244033078969995271,negative,1.2335162074169679e-05
1244033079020326912,negative,1.1310650666958833e-10
1244033079351676930,negative,0.01681361962600288
1244033080077225986,positive,0.6965603453897659
1244033080140193794,negative,0.24180224752915985
1244033080207147008,neutral,0.4052167617309336
1244033080970674181,negative,1.8242777695381061e-07
1244033081234935808,negative,4.0089966256889756e-05
1244033082619027456,negative,0.2785040235620228
1244033082631602182,neutral,0.49789225920557484
1244033082660925441,negative,0.2215052931573874
1244033083692716034,negative,1.8242777695381061e-07
1244033083868880897,negative,0.00337411272107555
1244033084611334146,neutral,0.5358791171128704
1244033085336883202,positive,0.7099469896476155
1244033086058192898,negative,0.0008758365401194567
1244033086062460929,negative,0.01681658527585844
1244033086142152707,negative,0.01872082830655924
1244033086741975040,neutral,0.390828263951581
1244033087660589056,negative,0.0007971709902607761
1244033088079966213,negative,0.00012221776071887256
1244033088151306243,negative,0.09994475712523643
1244033088784654336,negative,0.12848579615834305
1244033089346646017,negative,0.001400010036982144
1244033089539584000,negative,1.8242777695381061e-07
1244033089854210048,negative,8.886995859492581e-07
1244033090311409664,negative,0.07304818898684436
1244033090432925697,negative,0.0007698929348117913
1244033090449784832,neutral,0.4171084832741637
1244033090453897217,neutral,0.390828263951581
1244033090776956929,negative,0.0012438777887375117
1244033090852438017,negative,0.0017158803913904456
1244033090978295819,negative,0.016114050276809268
1244033091041198082,negative,5.639893795660327e-05
1244033091846451238,negative,0.007621393001574187
1244033092039434244,positive,0.7261771566423331
1244033092257546241,negative,0.00254959084496433
1244033092920193025,negative,0.005434525051991227
1244033093255774210,neutral,0.38686717303961937
1244033093549404166,negative,1.0346765146392875e-06
1244033094124023809,negative,0.005855180342432488
1244033094241390592,negative,0.11575636711767263
1244033095654952961,negative,0.029064836474628215
1244033095830876166,negative,0.04170806366160754
1244033095843688450,negative,0.0002768654720082666
1244033096355385349,negative,8.861473572586883e-07
1244033096867086336,negative,0.0029145536802299755
1244033097282265089,positive,0.9609876105177408
1244033097328402432,neutral,0.5358791171128704
1244033097357832201,negative,0.0005405676040705772
1244033098267885569,neutral,0.3559188854328074
1244033098314059779,negative,0.030901168643893487
1244033098335092736,negative,3.9772641084120805e-05
1244033098628640768,negative,0.07698845856149317
1244033098628640769,negative,0.00021436605077256658
1244033098888687616,negative,0.03605125916968813
1244033099236691968,negative,0.0030955556304668335
1244033099559829504,negative,0.08697220296948277
1244033199484870658,negative,0.15183713039733152
1244033199728136192,negative,0.031956037561786825
1244033200466415620,positive,0.7551164774725199
1244033201212981252,negative,7.86745700165842e-06
1244033201917607938,negative,0.15673133895328037
1244033202035011586,negative,1.8242777695381061e-07
1244033202097999873,negative,9.120706765376357e-08
1244033202269847557,negative,0.006479498614650663
1244033202861342725,negative,0.040545618221454305
1244033202890645508,negative,0.004832988568603072
1244033203171622912,negative,0.16456114296626626
1244033203196878848,negative,0.004813207945488537
1244033203251404804,negative,0.006193554655235299
1244033204043935744,negative,0.0016411195753158903
1244033204576759811,negative,0.2890006944625247
1244033204996190209,neutral,0.390828263951581
1244033205142945792,negative,0.15582568027732183
1244033205201707019,negative,1.8242777695381061e-07
1244033205386326022,negative,0.013247961039121164
1244033205424009217,neutral,0.390828263951581
1244033205621014529,negative,5.5887743675493666e-05
1244033205818318850,negative,0.00011003591841783256
1244033206229143553,negative,0.0001909679186393763
1244033207177265152,negative,0.0020865203584002887
1244033207483297792,negative,0.0017697931613046179
1244033207806369796,negative,4.666374164288044e-06
1244033207839965187,negative,0.034957227304925634
1244033208620023808,negative,0.00014461897809132292
1244033208951410689,neutral,0.390828263951581
1244033208972435462,negative,2.0114198586716926e-05
1244033209014398977,negative,0.0597297491892702
1244033209094090752,negative,0.0003231942845164453
1244033209379192835,negative,0.00209085827539107
1244033209408552962,negative,1.8645284941805024e-06
1244033209526075392,negative,0.0011935222753404113
1244033210243330054,negative,5.1550173398474906e-05
1244033211027673090,neutral,0.4014736624393204
1244033211044372481,neutral,0.41208895847601484
1244033211417743361,neutral,0.6169333780704895
1244033211589681154,negative,0.05984186701027242
1244033211715538945,negative,0.03257338637913319
1244033211778424833,negative,0.04707520819604698
1244033211946225664,negative,0.18551826733735943
1244033212550127619,negative,0.13774074679321704
1244033214097887233,neutral,0.49511589986369725
1244033214148235273,negative,2.1179578229461675e-06
1244033214244704256,neutral,0.3405772864958956
1244033214324318209,negative,2.9464112775223254e-12
1244033214555054082,negative,0.0014002958692260214
1244033214701846530,negative,5.818079565839893e-05
1244033215104417798,positive,0.8355041267231138
1244033216018886662,negative,0.004381429195281242
1244033217465810951,negative,4.538017683707876e-09
1244033217537114112,negative,0.04425868220454715
1244033217616740352,negative,0.004881260726205126
1244033218019569665,negative,0.14602926824499013
1244033218166296581,neutral,0.5500154028927889
1244033218183118848,negative,0.11333254773802764
1244033218245988353,positive,0.9854476786037427
1244033218338308097,positive,0.9921417631557949
1244033218996768768,negative,0.0004927271262125578
1244033219432939525,negative,0.00027049764921701985
1244033219583979520,positive,0.9998270269308969
1244033219877576704,negative,0.01771880429219943
1244033220057993220,negative,0.00015959956259773745
1244033220582297600,negative,0.16802438710796086
1244033220636786695,negative,1.838135650961751e-07
1244033220712243200,neutral,0.6581180406017583
1244033220879974400,negative,0.0073893073411876375
1244033222180290560,negative,0.006871597809773942
1244033222230659072,negative,3.672769930861176e-06
1244033222561931270,negative,9.921776328822441e-05
1244033223077826561,negative,0.00037398942273412014
1244033223702781959,negative,0.007674673187013502
1244033224805953542,negative,0.00337411272107555
1244033225342803969,negative,0.22619386547638462
1244033225388888073,negative,1.944690539358787e-07
1244033225493827585,neutral,0.6416701250923644
1244033225690882048,positive,0.7253220593778629
1244033227024740352,negative,0.002786225968611151
1244033228056322048,positive,0.9857672649082079
1244033228291354625,negative,0.0011817982083461055
1244033229579001865,negative,0.0539562925732617
1244033230107480065,negative,0.0005332819005138335
1244033230124318722,negative,0.010853702390421088
1244033230539567105,negative,0.2005976693705853
1244033230824759297,neutral,0.390828263951581
1244033230883479555,negative,0.04425868220454715
1244033230908596232,negative,1.6110344127866473e-08
1244033231189671938,negative,7.762124296833147e-06
1244033231374159875,negative,0.00012825082844474816
1244033231495688192,negative,0.007654578123943514
1244033231672037383,negative,0.00037398942273412014
1244033232770867200,negative,0.0020624910018968655
1244033233018392576,negative,0.03443939472125422
1244033233219719169,negative,0.002430672556938179
1244033233655746561,neutral,0.48656488737471426
1244033234054393856,negative,0.0008605852344831943
1244033234280894465,negative,2.1225549255588987e-12
1244033234578661376,negative,0.0007486133297625467
1244033234838708227,neutral,0.3559188854328074
1244033234960252928,positive,0.7469405270194408
1244033235211993090,negative,0.04309719256835189
1244033236092715010,negative,0.00025426765412921707
1244033236264771584,positive,0.9042982683387465
1244033237288210433,negative,8.113721682201726e-05
1244033237313298435,negative,1.958813391167526e-05
1244033237707522049,positive,0.9741186647144223
1244033336655466496,negative,0.18459858958932926
1244033336823164945,negative,0.2662272680639426
1244033336835801088,negative,0.13774074679321704
1244033336902811649,negative,0.007941176494155287
1244033336928022529,negative,0.004267670686777293
1244033337804689408,negative,0.29405721118159467
1244033338429657088,negative,0.014871564723888129
1244033338446417925,neutral,0.6556728453076102
1244033339583016960,negative,0.07888518888259648
1244033339650117632,negative,0.13775682938770387
1244033339813740546,negative,0.02790865567158722
1244033339922829316,neutral,0.37758735993681
1244033340010835970,negative,0.028786205109426116
1244033340413562885,negative,4.2082840994906285e-05
1244033340434518030,negative,0.002661547926453687
1244033340715532288,negative,0.11145264935100732
1244033341365641218,negative,0.04216383660403948
1244033341428576256,negative,0.006177882880696625
1244033341659262978,negative,0.025159004582940184
1244033341894152197,negative,0.014049638712173981
1244033342002974720,negative,0.0010663749770575973
1244033342003183616,negative,0.014174163156158048
1244033342250590209,negative,0.11963637160848654
1244033342649118720,negative,6.275683917048973e-07
1244033343206895616,negative,3.2072831083129704e-05
1244033343764692993,negative,0.16802438710796086
1244033343848669184,negative,0.05471482163519855
1244033344289071108,positive,0.8355041267231138
1244033344704315392,negative,4.462932813866636e-05
1244033345354444804,negative,0.0001909679186393763
1244033345635471361,negative,0.00037499542939636193
1244033346130399232,negative,0.24969023840363438
1244033346226839552,negative,3.81095146444343e-09
1244033346818244608,negative,0.025159004582940184
1244033346885345280,negative,0.00029917428345123805
1244033347636146178,neutral,0.390828263951581
1244033348269412352,negative,0.001707215157288823
1244033348344971264,negative,0.08179159430847403
1244033349141872643,negative,0.005348348922675092
1244033349783621633,neutral,0.3815184289178452
1244033350559506435,negative,0.08978570155241769
1244033350664364041,negative,0.018067612248668232
1244033350681137153,neutral,0.6091625818041475
1244033351020838914,negative,0.015746479371879302
1244033351176065025,neutral,0.5358791171128704
1244033351343841282,negative,3.339105407193823e-05
1244033351486517249,negative,0.20630237768774154
1244033352149225473,negative,0.004039443797161689
1244033352518316033,negative,0.01861826499111092
1244033353336135688,positive,0.6706633336943877
1244033353566883840,negative,3.460696063389808e-07
1244033353638129666,positive,0.8355041267231138
1244033353642369024,negative,0.019258880435910942
1244033353914781696,negative,0.01872082830655924
1244033354120474624,negative,0.0019979680696740505
1244033354317496322,negative,0.08281799863521762
1244033354653224960,negative,1.156874284787517e-12
1244033354909077510,negative,1.7901684342972741e-06
1244033356024688641,negative,0.011395982482695913
1244033358008639495,neutral,0.46511884455441777
1244033358146887682,negative,2.0121637361162102e-07
1244033358386118663,negative,0.00026540564890200843
1244033359145242626,neutral,0.3559188854328074
1244033359187251201,negative,9.792516592741967e-05
1244033359292116992,negative,3.819088297891156e-13
1244033359329865728,negative,0.023151694934347128
1244033359614865408,negative,0.0010663749770575973
1244033360441348097,negative,0.0004486788128208389
1244033361032724480,negative,0.11516895207632884
1244033361636704259,negative,0.034801488722588064
1244033361854816262,negative,0.14411236369075112
1244033362295173126,negative,0.0001909679186393763
1244033362513350658,negative,0.006565822955124885
1244033362584576005,negative,0.05461945107042502
1244033363176050688,neutral,0.46358511501767985
1244033363842715648,negative,8.660399736127154e-05
1244033364149047296,negative,0.2550588599035213
1244033364170100737,negative,0.04144841890525245
1244033364291706882,neutral,0.5104671558835215
1244033364484644870,negative,4.878951686736632e-08
1244033365701005313,neutral,0.6416701250923644
1244033366254592000,neutral,0.46511884455441777
1244033366648918016,negative,0.0043863130500837125
1244033366678294530,negative,0.0001909679186393763
1244033366716022789,negative,1.8242777695381061e-07
1244033366787268609,negative,0.004656025479155161
1244033366837678080,negative,0.02425846224082266
1244033366866919424,neutral,0.6416701250923644
1244033366971887616,negative,7.023291414242426e-08
1244033367622004739,negative,0.0011515913284311972
1244033368494419971,negative,0.04370694086306165
1244033368632758273,negative,0.011492491543137624
1244033368842534912,negative,0.2086915013452969
1244033369698177026,neutral,0.390828263951581
1244033369832411137,negative,0.27349832251665057
1244033371489042442,negative,0.0269124344503139
1244033371736551428,negative,0.07758418277195966
1244033372650967040,neutral,0.4014736624393204
1244033373611462656,negative,0.2005976693705853
1244033373888114688,negative,2.316826149068521e-05
1244033373888229390,negative,0.0002298196224196283
1244033373946941440,negative,0.015134180868983898
1244033374106386438,negative,0.014744112479803208
1244033471489728512,neutral,0.34215188267875346
1244033471523274752,negative,0.0143519680621693
1244033472303431681,negative,0.076618566120944
1244033472915812361,negative,0.00015317979916494825
1244033472919896065,negative,0.00011645763445640705
1244033472945152001,negative,0.028786205109426116
1244033473305812992,negative,0.011775316711268193
1244033473347751937,positive,0.9842101853512634
1244033473402286081,negative,0.053632134342088536
1244033473540763650,negative,0.04492683678198384
1244033473817513985,negative,0.014174163156158048
1244033474027311111,negative,0.1182255813382301
1244033474039865349,negative,0.0028260672176185276
1244033474337607685,neutral,0.396352349529719
1244033474505453568,negative,0.014871564723888129
1244033474517925895,negative,0.2704610728688327
1244033475130396672,negative,0.23327313954070322
1244033475218419712,negative,0.03407556254226051
1244033475491045376,negative,0.012987029494643773
1244033475856007168,negative,0.18113528374833468
1244033476107608065,negative,0.2550588599035213
1244033476267032580,negative,0.045411181710971055
1244033476493488129,negative,0.003958620394163831
1244033476707393541,negative,0.00012001363643737295
1244033476766191618,negative,6.777665510539813e-05
1244033476820492288,negative,0.0010663749770575973
1244033476883615751,negative,0.0049787505131772165
1244033476980019205,negative,0.14006857445331924
1244033477605052418,negative,0.16465159914521574
1244033478452281344,neutral,0.33897105222844165
1244033479467302914,negative,0.13774074679321704
1244033479869960192,negative,0.2086915013452969
1244033480121614337,neutral,0.524967050883043
1244033480851369986,positive,0.9784706609452772
1244033481350483968,negative,0.0011349335171440117
1244033481853808641,negative,0.03405143183570057
1244033482713694209,negative,0.20464629541164392
1244033483116339200,negative,0.005855180342432488
1244033483338649600,negative,2.516616838908564e-06
1244033483397378049,negative,0.0022972854111309843
1244033483577724928,negative,0.014744112479803208
1244033483799961600,negative,0.00036033489595854165
1244033483904897025,negative,0.006542516527406566
1244033484131360768,negative,8.58615461382355e-05
1244033484282355713,positive,0.8723608038160925
1244033485481918480,neutral,0.5319306799285538
1244033485553037314,negative,1.3399576728798477e-06
1244033486119411713,neutral,0.390828263951581
1244033486194868229,negative,0.004783798833928025
1244033486362640387,negative,2.1179578229461675e-06
1244033487327420416,negative,0.009553394732253064
1244033487621021698,negative,0.06439692357524295
1244033487692333063,neutral,0.6060123627523836
1244033488287752192,negative,0.1702009814496134
1244033488363413505,negative,0.2566476569648661
1244033488665403396,negative,0.00025426765412921707
1244033488807960581,negative,0.16802438710796086
1244033488971534336,neutral,0.3781312372687073
1244033489013370881,negative,5.202206205676788e-06
1244033489185525762,negative,0.19008906684392665
1244033490104004614,negative,0.001286668466451923
1244033490749927430,negative,0.0005942318232588507
1244033490900922370,negative,0.13427913196505828
1244033491362291713,negative,0.0012675678490538856
1244033491555188736,negative,0.2680267084338886
1244033492540932103,negative,0.03407556254226051
1244033492654137345,negative,6.622167773851777e-11
1244033492910047232,negative,0.005530431511655689
1244033493270777862,negative,0.0004264325061406245
1244033493514027010,negative,0.01763420246123861
1244033493597913089,neutral,0.3559188854328074
1244033493774016513,negative,0.18422510058019378
1244033495535628289,negative,0.001799324413380521
1244033495925653504,negative,0.06214267315837637
1244033496827469824,positive,0.7716453847898219
1244033496936562689,negative,1.98825101783679e-05
1244033496991117312,negative,0.00530068029639208
1244033497112539136,negative,0.01861826499111092
1244033497544757258,negative,0.0006873986791324966
1244033497892880385,negative,0.0001909679186393763
1244033498207285249,negative,7.650786046070324e-05
1244033498232623105,negative,0.005855180342432488
1244033499214086144,negative,0.14099310543428487
1244033499339919361,negative,2.6711498995190143e-06
1244033499813875720,negative,0.18026980255112124
1244033499868196864,positive,0.7469405270194408
1244033500136779776,negative,0.15568917527703552
1244033500229046274,negative,0.005201882690050789
1244033500396822532,negative,0.022641726932632965
1244033500665253888,negative,0.00012001363643737295
1244033500719779844,negative,0.00017441586275151777
1244033500745019398,neutral,0.6413072970181865
1244033500828794880,negative,0.09291753057127636
1244033501286055938,negative,0.2555546453890975
1244033501625712642,neutral,0.6439051125521604
1244033502481387525,negative,3.7467924687410336e-07
1244033502523392001,negative,0.09291753057127636
1244033502896627713,negative,0.0009108677715170162
1244033503156506625,negative,0.3038993308319454
1244033503337099265,neutral,0.42755866745518784
1244033503534157825,positive,0.8355041267231138
1244033503722962944,negative,0.29212468790112484
1244033505094438912,positive,0.9791727861063941
1244033505333518340,negative,0.1464981080508355
1244033505610412033,negative,0.0031626502309345878
1244033506289819648,negative,0.17428209918488682
1244033506918924288,negative,0.22672224228090793
1244033507049050112,negative,0.07820600923406122
1244033507590053890,negative,0.014559553375265613
1244033507741048837,negative,0.00022009661500661996
1244033508093427712,negative,0.00046602199766212745
1244033508630290436,negative,1.7433456806382594e-05
1244033509334962183,negative,0.04807220201412345
1244033509397868547,negative,0.010423971106461531
1244033509460762630,negative,8.676925506118438e-08
1244033509716615168,negative,0.0001909679186393763
1244033509888491520,positive,0.8355041267231138
1244033509968273414,neutral,0.5358791171128704
1244033510064754690,negative,0.00898831791968692
1244033607481556998,negative,0.001841233721546095
1244033607712288774,negative,0.00028541430185696147
1244033607754305542,negative,0.00046602199766212745
1244033608047824897,negative,0.0596366276633194
1244033608135905281,positive,0.8214991943602792
1244033608240762886,neutral,0.46511884455441777
1244033609201332224,negative,0.0011932156561988358
1244033610761539589,negative,0.00254959084496433
1244033610858070018,negative,0.012802787920832726
1244033611319443462,negative,0.02182542632275869
1244033611470385155,negative,0.08783194342588421
1244033611638231042,negative,0.009497004281057831
1244033611684352015,negative,0.16107656123327896
1244033611822702599,negative,0.032192467898271654
1244033611831095298,negative,0.014174163156158048
1244033611982147584,negative,2.6996482056291288e-05
1244033612120494081,negative,0.2682418416933778
1244033612128948225,negative,2.516616838908564e-06
1244033612363767815,negative,0.000804982852372276
1244033612602904578,negative,0.02611217398912575
1244033613060083712,negative,0.076618566120944
1244033613168967680,negative,0.0011234478597625973
1244033613177462786,negative,1.98825101783679e-05
1244033613328416769,negative,0.02894027071267817
1244033613659869187,positive,0.8140103102049006
1244033613877972994,negative,0.008872614679291185
1244033614234386440,positive,0.815082685787921
1244033614393860096,negative,0.09704290786339374
1244033614406443008,negative,0.0001909679186393763
1244033614750367749,negative,0.14393506549641502
1244033614972624896,negative,1.3806108222181885e-10
1244033615098494976,negative,0.02649751675832098
1244033615819943936,negative,0.0011773400050860616
1244033616067395586,negative,0.07351302093406
1244033616302276613,negative,0.00209085827539107
1244033616440680449,positive,0.9042982683387465
1244033616717504513,negative,0.02144135026362866
1244033616805576708,negative,0.014871564723888129
1244033617354993670,negative,0.31680533366133884
1244033617493397510,negative,0.02649751675832098
1244033618164490244,neutral,0.5358791171128704
1244033618562949124,negative,0.025159004582940184
1244033619049549826,neutral,0.3507781522289823
1244033619603214336,negative,0.2005976693705853
1244033619728850944,negative,0.1036421803552113
1244033620177760257,negative,1.540946855812401e-05
1244033620941176833,negative,1.9884777328978578e-07
1244033621834547200,neutral,0.38858564324798045
1244033622291734534,negative,4.663996035419966e-06
1244033622769831938,negative,0.04880136801565668
1244033623113768960,negative,2.516616838908564e-06
1244033623210233858,negative,0.00019240843342009455
1244033623235461120,negative,0.0032546540855514015
1244033623344308224,negative,1.98825101783679e-05
1244033623554048000,negative,0.060404108638627864
1244033623751364610,negative,0.09640242006178125
1244033623784816641,negative,0.1615327771700816
1244033623935922176,positive,0.8355041267231138
1244033624074260480,negative,0.03661816697533009
1244033624187580416,neutral,0.33061274460064743
1244033624497893376,positive,0.7469405270194408
1244033624854482946,negative,0.01452477745343396
1244033625869422597,negative,0.1317829406289934
1244033625932390405,negative,0.1261255415988334
1244033626049830912,negative,0.10028755757334436
1244033626683162624,negative,0.0015872534079017166
1244033626720829447,negative,2.316826149068521e-05
1244033628377681923,negative,0.014174163156158048
1244033628654493697,negative,0.0008061474307361671
1244033629652684800,negative,5.197907097337609e-07
1244033629895954432,positive,0.8678452049720704
1244033629912813574,negative,7.09794959802126e-11
1244033630017474560,neutral,0.6361493717197172
1244033630034366465,neutral,0.37758735993681
1244033630218924033,negative,0.14393506549641502
1244033630344810501,positive,0.7140986588237165
1244033630495744010,negative,0.17448246323826827
1244033630776762370,negative,0.013247961039121164
1244033630801887238,neutral,0.3559188854328074
1244033631410171909,negative,0.0020452532815739967
1244033631644979203,negative,2.5398434954693637e-05
1244033631921856515,negative,0.013119500811299166
1244033631967944707,negative,0.0015343041327953676
1244033631984779264,negative,0.11736125047512035
1244033634199310337,negative,0.0033653992445080052
1244033634627203073,negative,6.337745991569919e-07
1244033634996310026,neutral,0.3815184289178452
1244033635419860993,negative,0.1546841782268864
1244033635445092358,negative,0.0010207591038171645
1244033635847634944,neutral,0.6555042334532262
1244033635864530944,negative,0.011175733679359194
1244033636132950022,negative,0.001400010036982144
1244033636418060289,negative,1.4941853386258214e-06
1244033636510265344,neutral,0.656502940888653
1244033636610871296,negative,0.022641726932632965
1244033636699004928,negative,0.034595430552594196
1244033637177331714,negative,0.0531846953863353
1244033637298900996,negative,0.01681361962600288
1244033637525438465,negative,0.08442852186527655
1244033637617668098,negative,0.27411316767830624
1244033638079102978,neutral,0.4442015093938886
1244033638246813698,positive,0.999704352515721
1244033638704054272,negative,0.03219967737929801
1244033639765213184,negative,0.08783194342588421
1244033640251736066,negative,0.02068850197620429
1244033641027641351,negative,0.004381429195281242
1244033642051047424,negative,0.1317829406289934
1244033642374012931,negative,0.0011386084664893408
1244033642478919681,neutral,0.524967050883043
1244033642554408962,positive,0.9994664780789395
1244033642709434369,negative,0.16456114296626626
1244033643300913158,positive,0.97526877867237
1244033643334578176,neutral,0.36831489857950567
1244033643338661890,negative,0.004370295483137032
1244033643384799232,negative,0.003864656368906506
1244033643753897984,negative,0.2596131791229696
1244033643833708545,neutral,0.3781312372687073
1244033644101951488,negative,0.0362233834526329
1244033644295061504,negative,0.17214489683972764
1244033644534136834,negative,0.00991245693035184
1244033645062402048,negative,0.1988378395135294
1244033645330878465,negative,0.0663894976080657
1244033645494579202,positive,0.930791128522222
1244033748133347329,positive,0.9741186647144223
1244033748292841478,negative,1.8242777695381061e-07
1244033748770881539,positive,0.7551164774725199
1244033749110718464,neutral,0.48728019602140255
1244033749408415744,negative,0.08066038884072683
1244033749412712448,negative,0.001079613590020828
1244033749664194560,negative,0.01704883391755891
1244033750113148929,negative,0.022099818000905606
1244033750352171013,negative,0.00021436605077256658
1244033750360641536,negative,0.14776111067542747
1244033750696177664,negative,0.01003170366079452
1244033751178510345,negative,0.00126628666508492
1244033752193474560,negative,1.65599749458431e-05
1244033752210329606,negative,8.069850839702523e-09
1244033752457773057,negative,0.3238092751188326
1244033752461979654,negative,0.026215794494172846
1244033752566837251,negative,0.1446932922316909
1244033753057550341,negative,0.00918936636943945
1244033753099501568,neutral,0.6416701250923644
1244033753367937031,negative,6.602784878680262e-08
1244033753380519936,negative,5.66707361927732e-05
1244033754303168515,negative,0.0012532981920845274
1244033754710126593,negative,0.0794679367273924
1244033754747863040,neutral,0.390828263951581
1244033754752057345,negative,0.009712638778849592
1244033754924044290,negative,0.07390954019372242
1244033755276140544,negative,0.01055247627043482
1244033755859374080,negative,0.060939403920429694
1244033755964223490,negative,0.03174421808277741
1244033756308164611,negative,0.0010663749770575973
1244033756320673792,negative,0.0060192309755963515
1244033756689846276,negative,0.00010798498221587716
1244033757092499458,negative,0.07888518888259648
1244033757499265025,negative,0.044947089906579106
1244033757507727360,neutral,0.3548352716588053
1244033758002655234,negative,0.030322627220332122
1244033758065496070,neutral,0.4014736624393204
1244033758254313474,negative,0.007510967227065642
1244033758258479105,negative,0.15777258631504548
1244033759227383808,neutral,0.4507454498615163
1244033760456294405,negative,0.00862856214248831
1244033760905084931,negative,0.02182542632275869
1244033761165160450,negative,1.3483137640272847e-07
1244033761462886408,negative,7.806646670633358e-07
1244033761748148231,positive,0.7468159140574875
1244033762368856065,negative,0.01861826499111092
1244033762985480198,negative,0.010304374018345712
1244033763438362625,negative,0.0073451067931892535
1244033763455180805,negative,1.1352518472155016e-06
1244033764352811021,negative,0.04498246925017258
1244033764646424577,negative,0.0017158803913904456
1244033764780638211,neutral,0.557531550843803
1244033765220978691,neutral,0.42993805592212864
1244033765451739142,neutral,0.6555042334532262
1244033766059847680,neutral,0.390828263951581
1244033766764556288,negative,1.5831724568922803e-05
1244033767431376899,neutral,0.3996580091506196
1244033767859240963,neutral,0.3589609087806488
1244033767867650052,neutral,0.396352349529719
1244033768211599363,negative,5.185955375368572e-05
1244033768933003265,negative,0.004084308366515276
1244033769058840578,negative,0.034209624252946116
1244033769113358336,negative,0.055309295980760745
1244033769146703872,negative,0.0045234438876737785
1244033769344053250,negative,0.008732387821237916
1244033769365012480,negative,0.002339224240400548
1244033769436307457,negative,0.13808608004265951
1244033769473839104,negative,5.758644889176518e-06
1244033770534998016,negative,0.049465206949282144
1244033770665250816,negative,0.1749547769360838
1244033770682015745,positive,0.7498369388629286
1244033770786824192,negative,0.11088660363951418
1244033771248259075,negative,2.8543679778781606e-05
1244033771713769473,neutral,0.6169333780704895
1244033771885793281,negative,0.016847520923276123
1244033771965304832,negative,0.006165504906402061
1244033771978055680,negative,1.2253764348575119e-08
1244033772850470912,neutral,0.5050057531258835
1244033772909101067,negative,0.0037947162306378617
1244033773521506307,negative,0.24850002744085903
1244033774003814400,negative,4.902788787598944e-05
1244033774377226240,negative,0.007386131722877733
1244033774905626624,negative,0.07705390217895335
1244033775132164098,negative,0.010507095490830438
1244033775350288385,negative,0.014871564723888129
1244033775757135877,negative,8.91807789399106e-05
1244033775874473985,positive,0.8259264118709948
1244033776151408643,negative,0.015134180868983898
1244033776168194049,negative,0.004499323734418796
1244033777044729856,negative,0.008054191349162193
1244033777468391425,negative,0.1615327771700816
1244033777527128065,negative,0.024598857952850387
1244033777862619137,negative,0.1424829771831002
1244033778013679616,neutral,0.6555042334532262
1244033778047234050,negative,0.01576065500814486
1244033778235949058,negative,0.16225170624849117
1244033778806374403,negative,0.10070551886184965
1244033779381022721,negative,0.0073451067931892535
1244033780089831426,positive,0.8883589406504208
1244033780135931904,neutral,0.557531550843803
1244033780156977152,negative,0.25372549391107846
1244033780630814721,negative,0.01611637059960149
1244033780714737671,negative,0.0011611348143217778
1244033780723130368,negative,0.16656008061561392
1244033781260079104,negative,2.0541436363549277e-05
1244033781528506374,negative,0.00871510235400129
1244033781704675329,negative,0.015263760025232003
1244033782631616517,negative,0.00041000831511763767
1244033782660968449,negative,1.98825101783679e-05
1244033783172599811,negative,0.02432058613243139
1244033783877287940,negative,0.0066539011889272396
1244033783910879244,negative,0.1153040522672967
1244033783986151425,negative,0.0010094738058381478
1244033784321912838,negative,0.009632891590756205
1244033784690982912,negative,0.0001967357948255975
1244033874864287747,negative,0.03481669237246434
1244033875434713088,neutral,0.5136446707795853
1244033875938103297,neutral,0.47516907514382634
1244033876244271104,negative,0.1725551063526835
1244033876483354626,neutral,0.3464493799766968
1244033876604997635,negative,0.040545618221454305
1244033876739178503,negative,0.014650167374057046
1244033877318021127,negative,0.24180224752915985
1244033877468905473,negative,0.00025426765412921707
1244033878538498052,negative,0.1452443538912483
1244033878626578432,positive,0.7257383287960413
1244033878681178119,negative,0.0016174204299071687
1244033878811123713,negative,0.0007210940656860128
1244033878962196493,negative,0.006061974360678119
1244033879075405825,negative,0.2785040235620228
1244033879108919296,negative,0.001084525146209468
1244033879335473152,neutral,0.524967050883043
1244033879704510465,negative,0.026918125045612418
1244033880052596736,negative,1.7514785645167553e-05
1244033880572735489,negative,0.003056649810410833
1244033880715407362,negative,0.3277323693797505
1244033880845246464,negative,0.007303795144285167
1244033881013174278,negative,0.04645615035567907
1244033881042550784,negative,0.00991245693035184
1244033881348718596,positive,0.7732998482274398
1244033881541656576,negative,0.03721538380680601
1244033882074353665,negative,0.007941176494155287
1244033882317611013,negative,0.2334593059113687
1244033882548252674,negative,1.672362293894926e-05
1244033882728599553,negative,0.015134180868983898
1244033883211018240,negative,0.05947060728634522
1244033883856928773,neutral,0.5547948592490254
1244033884150534144,neutral,0.35370997327154624
1244033884813172736,negative,2.516616838908564e-06
1244033885048053763,negative,0.005855180342432488
1244033885245243398,negative,0.08094704795216529
1244033885605965827,negative,0.001079613590020828
1244033886272831489,neutral,0.486918548746511
1244033886331514880,negative,0.24065423841926376
1244033886591553543,neutral,0.4751781961822573
1244033886872424448,neutral,0.3507781522289823
1244033886956503040,negative,0.05396422996515685
1244033887443079168,negative,0.07045280312592066
1244033887912804352,negative,0.1424829771831002
1244033888646770689,negative,0.006962652029084006
1244033888655196161,negative,0.15782706362771734
1244033888906870785,negative,4.479453930249484e-06
1244033889494093824,negative,0.07888518888259648
1244033889649274882,negative,0.011132001478964194
1244033889674432514,negative,0.0003285479432052243
1244033890064297986,neutral,0.390828263951581
1244033891586932740,negative,0.008132966364868408
1244033891805134849,negative,7.351821138491339e-06
1244033892002271232,negative,0.004709961007340957
1244033893319221251,positive,0.7881846137754396
1244033893667348480,negative,1.7612474052699143e-06
1244033893877141505,negative,0.019118448759894633
1244033894007156743,negative,0.004709961007340957
1244033894833442817,negative,0.3292608819197465
1244033894917312520,negative,4.745984471849823e-06
1244033895366000642,negative,0.01681361962600288
1244033895722614790,negative,0.014744112479803208
1244033896599207941,negative,0.009834109073988928
1244033897404477445,negative,0.042887251754064326
1244033897639395329,negative,0.0001967357948255975
1244033897853116416,negative,0.0009461095119313201
1244033897890971651,negative,0.20771934817642312
1244033898109173765,negative,0.01861826499111092
1244033898163601417,negative,4.6111616233944823e-07
1244033898507534338,negative,0.01681361962600288
1244033898578956289,neutral,0.3559188854328074
1244033898859896833,negative,0.00020745726644847453
1244033898973102080,negative,0.0016643382058654983
1244033899166085123,negative,0.015069919963495973
1244033899380068359,negative,0.1577802935957789
1244033899564589061,negative,9.482829798310158e-06
1244033899598155791,negative,0.0029034462843062765
1244033899921051649,negative,0.003464222679559446
1244033900092981255,negative,2.0121637361162102e-07
1244033900432801793,negative,0.009753083075091248
1244033901145751554,negative,8.226465181840097e-05
1244033901405908993,neutral,0.6120356331041578
1244033901741260800,negative,0.0029603731779635394
1244033901829521418,negative,0.01872082830655924
1244033903129591808,negative,0.009338877201863932
1244033903465283586,negative,0.04497548437221162
1244033903544975361,negative,0.11281684041911688
1244033903771484166,neutral,0.3986771351137957
1244033904597594112,negative,0.009949627113708084
1244033904606052358,negative,3.476544106834904e-05
1244033904765526022,negative,1.65599749458431e-05
1244033905499369472,negative,0.17448246323826827
1244033905809854464,negative,0.0010655661389660143
1244033906371973122,negative,0.002084195341173809
1244033906405527552,negative,0.14685868823403994
1244033906510368780,negative,2.516616838908564e-06
1244033907475075074,neutral,0.38686717303961937
1244033907558842369,negative,3.206006521597157e-07
1244033907621679104,negative,2.439390101505376e-05
1244033907772833795,negative,0.020964228647196517
1244033908447924224,negative,0.07573512120561415
1244033908557123585,negative,8.686973343154903e-06
1244033909148405760,negative,8.660399736127154e-05
1244033910008426496,negative,0.15568917527703552
1244033911476359171,negative,1.7901684342972741e-06
1244033911564500992,neutral,0.5358791171128704
1244033911874818048,negative,2.9464112775223254e-12
1244033912478760961,negative,2.6705253510030284e-06
1244033912675938304,neutral,0.49114048206328076
1244033912948563968,neutral,0.5833062813478554
1244033912998891521,negative,0.043159009755522754
1244033913087037448,neutral,0.5316624617817726
1244033913393238017,negative,0.0017697931613046179
1244033913502269442,negative,0.006193554655235299
1244033913510662144,negative,0.002118966402790443
1244033913598537728,negative,2.891800845436082e-05
1244033913607147522,negative,0.028786205109426116
1244033914341031936,negative,0.09995348253013372
1244033914555039750,negative,0.034757561817672554
1244033914630479872,negative,0.0010798910835257472
1244033914647314432,negative,0.16761717440823543
1244034018183647232,negative,9.092223043864543e-05
1244034018246561794,neutral,0.4585952248195425
1244034018351427589,negative,0.013119500811299166
1244034018787635200,negative,0.014273812631376599
1244034018858938380,negative,0.04645615035567907
1244034019278368769,neutral,0.5600838151668128
1244034019341328385,negative,0.0017960139533381846
1244034020385730562,neutral,0.3570264710939985
1244034020599570433,negative,5.231134455198533e-05
1244034020805095425,positive,0.8355041267231138
1244034021333577735,negative,0.07113800986530971
1244034021371383808,negative,0.005201882690050789
1244034021471985664,negative,0.12458682006351912
1244034021509734400,neutral,0.5937794283679266
1244034022038265856,positive,0.7716453847898219
1244034022088609793,negative,0.06322230330314185
1244034023179067395,negative,0.00029280618737163926
1244034023292391425,negative,1.4941853386258214e-06
1244034023539777536,neutral,0.46358511501767985
1244034023791497228,negative,0.014020666373132514
1244034023892099072,negative,0.016114050276809268
1244034024055746561,negative,0.005571648781094031
1244034024202481675,negative,7.090312334708664e-10
1244034024902930432,negative,0.046254297854718227
1244034024919699458,negative,0.02182542632275869
1244034025326628870,negative,0.20352932039943816
1244034025712386048,negative,0.00337411272107555
1244034026341642240,negative,3.215276916982075e-05
1244034027729936386,negative,4.6199063160316835e-09
1244034027943845888,negative,0.00015204561433927166
1244034028027760642,neutral,0.3548352716588053
1244034028765929474,neutral,0.3507781522289823
1244034029000646657,neutral,0.3477083646765044
1244034029050933248,negative,0.01766332905868773
1244034029080301568,positive,0.9294085785569317
1244034029084651526,neutral,0.46127768308170247
1244034029088899072,negative,0.002638631753410309
1244034029109882880,negative,2.182916813071633e-05
1244034029122400261,negative,0.06920902524071099
1244034029126660102,negative,0.007143415810985238
1244034029139054592,negative,0.18478434282110956
1244034029172785153,neutral,0.6235971696539772
1244034029181194242,neutral,0.43164195740218214
1244034029197950978,neutral,0.49973686592270916
1244034029248221184,neutral,0.41844924217177326
1244034029759991814,negative,0.00991245693035184
1244034029764124672,negative,0.09291753057127636
1244034030384943104,negative,0.14393506549641502
1244034031488024576,positive,0.8067598228921526
1244034031647408129,negative,0.003464222679559446
1244034031739703299,negative,0.022114499681669862
1244034031991377921,neutral,0.46127768308170247
1244034032414965761,negative,2.316826149068521e-05
1244034032473649155,negative,0.025159004582940184
1244034032842801152,negative,0.18459858958932926
1244034033073487872,positive,0.8904493244869259
1244034033333436424,positive,0.8904493244869259
1244034034012913665,neutral,0.390828263951581
1244034034021339136,neutral,0.3863070732251097
1244034035074072576,neutral,0.390828263951581
1244034035464253440,negative,0.002365084751496449
1244034035577389056,negative,0.3029968537174699
1244034035820658689,negative,0.002722765484078502
1244034036064010240,negative,0.1302256171059917
1244034036835778560,negative,0.011314602694125472
1244034036986773505,negative,0.0017697931613046179
1244034037334913024,negative,0.01681361962600288
1244034037632516097,negative,0.3271783282828104
1244034038500818944,neutral,0.3741525848128945
1244034039721480195,negative,0.0021782031731573
1244034039742222336,negative,0.03452774124538093
1244034040170233856,negative,0.0059392387694186454
1244034040375754752,negative,5.088543853076118e-08
1244034040400949253,neutral,0.390828263951581
1244034040551915525,negative,0.001079613590020828
1244034040665079810,negative,0.003464222679559446
1244034040891617281,negative,0.014871564723888129
1244034041071972352,negative,0.24087322933404745
1244034041277538310,neutral,0.6439051125521604
1244034041315287040,negative,0.22220709874545094
1244034041818632198,negative,1.8242777695381061e-07
1244034041952833540,negative,0.02790865567158722
1244034042032504836,positive,0.7758458991665086
1244034042409992197,positive,0.9672338064539813
1244034042519060480,negative,0.2785040235620228
1244034042963656705,neutral,0.396352349529719
1244034043366256641,negative,0.02014699873324344
1244034044054159360,negative,0.08026878800907963
1244034044138053645,negative,0.04687586765657111
1244034044305776641,negative,0.19027731253637592
1244034044440035334,negative,0.055309295980760745
1244034044616114176,negative,0.2264638960718194
1244034045543055367,negative,0.09745445089209229
1244034045610266630,negative,0.003464222679559446
1244034045656301570,negative,4.663996035419966e-06
1244034045903863811,neutral,0.501521104446786
1244034046390423555,negative,0.0003601729640351021
1244034046428164097,neutral,0.3341375882806857
1244034046788845569,negative,0.004370295483137032
1244034046897917956,negative,0.02240648919769705
1244034047405436928,negative,0.0007262067529907174
1244034047921315841,negative,0.00869613465051828
1244034047929733127,negative,1.8684003224456202e-08
1244034049158471681,negative,0.21435125760389137
1244034049615613952,negative,7.284286873739857e-06
1244034050274349057,negative,0.004015561393667742
1244034050815340560,negative,0.028176337110713098
1244034050869940226,negative,0.0059663186574058025
1244034050949554182,negative,0.001260362460440705
1244034052195332097,negative,0.03620940996575754
1244034052425949184,negative,0.009434957878473434
1244034052941807621,negative,0.002281247492803202
1244034053327773696,negative,4.902788787598944e-05
1244034053914996736,negative,0.00020307590396129852
1244034053944365058,negative,0.009003603872924974
1244034054191828997,negative,0.0012651104315186646
1244034055122845696,negative,8.686973343154903e-06
1244034055173275656,negative,0.0001909679186393763
1244034055458508802,negative,1.8242777695381061e-07
1244034153647128577,neutral,0.4585952248195425
1244034154024534018,negative,0.26641948971533264
1244034154079100928,negative,0.10456625203059129
1244034154439811072,neutral,0.3667945099775713
1244034154745991171,positive,0.7732998482274398
1244034155165483012,neutral,0.524967050883043
1244034155505205248,neutral,0.49789225920557484
1244034155735928832,negative,0.003464222679559446
1244034155807232002,negative,0.014744112479803208
1244034155958198272,negative,0.014871564723888129
1244034156176211969,negative,0.11145264935100732
1244034156637704196,negative,0.00766346060285886
1244034156922900485,neutral,0.5356776672389163
1244034157388447744,negative,0.0025153943544190677
1244034157933735936,negative,0.014273812631376599
1244034158088925184,negative,0.03407556254226051
1244034158298619904,negative,0.07888518888259648
1244034158676017152,negative,0.02086511658669261
1244034158755749889,positive,0.671729215166024
1244034158944452608,negative,0.00517997569708239
1244034159670108160,negative,0.0742486941091879
1244034159712010242,negative,1.2408886929454202e-09
1244034160156725249,negative,0.003464222679559446
1244034160790028288,negative,0.00037398942273412014
1244034161083658241,negative,1.8127173020565542e-06
1244034162199351297,neutral,0.3559188854328074
1244034162560061440,negative,0.15157866337952855
1244034162614394882,negative,4.232836601649798e-05
1244034162857820171,negative,1.6790380649336587e-06
1244034164074123267,negative,0.004716762677666828
1244034164149665793,negative,0.04186714681363583
1244034164195811330,positive,0.9952838945066873
1244034164468387840,negative,0.09044332640921188
1244034164632047620,negative,0.23327313954070322
1244034164925566978,negative,1.7407959522633357e-08
1244034164963368963,negative,0.012734790358677524
1244034164992757761,negative,0.037045486304708164
1244034165030486019,negative,0.016847520923276123
1244034165562998784,negative,0.0001359020160876213
1244034165642866688,negative,0.08697220296948277
1244034166083268608,neutral,0.3877319847491067
1244034167345684480,negative,0.02182542632275869
1244034167718981634,negative,0.002281247492803202
1244034167748296708,negative,0.003464222679559446
1244034167870033921,negative,0.1316375758991486
1244034168109105152,negative,0.08068609085200168
1244034168465522693,positive,0.9042982683387465
1244034169073586176,negative,0.010316881997616727
1244034169551966213,positive,0.9854476786037427
1244034169723850752,negative,0.10262449411129812
1244034169962991623,negative,6.17045271078368e-08
1244034170424344577,negative,0.028786205109426116
1244034170780868608,negative,2.7909099584297305e-06
1244034170835394560,negative,1.98825101783679e-05
1244034170961235969,negative,0.07888518888259648
1244034171439366144,positive,0.9657942742297889
1244034171506438144,negative,0.007981390000449838
1244034172391510027,negative,7.288685043537104e-05
1244034172445954048,negative,0.00025426765412921707
1244034172722614272,negative,0.03257338637913319
1244034172982906881,neutral,0.4046136492054928
1244034173163253765,negative,0.012442416424751681
1244034173200994306,neutral,0.5136446707795853
1244034174157295618,negative,0.19050857153674042
1244034174182395906,negative,0.25713068811154094
1244034174194987010,negative,3.1493647443615945e-07
1244034174517948416,negative,0.00012825082844474816
1244034175377846272,negative,0.01936652791102884
1244034175432302599,neutral,0.390828263951581
1244034175893680131,negative,0.000804982852372276
1244034176409616384,negative,0.003264603665788209
1244034176610897920,negative,0.001172204428493301
1244034176770281475,negative,2.7180094836404316e-11
1244034176904581120,negative,0.03175290830834133
1244034177147650048,negative,0.010699720160455497
1244034177818857477,negative,0.003464222679559446
1244034178301206529,negative,0.016114050276809268
1244034178359967745,negative,0.08540310388604966
1244034178745880576,neutral,0.396352349529719
1244034178863239169,negative,0.19084692219094765
1244034179194654721,negative,4.663996035419966e-06
1244034179903471624,neutral,0.4061169510755066
1244034180503212036,neutral,0.43637577587265625
1244034180767526914,neutral,0.443845912455758
1244034181660803073,negative,0.0010389184085921065
1244034181841260546,negative,8.316079041082893e-07
1244034182512345090,positive,0.9201222822686176
1244034182667546629,negative,0.00037398942273412014
1244034182780719104,negative,0.14499366734493205
1244034183078588416,negative,0.0002919966252868432
1244034183347015680,negative,0.11028055435170667
1244034184378757122,negative,0.2005976693705853
1244034184441729024,neutral,0.6494945430082855
1244034184659841035,negative,0.11874421830658326
1244034185825849350,positive,0.7468159140574875
1244034185884549122,negative,0.008734831765244892
1244034186199076871,negative,0.0022474160766482905
1244034186307989504,negative,0.003577229904091107
1244034186371006464,neutral,0.5319306799285538
1244034186807324673,negative,0.14776111067542747
1244034186874433537,negative,0.00021436605077256658
1244034187277012994,negative,0.30419449810868154
1244034187956572160,negative,0.02675850738384632
1244034187960750087,negative,1.3767702571857691e-07
1244034188220805120,negative,0.04228211100408232
1244034188388569091,negative,0.2040148057763117
1244034188702912512,negative,0.07888518888259648
1244034188816166912,neutral,0.5897092592674463
1244034188896079872,negative,0.15722861840966965
1244034189227429889,positive,0.6908731585603998
1244034189466447876,negative,0.21435125760389137
1244034189579689986,negative,5.740368353996414e-07
1244034190024347650,negative,0.012734790358677524
1244034190909288450,negative,0.005573957134460221
1244034191647481857,negative,0.23366925421704698
1244034191647551495,negative,0.05606726409830126
1244034191970447361,negative,5.4034918517764545e-05
1244034192385736704,negative,4.902788787598944e-05
1244034193312579590,neutral,0.5343273261767144
1244034193421742082,negative,0.005573957134460221
1244034193748889600,negative,0.002780289108073333
1244036017306378240,negative,0.012379591899473944
1244036017369341958,negative,0.04509425316557794
1244036017767821313,negative,1.8242777695381061e-07
1244036017801347078,positive,0.999704352515721
1244036018157826053,negative,0.10983180732601287
1244036018271027200,positive,0.8883589406504208
1244036018271027201,negative,0.05608604490067783
1244036018334040064,neutral,0.4376861754985829
1244036019575545857,negative,0.0004093674945277874
1244036019810426912,negative,3.595512824727233e-06
1244036019906924548,negative,0.047775295728200946
1244036020519174144,neutral,0.45088423470038164
1244036020569616392,negative,0.021807859841985876
1244036020754092033,negative,0.004403676330408963
1244036020766736390,negative,0.0073434420399677205
1244036020879884289,negative,0.003464222679559446
1244036020968001536,negative,1.8242777695381061e-07
1244036021043572738,negative,1.8242777695381061e-07
1244036021089599490,negative,0.0005098142190741126
1244036021299359744,negative,0.00530068029639208
1244036021316136968,negative,0.002281247492803202
1244036021769113601,negative,3.423828324539865e-08
1244036022058524674,negative,0.08783194342588421
1244036022138286090,neutral,0.524967050883043
1244036022180220929,negative,4.087175945157184e-05
1244036022393954304,negative,0.005855180342432488
1244036023069413377,negative,0.0097731362823889
1244036023279026176,negative,0.0005942318232588507
1244036023534878720,negative,4.450653116208682e-05
1244036023937531914,negative,0.006362733434066214
1244036023958593537,negative,0.014871564723888129
1244036024499605504,negative,0.0066539011889272396
1244036024831029250,negative,0.0002925005602050925
1244036025191727104,negative,0.13774074679321704
1244036025212518405,negative,0.01861826499111092
1244036025250447364,negative,0.0037260517084282286
1244036025707646977,negative,0.24180224752915985
1244036026038919169,negative,0.019118448759894633
1244036026093404165,negative,0.16761717440823543
1244036026265407488,negative,4.464566383373858e-05
1244036027125313536,negative,0.08160640070752515
1244036027150467072,positive,0.8614640706693727
1244036027834040327,negative,0.00021436605077256658
1244036028022902784,negative,6.323773749668727e-05
1244036028073205761,negative,0.01681361962600288
1244036028559736833,negative,0.003464222679559446
1244036029402746890,negative,0.07254840526507088
1244036029708976133,negative,0.29849976163683334
1244036029893443584,negative,9.062870104389956e-08
1244036030182952960,negative,0.2005976693705853
1244036030258388994,positive,0.671729215166024
1244036031126568961,negative,0.03964746754179775
1244036031264915457,neutral,0.3570264710939985
1244036031403429891,neutral,0.3448789537043245
1244036031458017282,negative,0.005855180342432488
1244036032099692545,negative,0.0010663749770575973
1244036032632442887,neutral,0.3636803690057268
1244036032791744518,negative,0.3033724807832482
1244036032909078529,negative,0.0009489038452059482
1244036033320230922,negative,0.2785040235620228
1244036033379020804,neutral,0.3781312372687073
1244036034440179712,positive,0.8355041267231138
1244036034461040651,negative,0.07888518888259648
1244036034695921667,negative,0.22663721887507582
1244036034985410560,negative,0.006659008058904264
1244036035023187975,negative,2.376826334915473e-06
1244036035077701632,negative,0.0030589973226252507
1244036035425828867,neutral,0.5358791171128704
1244036035467784194,neutral,0.5861765239986066
1244036035568439297,negative,0.0007413462281310276
1244036035882991616,negative,0.15731703646157322
1244036035924934656,neutral,0.390828263951581
1244036036096901120,negative,0.1406978811554509
1244036036382031874,negative,0.001909135526088765
1244036036633800704,negative,0.0596366276633194
1244036036923195392,neutral,0.6325995484299114
1244036037162270721,neutral,0.49789225920557484
1244036037611008000,negative,0.22270463716338862
1244036037849968640,negative,0.0010663749770575973
1244036038345003008,neutral,0.6169333780704895
1244036039112642560,negative,1.8242777695381061e-07
1244036039553024002,negative,0.2644656485096884
1244036039993364481,negative,0.010468548996181442
1244036040916164611,negative,0.11556467443861551
1244036040949669892,negative,0.0031626502309345878
1244036041289486337,negative,0.12459338266046081
1244036041364905984,neutral,0.3922847267537851
1244036041562079232,positive,0.8211940404153752
1244036042296111105,negative,0.08641516893394857
1244036042367303680,negative,1.2888891507301607e-08
1244036042841370629,negative,1.8684003224456202e-08
1244036042870665220,neutral,0.390828263951581
1244036043285975046,negative,0.0001369500258367358
1244036043323686912,neutral,0.390828263951581
1244036043822837760,neutral,0.33897105222844165
1244036043848003586,negative,0.01735957539626552
1244036043860557825,negative,1.1616613861356836e-05
1244036044837838854,negative,9.926914633276326e-05
1244036044867211267,negative,0.014871564723888129
1244036044976201730,negative,0.06768974061967287
1244036045269803015,negative,0.0009462907322050005
1244036045366341634,negative,0.20348074454447934
1244036046284828673,positive,0.7469405270194408
1244036046481956865,negative,2.742839339913526e-08
1244036046901383176,neutral,0.390828263951581
1244036046909837312,positive,0.8232975942751998
1244036047174094852,negative,0.0008407226910821212
1244036047211814912,negative,0.00037398942273412014
1244036047417364481,negative,0.101350841233011
1244036047857692675,negative,0.04186714681363583
1244036048017129479,negative,0.028176337110713098
1244036048277078025,negative,0.09100376888152091
1244036048352657410,negative,0.00991245693035184
1244036048453279748,negative,1.98825101783679e-05
1244036048570720263,positive,0.8028760020009928
1244036048889536512,negative,0.1514125507822291
1244036049132814336,negative,7.2191365648875255e-06
1244036049384374272,positive,0.9970049624301164
1244036049577234432,neutral,0.5136484485116787
1244036049766174721,negative,0.07225114636944005
1244036049959030785,neutral,0.396352349529719
1244036050416173058,negative,0.003464222679559446
1244036050504290304,neutral,0.656502940888653
1244036050957336578,negative,0.02230270979539348
1244036051821363201,negative,0.18848391225775377
1244036052677005312,neutral,0.524967050883043
1244036052681142273,positive,0.9658600259855453
1244036053402619904,negative,0.22398809708875658
1244036053603926029,negative,8.226465181840097e-05
1244036054258192384,negative,0.00337411272107555
1244036054467973124,negative,4.464566383373858e-05
1244036151071080452,negative,0.01667793162293483
1244036151402532868,negative,7.844115988844549e-09
1244036151423324161,negative,0.0002768654720082666
1244036151457038337,neutral,0.46127768308170247
1244036151603855367,negative,0.011634066758994052
1244036152060973057,negative,1.8242777695381061e-07
1244036152723566595,negative,0.017973317612959422
1244036153034125314,neutral,0.557531550843803
1244036153554149378,negative,0.00032393986516740216
1244036154154012674,negative,0.005638383935872498
1244036154166513666,negative,0.0017697931613046179
1244036154414030851,negative,0.14334255932025325
1244036154573443078,negative,0.006032202320413117
1244036154992672768,negative,0.00019511584882570172
1244036155420692484,negative,0.00026154243513018755
1244036155856883713,negative,0.03564629441707661
1244036155898822657,negative,0.007588988198977886
1244036155986903052,negative,7.054091899833475e-05
1244036156045524992,neutral,0.47832173719601606
1244036156053954561,negative,0.009411859060942983
1244036156066578432,neutral,0.49114048206328076
1244036156464992258,negative,0.02853232116928921
1244036156607598592,negative,1.98825101783679e-05
1244036156750213125,positive,0.9777917106005863
1244036156850831360,negative,0.0040267831970440425
1244036157068935168,negative,0.1331645536157425
1244036157106728967,negative,0.012226234210153798
1244036157157097477,neutral,0.4442015093938886
1244036157215846402,negative,0.003464222679559446
1244036157547175942,negative,0.028786205109426116
1244036159120060416,negative,0.08160640070752515
1244036159711428608,negative,0.0012184755377726035
1244036159820435456,negative,0.00010263506665278443
1244036159824637959,negative,2.5498352375144446e-05
1244036160248090629,negative,0.03473602585075935
1244036160432812033,negative,0.04100739027092985
1244036160499957767,negative,0.09626465192341985
1244036160667758596,negative,0.03316311259159137
1244036160709627905,negative,0.030975385038122052
1244036160793579520,negative,0.20059540256820177
1244036161447833604,negative,1.98825101783679e-05
1244036161556938754,negative,0.04978092009470367
1244036161661816832,negative,0.00991245693035184
1244036161796026369,negative,0.00035814695242932394
1244036162009944066,negative,0.012444085968656664
1244036163893157890,negative,0.009411859060942983
1244036166988464130,negative,0.055859485716928794
1244036167089127435,negative,5.588908194029055e-05
1244036167663865856,negative,0.0004093674945277874
1244036168171356160,negative,0.0036588799675096218
1244036169404465152,negative,0.17956310035048897
1244036170071195649,negative,5.588908194029055e-05
1244036170151059456,negative,0.011408559707688132
1244036170331414531,neutral,0.390828263951581
1244036170402562048,negative,0.00037398942273412014
1244036170939543553,negative,0.197360255308945
1244036171077836800,positive,0.9042982683387465
1244036171484876804,negative,0.007941176494155287
1244036171694583810,negative,0.0005672365159827465
1244036171702980609,negative,0.0014528301779840529
1244036171912622080,negative,0.012870853904775626
1244036171958816768,negative,0.0857095543142884
1244036172508258307,negative,0.09023156258056649
1244036173531623425,neutral,0.4971790182263552
1244036174324412448,positive,0.8199745451339876
1244036174727057410,negative,0.13972966769485784
1244036174852825089,negative,0.12947935207169398
1244036175062544384,negative,0.013792453513802056
1244036175863693312,negative,0.013792453513802056
1244036175968505859,neutral,0.4619741558880597
1244036176035688448,negative,0.22176447123532766
1244036176140435457,negative,0.12110876271727468
1244036176962560001,negative,0.00337411272107555
1244036177176473600,negative,0.02853232116928921
1244036177231056896,negative,0.2662272680639426
1244036177482694662,negative,0.02853232116928921
1244036177553997826,negative,0.3292608819197465
1244036177893691399,negative,0.17209500108840114
1244036178145202177,negative,3.679702430995783e-05
1244036178166403073,negative,7.084620907623345e-06
1244036178501947395,negative,0.016847520923276123
1244036178652942337,negative,0.052441363431702664
1244036178690670597,negative,4.612673326201077e-07
1244036179592466434,negative,1.2993027611022491e-09
1244036180028674051,negative,1.7614647065294951e-07
1244036180087209984,positive,0.6772782414697013
1244036180167086080,negative,0.0006239097380215572
1244036180469002241,negative,1.3516615357211743e-08
1244036180485652480,negative,0.17520061713492843
1244036180552843264,neutral,0.35778651048256804
1244036180599099394,negative,0.0001886112206461086
1244036181265993733,negative,0.018245737397099466
1244036181303521281,negative,0.07888518888259648
1244036182792704000,negative,0.00011324329850856391
1244036182918467584,negative,0.001079613590020828
1244036183061118976,negative,0.0008307781339125591
1244036183165992968,negative,0.006481708583386226
1244036183438614528,positive,0.8232975942751998
1244036184411693056,negative,0.026909913017322054
1244036184520753153,negative,2.4427628496694797e-05
1244036184877273089,negative,0.006756952509184811
1244036184990507008,negative,0.00015959956259773745
1244036185955196930,negative,0.13219306864346614
1244036187423223808,neutral,0.3684403227454277
1244036187922325512,neutral,0.504069034033038
1244036187997773827,negative,3.9772641084120805e-05
1244036188152958977,negative,0.0002005667352976665
1244036188266168320,neutral,0.48656488737471426
1244036188761214983,negative,0.010853702390421088
1244036189100945417,negative,0.04740234975340004
1244036291571916800,negative,0.009411859060942983
1244036291647492096,negative,0.025159004582940184
1244036291999805440,negative,0.29849976163683334
1244036292003987456,negative,0.0013632420088552785
1244036292217835525,negative,0.04147485223685847
1244036292549238784,negative,0.0010663749770575973
1244036292649930760,negative,0.030516164904934976
1244036292675022851,negative,0.1783295538282917
1244036293144776704,neutral,0.3589609087806488
1244036293312512000,negative,0.00919700974829933
1244036293639667713,neutral,0.5125934430062885
1244036293891428353,neutral,0.38511168085123315
1244036293987893248,negative,0.0019979680696740505
1244036294122115077,negative,0.00010419776517052502
1244036294302466051,negative,0.13335909184387817
1244036294495416322,negative,0.024725878021272248
1244036294717706240,negative,0.04759601172154925
1244036294902235137,negative,0.24180224752915985
1244036295518752772,negative,0.019680845819704407
1244036295527215104,neutral,0.4014736624393204
1244036295636197379,negative,0.20595769614115644
1244036295640387585,negative,0.014311908262668612
1244036296433164288,negative,0.0011931870935957907
1244036296642899972,negative,0.004709961007340957
1244036296655491074,negative,0.0030116999572135142
1244036296856801282,negative,0.0001965998944716226
1244036296860938241,negative,9.699507708973564e-05
1244036297209057280,negative,0.027682355108066617
1244036297494323200,negative,0.0033954395783151545
1244036297531981825,negative,0.001355000072420217
1244036299033579520,negative,0.027414651343730678
1244036299394342913,negative,8.141593937587725e-08
1244036299616649217,neutral,0.46011042832765053
1244036299939557379,negative,0.0491299664409283
1244036300208050177,negative,0.04807220201412345
1244036300497473537,negative,0.00337411272107555
1244036301109760002,negative,0.056369321602846904
1244036301436878854,negative,0.00991245693035184
1244036301449551872,neutral,0.524967050883043
1244036301600567296,negative,0.0010507421406635586
1244036301835337729,negative,1.9228435324733146e-05
1244036301856350210,neutral,0.33175251286120366
1244036302044971009,positive,0.8751624254291721
1244036302225444870,negative,1.8242777695381061e-07
1244036302447742978,negative,0.15834957324074567
1244036302808518658,negative,0.0027021043690245504
1244036302825230339,negative,0.08688581453788043
1244036302854598656,negative,0.0813487749643682
1244036302913314818,negative,0.03481669237246434
1244036303089537024,negative,2.659058195356776e-06
1244036303651471360,negative,0.0003667641257854471
1244036303806697473,negative,0.025159004582940184
1244036304012099584,negative,0.0005690797298013868
1244036304167415808,negative,0.00015070642377283195
1244036304242868224,negative,1.1594564745872265e-06
1244036304272318464,neutral,0.40198002659179266
1244036304289050625,negative,0.007937263651645604
1244036304590929920,negative,0.13743600271395537
1244036304863727618,negative,0.0013523045314168208
1244036305165697025,negative,0.09745445089209229
1244036305467539456,negative,0.003464222679559446
1244036306004578306,negative,0.007061130450119552
1244036306411425794,negative,0.1779164002908525
1244036306663022594,negative,0.0004093674945277874
1244036307048894471,negative,0.003464222679559446
1244036307057143808,negative,0.11855033951699405
1244036307170410497,negative,0.002722413984078485
1244036307694780417,negative,0.003464222679559446
1244036307933958145,negative,6.721828509039902e-11
1244036308189708288,negative,0.07919568702604235
1244036308206583810,negative,0.00037398942273412014
1244036308240158725,negative,0.03670744228210299
1244036308512567296,negative,0.10405077919395599
1244036309288652805,positive,0.9892484323926679
1244036309326245888,neutral,0.5272800465105069
1244036309343182854,negative,0.0037875894252410148
1244036309494218753,negative,0.0004093674945277874
1244036309502566400,positive,0.802828249546629
1244036309578125313,negative,0.22491306052558813
1244036309959598080,neutral,0.44431437923142186
1244036310156873729,negative,0.0006718736278573065
1244036311008399360,negative,4.4625309466815093e-07
1244036311494864896,negative,0.12309385111541728
1244036311561973762,neutral,0.46511884455441777
1244036312354742272,negative,4.450653116208682e-05
1244036313478725633,negative,2.1179578229461675e-06
1244036313583624194,negative,0.00015486686059254908
1244036313818505218,negative,0.005855180342432488
1244036314028220419,negative,4.39291466107452e-05
1244036314267353090,negative,0.002754602978394391
1244036314347044865,negative,1.9884777328978578e-07
1244036315303284737,negative,0.00021934800236352107
1244036315647279104,negative,0.09026512634463385
1244036315877965826,negative,0.047775295728200946
1244036315991048192,negative,0.0001983678429744968
1244036316054147080,negative,0.0025081230326720176
1244036316117045249,negative,0.07592596957805536
1244036316674867202,negative,0.006295805780484011
1244036316872019969,negative,0.017102322775053917
1244036316943265792,negative,0.003154072738376947
1244036317345972225,positive,0.7941135810076432
1244036317597569027,negative,1.8242777695381061e-07
1244036318319054851,negative,0.08481558829731561
1244036318566297600,negative,0.031671706493280424
1244036318629376000,negative,0.0003876437170706662
1244036318960721927,negative,1.259645878947323e-05
1244036320193916928,negative,0.006193554655235299
1244036320235859973,negative,0.001079613590020828
1244036320512684041,positive,0.8892842053817618
1244036320755924996,positive,0.671729215166024
1244036320856551425,neutral,0.37758735993681
1244036321338949640,negative,0.006177882880696625
1244036321972232193,negative,0.20059540256820177
1244036322119032833,negative,0.005077442588363147
1244036322295242757,negative,0.025159004582940184
1244036322681065475,negative,0.001079613590020828
1244036322857279490,negative,0.03407556254226051
1244036322907623425,negative,4.329795124361439e-05
1244036323830370306,negative,2.0121637361162102e-07
1244036323922661377,negative,3.7467924687410336e-07
1244036324140728321,negative,0.0009461095119313201
1244036325063434245,negative,1.235843584461965e-05
1244036325067677696,negative,0.0673330461108024
1244036325172563968,neutral,0.5515099571128744
1244036325684195337,negative,0.21335302967473885
1244036325684252674,negative,0.0010663749770575973
1244036326237716481,negative,0.006637363255833475
1244036327278067715,negative,0.06727029572861151
1244036422476222471,negative,0.01704287650831283
1244036422966726656,negative,0.016633546777999855
1244036423583498241,neutral,0.390828263951581
1244036423755448326,negative,1.3399576728798477e-06
1244036423939952641,neutral,0.390828263951581
1244036424434778119,negative,0.010699720160455497
1244036424925675523,negative,0.08464666849588653
1244036425361821698,negative,0.08464666849588653
1244036426083205125,negative,0.190839929169925
1244036426083295232,negative,0.00970968215241843
1244036426422943744,negative,0.028176337110713098
1244036426477588485,negative,0.019894755226779623
1244036426687303680,negative,0.0736905645404138
1244036426896941057,negative,0.007456857837877445
1244036427509198848,positive,0.677849715036641
1244036427517693957,positive,0.7859114011779188
1244036427681275904,negative,3.097336534345276e-05
1244036428239118336,positive,0.7375186503173694
1244036430256578561,negative,1.8242777695381061e-07
1244036430583795721,neutral,0.4051517967274636
1244036430931857409,negative,0.07888518888259648
1244036430973845504,neutral,0.5935700975045008
1244036431133245443,negative,0.3137864308501845
1244036431221268480,negative,0.1804486289990351
1244036431405875204,negative,0.2195944175303879
1244036431447801859,negative,0.05510091570635059
1244036432471060480,negative,0.0001909679186393763
1244036432878096384,negative,0.00026154243513018755
1244036433138143232,negative,0.02965397705800524
1244036433305796609,negative,7.27971560773008e-06
1244036433524011008,negative,1.8242777695381061e-07
1244036433695965185,negative,0.01681361962600288
1244036434006343687,negative,0.00014075159003726085
1244036434174062592,negative,0.11657081091243766
1244036434299957249,negative,0.006362733434066214
1244036434400591874,negative,0.08783194342588421
1244036434677379074,neutral,0.5069052936410073
1244036435830870016,negative,0.001079613590020828
1244036435897995265,negative,0.005201882690050789
1244036435902160899,negative,0.2150252109173455
1244036436082524161,neutral,0.6552247392816745
1244036436535529472,positive,0.7099469896476155
1244036436879441922,negative,0.00037398942273412014
1244036437219127297,negative,0.12848579615834305
1244036437273489409,negative,0.00012458684359414074
1244036437630214144,negative,0.019118448759894633
1244036438636859392,negative,0.005903707070810074
1244036438745808902,negative,0.09982463223212343
1244036438754279424,negative,0.08442852186527655
1244036438779461637,neutral,0.6581180406017583
1244036438993354757,negative,0.002281247492803202
1244036439031119881,negative,0.005835122391853407
1244036439609872390,negative,0.00209085827539107
1244036439786037249,negative,0.031956037561786825
1244036439962259462,negative,0.0003880726283292233
1244036440381624322,negative,0.11597598210732073
1244036440721436679,negative,0.2005976693705853
1244036440985677825,neutral,0.524967050883043
1244036441031786498,negative,1.2312699168976502e-05
1244036441480531974,negative,0.00337411272107555
1244036441589583873,negative,0.012597379588580301
1244036441832857607,negative,0.08442852186527655
1244036441912590342,negative,0.014871564723888129
1244036442260733952,neutral,0.49789225920557484
1244036443057635328,neutral,0.557531550843803
1244036443112116230,negative,0.0016005193702243578
1244036443263156232,negative,0.18498395705039597
1244036443418304520,neutral,0.3741525848128945
1244036444102053903,negative,0.0005098142190741126
1244036444391424000,negative,0.020964228647196517
1244036444559151105,negative,0.015907793238150503
1244036445200760833,negative,0.012444085968656664
1244036445234397186,negative,0.05674589374210592
1244036445733556224,negative,0.009074866804195288
1244036446232739842,negative,0.0794210528384592
1244036446564089858,negative,3.0850863247685272e-06
1244036446790483969,neutral,0.3494632531422316
1244036446912118784,negative,0.007588988198977886
1244036447390310401,negative,0.0007596089052010984
1244036447394361344,negative,2.3703953665587946e-05
1244036447771987968,negative,0.0003599380983482479
1244036447918841856,negative,0.12459338266046081
1244036448388554753,neutral,0.34554308113047416
1244036448598319105,negative,0.0008902317253882154
1244036448916877312,neutral,0.5288579578448082
1244036448984195076,negative,0.044947089906579106
1244036449093255168,negative,2.5502003131554375e-10
1244036449390993415,negative,2.9696728417863415e-06
1244036449542037510,negative,0.02853232116928921
1244036449655283712,negative,6.30626603306687e-05
1244036449768538115,negative,0.1331645536157425
1244036449801994243,negative,0.003464222679559446
1244036450007560197,positive,0.9148187490422488
1244036450162802688,negative,0.012469674418087032
1244036450422640640,negative,5.639893795660327e-05
1244036450930298880,negative,0.2893806728379283
1244036451022467072,negative,0.0001909679186393763
1244036451387559939,negative,0.0001967357948255975
1244036451853119488,negative,0.015593246840668944
1244036451970338817,neutral,0.3559188854328074
1244036452020883456,negative,0.11473152793864087
1244036452431757312,negative,0.001415253074672801
1244036453241360385,negative,0.07690926213484135
1244036453417586694,negative,0.0001434540191331962
1244036453845413889,negative,0.24892319146168693
1244036453908328449,neutral,0.6374118872629692
1244036453941817346,negative,0.0004093674945277874
1244036454419816448,negative,0.0009461095119313201
1244036455137185795,negative,1.9614552493978865e-07
1244036455573356547,negative,0.0015346429459398192
1244036456005410822,negative,0.07888518888259648
1244036456080912384,negative,0.0006873986791324966
1244036456701661193,negative,0.2520689716062546
1244036457343397893,negative,0.08530603216676903
1244036458803011584,negative,0.20352932039943816
1244036459016916992,negative,0.0029818748807272023
1244036459306385409,negative,0.030929215306398167
1244036459490934784,negative,0.01932529807794596
1244036460325543939,negative,0.13452041030035378
1244036460396896259,negative,0.02853232116928921
1244036460535320583,negative,0.005201882690050789
1244036461063811074,negative,0.002928166131110065
1244036462175281153,negative,0.20059540256820177
1244036462246539264,negative,0.00019771732948070965
1244036462569537538,positive,0.7469405270194408
1244024773157556224,negative,0.26049498904440566
1244025048165502976,negative,0.004260567850097833
1244025288998170627,neutral,0.49789225920557484
1244021553991430144,positive,0.9656583591602862
1244022045068886018,positive,0.9656583591602862
1244022942490640385,positive,0.9656583591602862
1244023089014419456,positive,0.9656583591602862
1244031957836673031,positive,0.9656583591602862
1244034906050756608,positive,0.9656583591602862
1244035840415850498,positive,0.9656583591602862
1244021450534764546,negative,0.001697244035360273
1244021451126181890,negative,1.0070782093415204e-05
1244021451168104450,negative,0.00034604527519984865
1244021452204134401,negative,0.0032053489813467476
1244021452266930177,negative,3.0248007430079378e-05
1244021454842314753,negative,0.26861794251094057
1244021455706361859,negative,0.008730913498061254
1244021455861489664,negative,0.0004913489771400464
1244021456515842048,negative,6.961259543186275e-05
1244021456763260928,negative,0.2790014561336559
1244021456843018241,negative,0.017309210138541333
1244021457614786561,negative,0.013675212082815653
1244021458986250241,negative,0.050923156143680016
1244021459367976960,negative,0.012736532801090342
1244021462262054912,negative,0.0038916781120804647
1244021462626897921,negative,0.0014810551774223858
1244021463964942337,negative,0.26861794251094057
1244021465512640514,negative,3.343051272137522e-13
1244021465751658496,negative,0.002682429371684567
1244021466716348416,neutral,0.5017543432377519
1244021466770878464,negative,0.054795394840263724
1244021469694156801,negative,0.19742169694364622
1244021469883117568,negative,0.00018029434248671545
1244021470579306500,negative,0.0007021716720584312
1244021470642216964,negative,0.06332776425028303
1244021471841787907,negative,2.2211242073886806e-05
1244021472726745089,negative,0.00038358290389550596
1244021472831602688,negative,0.022701592061166183
1244021473091768320,neutral,0.4132596039255029
1244021473230061569,negative,1.9349605862328047e-05
1244021475994198018,negative,0.08402234880603807
1244021477118271488,positive,0.6837739475735359
1244021478301057027,negative,0.010054731947740835
1244021480582713347,negative,0.001721442729463437
1244021481476104192,negative,8.227081548946626e-11
1244021482197520386,negative,0.015543141777323593
1244021483170680832,negative,0.1467583084316125
1244021483464200192,negative,0.01487993541996313
1244021484013715457,negative,0.04867968637425353
1244021484844089344,negative,0.011383571810068287
1244021485401931776,negative,0.00032666753617265727
1244021487205527553,negative,0.00083592373747838
1244021488061120512,negative,0.02545114985264554
1244021488639979520,negative,0.011803343251657963
1244021489096994817,negative,8.86186235922963e-06
1244021490300981249,negative,0.05357095510278457
1244021490598719489,negative,1.0919495694785929e-06
1244021490896560128,negative,0.0014972226936172356
1244021493832585220,negative,0.12174294980978893
1244021494969249792,negative,0.14259557731216022
1244021495048941570,negative,5.773371481230104e-11
1244021501214457856,negative,0.02431595778201671
1244021501428412418,negative,0.015503478197998926
1244021501562683392,negative,0.07053934664991535
1244021503072575490,neutral,0.34723023575150236
1244021503508852736,neutral,0.3939831609836758
1244021503605248001,negative,0.002715049321489482
1244021503978549248,negative,0.22073230925331053
1244021504184061953,negative,1.0919495694785929e-06
1244021504603574272,negative,0.26861794251094057
1244021504909676545,negative,0.09354048038238474
1244021505161342976,negative,1.3079095072642375e-05
1244021506126028801,negative,0.0012337265676685774
1244021506864185345,neutral,0.4599753504562343
1244021509246668800,negative,0.08431144265621913
1244021509494013952,negative,6.735307877660879e-08
1244021510412685312,negative,0.00020860542470372312
1244021510748213249,negative,0.00038358290389550596
1244021511167623169,negative,0.1078398608766827
1244021512606187522,negative,0.1074815551274147
1244021515579985920,negative,0.006490998775951602
1244021591899615232,negative,0.00029023667068739996
1244021592373563392,negative,0.07644759197628906
1244021592688115714,negative,5.795913116827513e-09
1244021593690591232,negative,1.6724814303037775e-05
1244021593946423298,negative,0.056535427794743555
1244021594701389824,neutral,0.45022235943236705
1244021595070500864,negative,0.014559859026652643
1244021596077129728,negative,0.00031090719435272697
1244021598715285504,negative,0.0003287134145275369
1244021598937649152,negative,2.6577260583429427e-06
1244021599973629952,negative,0.0007021716720584312
1244021601013661697,negative,0.31111314384506555
1244021602204999680,negative,0.0030670423080643118
1244021602792202241,negative,7.837288615705606e-06
1244021603001749504,negative,2.1567290585279386e-05
1244021603131953152,negative,0.00034604527519984865
1244021604192931841,neutral,0.46395137405296316
1244021604855828480,negative,0.005654553927314783
1244021605015138305,negative,5.625192102338681e-09
1244021605954658304,negative,0.004660656584565923
1244021606302842882,negative,1.4564142935158248e-05
1244021606466322433,negative,0.25819052496382455
1244021607984660480,negative,0.08045496286803203
1244021611591852036,negative,4.3487117630437134e-07
1244021611755450368,neutral,0.5241017525044748
1244021611784699904,negative,0.0032053489813467476
1244021612027899904,negative,2.546311107923386e-12
1244021614410424320,negative,0.00018029434248671545
1244021616394342401,negative,0.26861794251094057
1244021619409985537,negative,0.0019698665943028207
1244021619602927616,negative,2.802033792677938e-05
1244021620819320832,negative,4.003950473849916e-05
1244021621008072705,negative,2.9172396385918034e-05
1244021622253785090,positive,0.9490539998806894
1244021624912912386,negative,2.2363328017552223e-05
1244021625160380416,negative,0.012525335011476131
1244021625248514050,negative,3.8602757731046196e-05
1244021625550495745,negative,0.2693074198228878
1244021625688920065,negative,0.07186322185585713
1244021626905255936,negative,0.12174294980978893
1244021627823616006,negative,0.0013376142236080414
1244021628138291202,negative,0.005551450355894418
1244021628775915520,negative,2.5297089121235094e-09
1244021628968865792,negative,0.26861794251094057
1244021629161799681,negative,0.0009066343680301412
1244021629484535809,negative,0.002749260162305774
1244021629937729536,negative,0.19742169694364622
1244021630302654467,negative,8.12846996794503e-11
1244021632760504320,negative,1.4259331964280717e-06
1244021634664718337,negative,0.000880040290534267
1244021635188957184,negative,0.0006109533446247392
1244021636354969603,negative,0.0009734289701645092
1244021636480880640,negative,0.20769652220028914
1244021636883533825,negative,0.0353211840097214
1244021637588160514,negative,0.006846954183480362
1244021637961351168,negative,0.062460826604538854
1244021638439546881,positive,0.8715994797399631
1244021638879985665,negative,1.029240895452722e-05
1244021639395721219,negative,1.8990477581200601e-06
1244021639664349184,negative,0.009492922707011178
1244021640373174272,negative,7.191983573462794e-06
1244021642482892800,negative,0.010773362997574512
1244021645406359555,neutral,0.40534078671659834
1244021645553086466,neutral,0.46395137405296316
1244021645574115328,negative,0.013208489472467748
1244021645779636224,negative,7.305723015495871e-06
1244021645922258944,neutral,0.349605285862266
1244021646073233410,negative,0.00012259478242670672
1244021647386042369,neutral,0.44636701103960363
1244021648015097859,negative,0.126732799627162
1244021648103297025,negative,0.0002088779803552696
1244021648640159745,positive,0.6673020949547926
1244021649525047296,negative,0.13763923746611909
1244021649596276736,negative,0.0708157473217462
1244021649936199682,neutral,0.6586321782900337
1244021726779932672,negative,0.01834820422582751
1244021727639867392,negative,0.009857647294918162
1244021727795036161,negative,0.00019132505744176828
1244021728608768001,neutral,0.5295681979471095
1244021730030518272,negative,0.00038358290389550596
1244021731158884352,negative,0.0002024873937665394
1244021731850936320,negative,2.0888773867525616e-06
1244021732035293184,negative,0.0034111803930398626
1244021733058805760,negative,1.0919495694785929e-06
1244021734153609217,negative,0.26670486438251473
1244021734837227520,negative,4.272803739183218e-05
1244021734929502208,negative,1.3908061523904807e-09
1244021735051137024,negative,2.0822858052257605e-05
1244021735806156800,negative,7.917808642328561e-08
1244021735877419009,negative,0.10911018742990973
1244021737588752385,negative,0.12174294980978893
1244021739278958592,negative,0.0028501719908656485
1244021739329327104,negative,0.021672320184958318
1244021740377800704,negative,0.015887996908581024
1244021740809879555,negative,0.045812440839104025
1244021741002915840,neutral,0.6544129986657204
1244021745411112961,negative,0.003203887017689205
1244021748502114304,negative,0.00254636185991689
1244021749517365250,negative,0.018665277096224255
1244021749546733568,negative,3.719245041067497e-05
1244021750767198208,negative,0.0004582618361713257
1244021752247865347,negative,0.26861794251094057
1244021753048903680,neutral,0.35738410216012645
1244021753225101313,negative,1.4259331964280717e-06
1244021754328158209,negative,0.05744100345100655
1244021756538638336,negative,0.007195136828275645
1244021758082023424,negative,0.00015787123977538314
1244021758174388225,negative,8.613200983459216e-08
1244021758321197056,negative,7.363409601322136e-05
1244021759067795456,negative,0.0067563892134443505
1244021759206187010,negative,0.0008535378838553264
1244021760510623746,negative,1.0070782093415204e-05
1244021760783196160,negative,7.899689101301087e-07
1244021760871325696,negative,4.95990622914769e-12
1244021761886339073,negative,0.028092447334586868
1244021762532220928,negative,0.00038358290389550596
1244021763681501184,negative,0.0022729389885385834
1244021765984202753,negative,0.0032053489813467476
1244021767326380032,negative,0.002549477107023364
1244021769041784833,negative,7.86391980396302e-05
1244021769423503360,negative,0.15726903164606826
1244021770765701120,negative,0.1309918221152114
1244021771008905216,negative,0.21723121982045732
1244021772904738816,negative,0.31617114876833163
1244021773353594882,negative,0.009190583590389089
1244021774502825991,negative,0.00020787258199851576
1244021774561443842,negative,0.23401236104629689
1244021775366787073,negative,2.802033792677938e-05
1244021776293793792,negative,0.19742169694364622
1244021777317220353,negative,0.12174294980978893
1244021777661116417,negative,1.4259331964280717e-06
1244021778361581570,negative,3.616372145737232e-05
1244021780819456001,negative,1.1966197434708252e-06
1244021780953661443,negative,0.00010554487015042931
1244021783646416896,negative,0.01694951431511503
1244021783809921026,negative,0.00038358290389550596
1244021784275451905,negative,1.4259331964280717e-06
1244021785223401474,negative,0.002549477107023364
1244021786666287104,negative,0.26861794251094057
1244021787035344896,negative,0.00015829801051204148
1244021787035406337,negative,5.562289857465284e-05
1244021858888015872,negative,0.06565999245639109
1244021858946756612,negative,0.26861794251094057
1244021859416453121,negative,0.3158493680040829
1244021861282992128,negative,0.0002761499515193093
1244021861362655234,negative,4.745531322320067e-06
1244021862503415811,neutral,0.451704394783351
1244021863195574272,negative,0.13763923746611909
1244021864072175616,negative,0.014559859026652643
1244021864642629632,negative,9.8360953267966e-07
1244021865254998016,negative,0.021057151649242392
1244021865800237057,negative,0.0002710681222357656
1244021866420940801,negative,0.0010058653952675447
1244021867620569088,negative,0.011294597462051532
1244021868081876992,negative,0.26861794251094057
1244021868790759425,negative,0.0006842997232226417
1244021869386305537,negative,0.0009827727085065445
1244021871592517632,negative,0.021672320184958318
1244021871663812608,negative,5.370080317579767e-06
1244021871777120258,neutral,0.46395137405296316
1244021872301350913,negative,0.0008362697694156495
1244021872704045056,negative,0.26861794251094057
1244021873022849026,negative,0.140118027778392
1244021874675331073,positive,0.950246018394263
1244021874859876353,negative,0.007040131064296977
1244021875551895552,negative,1.0919495694785929e-06
1244021875795275777,negative,0.07476451119850759
1244021876491456513,negative,0.019969135528793827
1244021876864749570,negative,0.0017898770164789318
1244021877217116161,negative,0.011383571810068287
1244021877376528384,negative,7.422604982277482e-12
1244021877393195009,negative,1.053152814134172e-06
1244021877565251584,negative,4.30560850725105e-05
1244021878034964481,negative,8.86186235922963e-06
1244021880786423810,negative,2.5824787037089433e-05
1244021881939857408,neutral,0.5547948592490254
1244021882648776704,neutral,0.5017543432377519
1244021882686443520,negative,0.2566476569648661
1244021883223318530,neutral,0.46395137405296316
1244021883328176130,neutral,0.4334808246241936
1244021884242534400,negative,0.00038358290389550596
1244021884326424576,negative,0.15789070296544577
1244021886520119296,negative,0.0002761499515193093
1244021888160071682,neutral,0.46395137405296316
1244021888269127680,negative,0.0027932902149986126
1244021892094320640,negative,1.3305506906941183e-05
1244021893352632321,negative,0.18638868644820655
1244021893574864897,negative,1.947366505437013e-08
1244021894392827904,negative,0.0017158803913904456
1244021895915339776,negative,0.0048402329153598945
1244021896053653504,positive,0.6880410424832291
1244021896326328320,negative,0.26861794251094057
1244021897106542593,negative,0.0019897459872496156
1244021897777549312,negative,8.00179096671309e-06
1244021898436100099,neutral,0.3338195916044005
1244021899304239106,negative,3.983704634905549e-06
1244021899329486850,negative,1.0919495694785929e-06
1244021901388808192,negative,0.00023881590702432533
1244021901401436161,negative,0.12174294980978893
1244021902106034176,negative,8.688324655343925e-05
1244021902122893312,negative,1.3739187683499712e-09
1244021903100186626,negative,0.00014321811774069623
1244021904027062272,negative,8.613200983459216e-08
1244021904253517826,neutral,0.4303860132964278
1244021904677253124,negative,0.13772336860715256
1244021905704837121,neutral,0.46395137405296316
1244021906795347969,negative,0.013940739358691648
1244021906849873920,negative,0.187856334257504
1244021909559394307,negative,1.1753318564967852e-06
1244021910083719168,negative,0.0018976382161017692
1244021910960320513,negative,1.4004421853318827e-10
1244021911442636802,negative,8.053742250181891e-05
1244021911983665154,negative,1.4259331964280717e-06
1244021912780627968,negative,0.22073230925331053
1244021913372045312,negative,0.0008151438882853003
1244021914663862272,negative,1.3739187683499712e-09
1244021916198977537,negative,0.0006803378180852349
1244021916500922368,negative,0.06332776425028303
1244021916660379650,negative,4.30560850725105e-05
1244021917516009474,negative,8.613200983459216e-08
1244021917528588288,negative,0.12249597575537353
1244021918082236418,negative,0.0133804335177143
1244021921324425216,negative,2.799966631959713e-06
1244021992098955269,negative,8.053742250181891e-05
1244021993168670722,negative,0.012456608760023
1244021995051900928,negative,4.5849191750192867e-10
1244021995064512513,negative,0.019016199893683618
1244021996071129088,negative,0.0007021716720584312
1244021996964454401,positive,0.9557044391974331
1244021997136482306,negative,0.009705662181869825
1244021997480349696,negative,0.00967900497870701
1244021997606223872,negative,1.913553844109516e-08
1244021997618823168,negative,0.26861794251094057
1244021998428225536,negative,0.008730913498061254
1244021998499639296,negative,0.0025241793907642184
1244021998709346305,negative,9.845091798370877e-07
1244021999434895361,negative,0.15726903164606826
1244022000261234688,negative,0.01263838495053881
1244022001305559041,negative,0.19742169694364622
1244022001951481858,negative,0.006895673982273858
1244022002400272384,negative,0.26861794251094057
1244022002865897472,negative,5.4812174887484e-07
1244022003075596288,neutral,0.4334808246241936
1244022003465621505,neutral,0.5496678701602578
1244022007139840000,negative,4.710666423681767e-06
1244022007487922178,negative,0.008337661223230245
1244022008356179970,negative,0.06452199641486969
1244022009379590144,negative,0.0016492226548180523
1244022010885427200,negative,1.1195608997921974e-11
1244022011095105540,negative,5.000994783433491e-05
1244022011120230402,negative,0.26861794251094057
1244022012185653249,negative,0.050084788843094724
1244022013112483840,negative,0.030524177977979343
1244022013427146753,negative,1.1218456657290535e-10
1244022013624299520,negative,0.23871696831429615
1244022014039425025,neutral,0.49789225920557484
1244022014702125056,negative,5.474840644155019e-10
1244022015473876992,negative,1.4564442929273853e-05
1244022018556772352,negative,0.020514923710057826
1244022019617890304,negative,9.35163443949858e-14
1244022019773079553,negative,0.07651380211570842
1244022021505376257,negative,1.0919495694785929e-06
1244022024105795585,negative,2.0586850390074513e-07
1244022024546254848,negative,0.1657367103260502
1244022025993232384,negative,0.08667586435267176
1244022026714652673,negative,0.048763304825719424
1244022026752462849,positive,0.7122661468012299
1244022028794884096,negative,0.0018942581592124176
1244022029021515776,negative,0.07651380211570842
1244022030002868226,negative,0.03274534990644823
1244022034570653696,negative,0.11985683685688724
1244022035359174657,negative,0.11733680218400579
1244022035711483907,negative,5.713863533475549e-06
1244022036407529473,positive,0.8190445627186296
1244022038030925824,negative,1.416133193872911e-05
1244022038244790275,positive,0.9300642084394208
1244022039171796992,neutral,0.6586321782900337
1244022040719433729,negative,0.26861794251094057
1244022043768754177,negative,0.10683230440727162
1244022043873599488,negative,0.00020787258199851576
1244022045027061763,neutral,0.49789225920557484
1244022045404549120,positive,0.9388438609633798
1244022046402711552,negative,0.0004913489771400464
1244022048009175041,negative,0.006221830797210011
1244022048172773378,negative,0.00012556922231379995
1244022048348876800,negative,6.447307288465917e-05
1244022048659247104,negative,7.920544441063855e-11
1244022050521522177,negative,0.15967384295413728
1244022051578486785,negative,7.2676361675091906e-06
1244022051708579841,negative,0.26861794251094057
1244022052228681729,negative,0.001026001330545013
1244022052241264641,negative,0.00036710729565502784
1244022052430008322,negative,2.308420646805572e-09
1244022053893799939,negative,0.06015278951349491
1244022054564892672,neutral,0.40695922301435633
1244022058239098881,negative,2.1272282058217925e-08
1244022058314608641,negative,0.10031686805292321
1244022059107303424,negative,9.651371437269712e-05
1244022059484745728,negative,0.00038358290389550596
1244022062181646336,negative,0.15726903164606826
1244022136479657986,negative,1.697406959484463e-12
1244022136618078208,negative,0.00010291291117230715
1244022136785661952,negative,0.00103939917060922
1244022137293361154,negative,0.002608536464252478
1244022138333532160,positive,0.97724388026287
1244022140527161344,negative,0.00716835571631329
1244022141374341120,negative,0.26861794251094057
1244022143328845824,negative,0.00018105424530673068
1244022143811309568,neutral,0.5757255138997601
1244022144134254592,negative,1.30033394244292e-06
1244022144385892354,negative,1.1125151068502621e-05
1244022144905945088,negative,0.006221830797210011
1244022144968937473,negative,0.12249597575537353
1244022145455448064,negative,0.2693074198228878
1244022146025893890,negative,0.1826650518364943
1244022146411749379,negative,0.002592944550631483
1244022146814410752,negative,0.0005546103537378526
1244022148055871490,negative,1.0919495694785929e-06
1244022148643110912,negative,0.00013705393864689393
1244022150543093762,negative,0.003304438170379334
1244022150656397313,negative,0.0010735999314641195
1244022150891278338,negative,1.1331831026303428e-05
1244022151130333185,neutral,0.38283897387727345
1244022152761835520,negative,0.1309918221152114
1244022153038770176,negative,0.018665277096224255
1244022155244965888,negative,0.13954479493756172
1244022155723112448,negative,5.004100173839172e-06
1244022156700327937,negative,1.237149603730258e-08
1244022156729737216,negative,0.31738219341518686
1244022157652492289,negative,3.732883249911217e-11
1244022158092906496,neutral,0.43819387281476896
1244022158105481217,negative,8.094771214570627e-07
1244022158290046976,neutral,0.4334808246241936
1244022158554259456,negative,0.005654553927314783
1244022159149858818,negative,2.8060552694657597e-05
1244022159682539523,positive,0.9388438609633798
1244022159703511041,positive,0.9388438609633798
1244022163562270720,neutral,0.46127768308170247
1244022163587260421,negative,0.00012125250502305374
1244022163683921923,negative,0.11205038516520807
1244022165361561604,negative,0.023453407264846782
1244022165814591489,negative,0.0022656361510606836
1244022165860687875,negative,0.006936777869861583
1244022166489874432,negative,0.00011211517670895176
1244022167022551040,negative,8.284620459154101e-05
1244022167119020032,negative,0.011803343251657963
1244022167580393472,negative,0.023212473912989546
1244022168075284483,neutral,0.5017543432377519
1244022168540852224,negative,0.004672276473867513
1244022169400676353,negative,0.26576835005552363
1244022169472040960,negative,0.002264747671855131
1244022169518190592,negative,0.26861794251094057
1244022169757245440,negative,0.04671097075857942
1244022169924968448,negative,0.001311435971829198
1244022170218573825,negative,0.08074519774292417
1244022171221069824,negative,0.002210634964045355
1244022171967553538,negative,0.00038358290389550596
1244022173179629573,negative,0.005551450355894418
1244022176417751042,negative,0.3009175715267718
1244022177428619264,negative,0.0007048052478023912
1244022178141671424,negative,0.012391116436687446
1244022179404099585,negative,6.735307877660879e-08
1244022181719244801,negative,0.0004582618361713257
1244022182113656834,negative,0.0009516709497945672
1244022182138830850,negative,0.00038358290389550596
1244022182310707204,negative,1.3305506906941183e-05
1244022182776320003,negative,0.00013705393864689393
1244022185062273024,negative,0.018665277096224255
1244022185087434754,negative,1.7829243901397485e-07
1244022185108344832,negative,0.01669329316103542
1244022186559578115,negative,0.009857647294918162
1244022187188801539,negative,9.180558412747787e-09
1244022188040216578,positive,0.9388438609633798
1244022188220399616,negative,0.002379899536482774
1244022188560318465,negative,0.29337428232732626
1244022188929409024,negative,0.26861794251094057
1244022189218828288,negative,0.00025660568439261845
1244022189516566529,negative,0.0015266824023288134
1244022192163229697,negative,0.02926662548859901
1244022194168049664,negative,0.001760664642236317
1244022194998476801,neutral,0.47791319841616553
1244022195128598529,negative,5.30777997043838e-05
1244022196126863360,neutral,0.5295681979471095
1244022196412047360,negative,0.003080823445518286
1244022196462407683,negative,0.06178097738833835
1244022196508471296,negative,0.15967384295413728
1244022196537888771,negative,0.15726903164606826
1244022197301190658,negative,0.008283239431511435
1244022197821333505,negative,0.00010554487015042931
1244022197951369218,negative,0.26861794251094057
1244022276137406466,negative,0.0004374651114536709
1244022276724527105,negative,0.02151845603040086
1244022278536540160,negative,0.00038358290389550596
1244022280168116226,negative,0.03914535013560267
1244022282483380224,negative,1.0873824443227554e-07
1244022282999169025,negative,0.00018038683574077456
1244022283850657793,negative,0.16501621900100277
1244022284144316417,negative,0.04719726545340066
1244022284400164865,negative,0.02303063513007944
1244022285201219585,negative,0.05321188780379662
1244022285486481408,neutral,0.33411120456979954
1244022285515788288,positive,0.9883775789486405
1244022285880737795,negative,0.0005693219279341907
1244022285977124864,negative,1.0919495694785929e-06
1244022286375673857,negative,0.000497436568013318
1244022286644060162,negative,2.3699353073471387e-05
1244022286765654016,positive,0.6673020949547926
1244022288065929216,negative,0.26861794251094057
1244022288535687168,neutral,0.35612996768837946
1244022288699326466,negative,0.03914535013560267
1244022289324261377,negative,0.09170625417605402
1244022291333140480,negative,2.1567290585279386e-05
1244022291916369920,neutral,0.4746706201608045
1244022292096733184,positive,0.8880107019034025
1244022292839108608,negative,0.00010689955324579702
1244022292956549121,negative,0.04941685718682474
1244022294638288896,negative,3.0813250457110043e-06
1244022295233998849,negative,0.004699239098883236
1244022295368273921,negative,0.06538555956906905
1244022295955456000,negative,0.018777080049752832
1244022297100521473,negative,0.09344123353441179
1244022297658302464,negative,0.0005579676366642458
1244022299524845570,negative,0.12174294980978893
1244022300200099840,negative,1.4259331964280717e-06
1244022300611051521,negative,7.2676361675091906e-06
1244022301554872320,negative,0.025345634644933415
1244022304063066112,negative,0.0004704378285124481
1244022304159522818,neutral,0.5017543432377519
1244022305619095553,neutral,0.5400773831448165
1244022306076319744,negative,6.735307877660879e-08
1244022308005711872,negative,3.098743101558004e-05
1244022309599543297,negative,0.26861794251094057
1244022311289831426,negative,5.5909215320387804e-06
1244022311503749120,negative,3.606703087981096e-06
1244022314364276736,positive,0.9051738767142345
1244022314699808768,negative,0.044182490359423864
1244022314775314433,negative,0.009857647294918162
1244022315106603010,negative,0.26861794251094057
1244022315714842626,negative,0.0014385214662536786
1244022316234932226,negative,0.011367910419493634
1244022316406734849,negative,0.000539387925233527
1244022318147473408,negative,5.5272763955294414e-08
1244022318566969346,negative,0.00038358290389550596
1244022319623950337,negative,1.4460583653757003e-08
1244022320500482049,negative,5.780082597770214e-09
1244022321297403906,negative,0.0010539855253331345
1244022323126194179,negative,2.434623554905896e-06
1244022324870995970,neutral,0.46395137405296316
1244022325932146690,negative,0.0007021716720584312
1244022326045347842,negative,0.0020624910018968655
1244022326674493443,negative,4.348158421519715e-05
1244022328880750595,negative,0.10273265153506558
1244022329140748290,negative,0.0001033296232122839
1244022330273169408,negative,0.0027238182556145077
1244022330394804226,negative,0.0004914262714729093
1244022330591870976,negative,0.000110584657126176
1244022331342819329,negative,0.07644759197628906
1244022332420751362,negative,0.11205038516520807
1244022334152945666,negative,8.86186235922963e-06
1244022334819831809,negative,0.19519676990353022
1244022335537139716,negative,1.3295238132433052e-11
1244022337579745280,negative,0.0010298111241484284
1244022407603552258,negative,2.013462888856369e-06
1244022407775600641,negative,2.499707943255702e-05
1244022407779758080,negative,0.009165155424562537
1244022410023706627,negative,0.056535427794743555
1244022410556444673,negative,0.056535427794743555
1244022411818926082,negative,0.04959059259843666
1244022412456361984,negative,4.977035561381135e-06
1244022417174851584,neutral,0.38283897387727345
1244022418999586818,positive,0.6880410424832291
1244022419817365504,negative,0.23401236104629689
1244022420090077184,negative,0.02303063513007944
1244022420228505600,negative,0.1553472663778458
1244022420425629697,negative,0.0009393933542821811
1244022420836700160,negative,1.897363203252402e-07
1244022421126098945,negative,1.203648507298106e-07
1244022422774468608,negative,0.05321188780379662
1244022423076442113,negative,0.2566476569648661
1244022423541997568,negative,0.002264747671855131
1244022426939396099,negative,1.1565612931221416e-05
1244022427589451777,negative,5.730143381172979e-05
1244022428168323073,negative,0.00038358290389550596
1244022430668132354,negative,0.04917404738040776
1244022430861086720,negative,0.02151845603040086
1244022431192354816,negative,0.00023823644068807003
1244022432899399680,negative,0.00022695915049822282
1244022433696354307,negative,0.0004088547485744113
1244022434287714304,positive,0.9961123524509213
1244022434417840131,positive,0.6673020949547926
1244022434451394564,negative,0.01329187351323456
1244022435801948160,negative,0.00034604527519984865
1244022436254941185,negative,0.10184664936812216
1244022436636524544,negative,0.006416264584654663
1244022438624665601,negative,3.769628551437666e-07
1244022439664914435,negative,0.23082095504670874
1244022440235282432,negative,0.00034604527519984865
1244022442017861632,negative,0.01207291459132234
1244022442336624644,negative,3.311950077031727e-05
1244022442521169922,negative,0.06332776425028303
1244022444693819393,negative,0.00014874310664124814
1244022445427720192,neutral,0.49789225920557484
1244022445633388544,negative,7.561385007433e-12
1244022445704691713,negative,0.00158736795940512
1244022448619749376,negative,0.23871696831429615
1244022448636465152,negative,0.11205038516520807
1244022448863019008,neutral,0.46395137405296316
1244022449437642752,neutral,0.6586321782900337
1244022451052449795,negative,0.00565912818894139
1244022451740258306,negative,0.002538773180855706
1244022453300494337,negative,0.002671429694816321
1244022453724209153,neutral,0.46120155292025167
1244022454445621248,negative,0.13362372884245394
1244022455502540800,neutral,0.47791319841616553
1244022456286920705,negative,9.984370298435633e-07
1244022457046052866,negative,0.26861794251094057
1244022459214544896,negative,0.006651458966378349
1244022459927535618,negative,9.256360431841253e-05
1244022460007231488,negative,0.26861794251094057
1244022460477067264,negative,9.332832925870328e-06
1244022460611268609,negative,0.2571826620607748
1244022461231923203,negative,0.002398612365439477
1244022464188952576,negative,0.26861794251094057
1244022465313026048,negative,0.17890657613744287
1244022465539518464,negative,4.453911431769986e-05
1244022466235817984,negative,4.800328009171806e-06
1244022466630029312,negative,0.009857647294918162
1244022466646859778,negative,2.5769404061363287e-05
1244022466701377537,negative,3.72432185431917e-12
1244022467712212994,negative,0.0006641336156086033
1244022468324491265,negative,0.02926662548859901
1244022468609703936,negative,0.28051707561528083
1244022468999884800,negative,0.0038214477973741493
1244022469880680449,positive,0.9043759225814519
1244022472023957504,negative,0.0008916921658639756
1244022472338542594,negative,0.0005693219279341907
1244022473206706176,negative,3.9772641084120805e-05
1244022474930618370,neutral,0.6586321782900337
1244022475001913344,negative,0.0032292423514331627
1244022549815664642,negative,0.06853119787549186
1244022551325691904,negative,3.813310297527377e-08
1244022551539572737,negative,0.033262017758432835
1244022551661162496,negative,0.00021377478152047053
1244022552432906240,neutral,0.5295681979471095
1244022554202963971,negative,0.26670486438251473
1244022555717111808,negative,0.009857647294918162
1244022556539183105,negative,0.005654553927314783
1244022557843632128,negative,0.126732799627162
1244022559622017025,negative,0.00011696584376269521
1244022560645398528,negative,0.0015737200626532333
1244022561421189121,negative,2.3344122192965616e-08
1244022561605857282,negative,0.00011641848597305579
1244022562583183361,negative,0.08428006008917713
1244022563719630849,negative,3.053471231591981e-05
1244022564592074756,negative,0.12375939134151974
1244022564822953988,negative,1.3768043949310428e-09
1244022565624066048,negative,0.00034604527519984865
1244022568044105729,negative,0.0004913489771400464
1244022568945963009,negative,0.12283780628588135
1244022569147207681,negative,5.307474605745921e-10
1244022569294012417,negative,0.26861794251094057
1244022570715938817,negative,0.26861794251094057
1244022571978371073,negative,0.26861794251094057
1244022572620091393,negative,2.4634822042216474e-06
1244022573169553408,negative,8.194256611345134e-07
1244022575468105728,negative,8.877936880394632e-11
1244022576118202369,negative,0.000152454381127529
1244022576642510848,negative,0.05307980183654466
1244022576688570369,negative,3.249656472241872e-08
1244022577275830272,negative,6.179575693783081e-06
1244022577653317632,negative,4.981114889043063e-08
1244022578563428354,negative,0.02151845603040086
1244022578748035072,negative,0.0032292423514331627
1244022578949189637,negative,0.21544160593034045
1244022579565940736,negative,9.332832925870328e-06
1244022579733639170,negative,1.0919495694785929e-06
1244022580211744770,negative,1.3305506906941183e-05
1244022580962525187,negative,8.22876952996847e-10
1244022581004505088,negative,4.910211081329556e-06
1244022582216622080,negative,0.1078398608766827
1244022582510321665,negative,0.26861794251094057
1244022583558918145,negative,0.010513845913685177
1244022584099966976,negative,0.000497436568013318
1244022584993353729,negative,6.179575693783081e-06
1244022586004119553,negative,0.1467583084316125
1244022587027529729,neutral,0.4334808246241936
1244022589745397760,negative,0.0026234287618461904
1244022590060060673,negative,0.056535427794743555
1244022591611973634,negative,0.056535427794743555
1244022594170499073,negative,0.01965529685205932
1244022594225012736,negative,0.0002612574789478019
1244022594485080066,negative,0.12249597575537353
1244022595751677956,negative,0.26861794251094057
1244022595806203906,negative,1.5977402106143824e-10
1244022597131649026,negative,5.264144674990712e-08
1244022599258177537,negative,0.12174294980978893
1244022599509782528,negative,0.002749260162305774
1244022599702601733,negative,0.07651380211570842
1244022602198204421,positive,0.9042246331352656
1244022602659741698,negative,0.00010554487015042931
1244022603284652033,negative,0.0006803378180852349
1244022604157071360,negative,3.075527934628571e-09
1244022604865961988,negative,0.001596542337351416
1244022607470571520,negative,6.494402483037791e-08
1244022607969738753,negative,3.1479261850593056e-05
1244022609735561220,negative,0.062460826604538854
1244022610637324288,negative,3.848461832299313e-10
1244022610675073025,negative,5.286474934665928e-07
1244022610712813568,negative,0.02731210449080485
1244022611295813632,negative,1.9492867751033832e-05
1244022612029771776,negative,0.00041789305495835256
1244022612340158464,negative,4.30560850725105e-05
1244022678438187008,negative,0.0025241793907642184
1244022679923015681,negative,0.049499430140556244
1244022681705549830,negative,0.01694951431511503
1244022683043536897,negative,0.08390131239089327
1244022683425267714,negative,0.26861794251094057
1244022683442036736,negative,9.854542851822866e-06
1244022683924398085,negative,0.13406745981451493
1244022686118002689,negative,0.23327313954070322
1244022686721937408,negative,0.0010496090601723662
1244022689767067648,negative,1.2916282258001383e-05
1244022690136174595,negative,0.005206678410879928
1244022690262011908,negative,0.0288984711087894
1244022691281207297,negative,8.070035436448792e-05
1244022691344121856,negative,0.04750636814213002
1244022691595722753,negative,0.013208489472467748
1244022691734192128,negative,0.030164120273884345
1244022691767767041,negative,0.012525335011476131
1244022692975652865,negative,2.153402386045732e-08
1244022693441294337,negative,0.14764967942101398
1244022697224536064,negative,0.05210347074783274
1244022698185015297,negative,0.005551450355894418
1244022698466033664,negative,0.0019743225496150433
1244022700311486464,negative,0.0006195506820297442
1244022701787922432,negative,2.3104035665929853e-06
1244022705399238659,negative,2.8462441601416082e-08
1244022705877368833,negative,6.678948035978767e-05
1244022706514857984,negative,0.12174294980978893
1244022706972119041,negative,0.21723121982045732
1244022707047608324,negative,1.3305506906941183e-05
1244022707290808321,negative,0.16809195875512506
1244022707961946113,negative,0.00019218757301489069
1244022708620451842,negative,8.688324655343925e-05
1244022709257822215,negative,0.015887996908581024
1244022709333438465,neutral,0.5887973398928581
1244022709371187202,negative,3.830550875495069e-05
1244022709992017923,negative,2.3699353073471387e-05
1244022710105186304,negative,5.009415103024124e-05
1244022710499512322,negative,0.15635230489768856
1244022710717624323,negative,0.26861794251094057
1244022712604995584,negative,1.3305506906941183e-05
1244022713238331392,negative,0.00028655230135083884
1244022714752434176,negative,4.467876555592372e-06
1244022715629084674,negative,8.89397701057212e-06
1244022717730471936,negative,0.1678305961210935
1244022718875516928,negative,9.229361999700446e-06
1244022718971944960,negative,0.014372709743932711
1244022719735365633,negative,2.812023101750067e-06
1244022723283759105,negative,0.010983847324514778
1244022724143570945,negative,0.14405222892224212
1244022725133373440,negative,0.10212268414871296
1244022726668562432,negative,1.5932101425722398e-08
1244022727276724224,negative,0.0011949281065939817
1244022728052690944,neutral,0.5295681979471095
1244022730107891713,neutral,0.5295681979471095
1244022732045668353,negative,0.26861794251094057
1244022733370986497,negative,6.195830848628775e-05
1244022733622706178,negative,0.11700497962353593
1244022735438839810,negative,2.6531883830906255e-08
1244022736105672705,negative,0.00038358290389550596
1244022736122494976,negative,0.04609805192603871
1244022736491610113,negative,0.1078398608766827
1244022738097967105,negative,2.2509244234483092e-06
1244022740178403331,negative,0.0007698929348117913
1244022740534923267,negative,1.975596593955039e-05
1244022741851873282,negative,4.295329072243874e-07
1244022741906460672,negative,0.3158493680040829
1244022744032972800,negative,0.0007647839126399291
1244022745182228480,negative,0.12249597575537353
1244022746494967809,negative,3.204505574503773e-10
1244022748168572928,negative,0.0008496053550442373
1244022748554375171,negative,0.01694951431511503
1244024554000920577,negative,0.12575162599759399
1244024556806963200,negative,1.9483533709717115e-09
1244024556932804613,negative,8.805482271186524e-06
1244024558434365442,neutral,0.4182186092957611
1244024558581166081,negative,3.9772641084120805e-05
1244024558941884416,negative,0.019318805519659085
1244024559386451971,negative,0.13606209348106296
1244024560716058624,negative,2.5560327135937033e-10
1244024561512972289,negative,0.0010496090601723662
1244024562028871680,negative,0.2013240848353585
1244024563408818177,negative,1.5256903262092347e-08
1244024563731759105,negative,0.0007586401285811046
1244024563832369153,negative,0.0006109533446247392
1244024564197310465,negative,0.0004128042073071751
1244024564750921730,negative,0.025512135060415126
1244024566378364929,negative,0.12479881424586574
1244024568962060288,negative,0.00017430133036893712
1244024570186735616,negative,8.389890887513245e-05
1244024570694250496,negative,0.014455557399271804
1244024571478642688,negative,0.0034316301084184346
1244024571638026240,negative,0.012532032681065909
1244024571826786305,negative,0.006975943144136882
1244024572694986752,negative,2.7836976135803617e-07
1244024573206675456,negative,1.3425460463329072e-07
1244024573496102912,negative,5.888379275008111e-05
1244024573735178241,negative,0.16458198117746822
1244024574569779200,negative,0.005119057652607459
1244024574766964736,negative,1.5942254007564709e-10
1244024575068737536,negative,0.0017158803913904456
1244024580806791168,neutral,0.6586321782900337
1244024581200977921,negative,6.850305563406862e-05
1244024581758779392,negative,0.04750636814213002
1244024582010540033,negative,0.010639308171699073
1244024582111191040,positive,0.6880410424832291
1244024582216003584,negative,2.308420646805572e-09
1244024583012802561,negative,0.011383571810068287
1244024585911238657,negative,8.053742250181891e-05
1244024586527703042,negative,2.1654854833514466e-14
1244024587706392576,negative,0.1078398608766827
1244024587899338753,negative,0.12044418185152407
1244024588104871938,negative,0.08402234880603807
1244024588817829888,negative,0.26861794251094057
1244024589858091008,negative,3.089260871081901e-07
1244024589933518850,negative,0.00038358290389550596
1244024590369775617,negative,0.11205038516520807
1244024590797602817,negative,0.2519096339627263
1244024591632252928,negative,0.29209570300421833
1244024592483651585,negative,0.26861794251094057
1244024593813102598,neutral,0.42347852960234056
1244024593951731712,negative,0.017861620690020136
1244024594018775040,negative,0.3153052732741093
1244024594694131712,negative,0.06963450306577648
1244024595964985344,negative,0.0027079934179709197
1244024596392751105,negative,0.05782778847683967
1244024596480831488,negative,0.010118183781184745
1244024596980027392,negative,6.906940524610226e-05
1244024597302951936,negative,0.0003758116141557286
1244024598259253248,negative,0.23223373253001056
1244024599278485504,neutral,0.6166747953299241
1244024599618207745,negative,0.15726903164606826
1244024601329446913,negative,0.06850842107672826
1244024602034044928,neutral,0.3341459429903637
1244024604634632193,negative,4.006941824677494e-07
1244024607230787585,negative,9.023181217356044e-06
1244024607444627456,negative,0.01244054842563807
1244024607612551168,negative,0.08184239027326526
1244024607927078912,negative,0.0025241793907642184
1244024608082333697,negative,0.050084788843094724
1244024608292065282,negative,0.0007021716720584312
1244024608812040192,negative,0.02789337581540214
1244024608942166016,negative,0.0022729389885385834
1244024609441267714,negative,6.470336134549253e-09
1244024609684377600,negative,7.274378796848964e-06
1244024610817015810,negative,2.054186117938604e-07
1244024613375541251,negative,0.0022729389885385834
1244024614189256704,negative,1.7532212338340541e-06
1244024615594229761,negative,0.0015637958119508466
1244024615929876480,negative,0.0005579676366642458
1244024616873611267,negative,0.2566476569648661
1244024617578254336,negative,0.0018194776511158094
1244024695810383872,negative,0.26861794251094057
1244024695877505024,negative,8.150510253943678e-05
1244024696556802058,negative,6.906940524610226e-05
1244024696972197889,negative,6.281771833982245e-10
1244024697307705344,negative,6.111280974862513e-05
1244024697702043649,negative,0.0001033296232122839
1244024697769070594,negative,0.00015123210887539235
1244024699379683331,negative,3.148500082370076e-06
1244024699442642945,neutral,0.3375698247145442
1244024699815899138,negative,0.12174294980978893
1244024701636182018,negative,0.10086516091606178
1244024702961664000,negative,1.5843242238499443e-06
1244024703225942016,negative,0.0642211715050016
1244024703632773121,negative,2.2231915418726422e-05
1244024703699861505,negative,1.7015747537842654e-06
1244024704899440642,negative,8.673599381638927e-05
1244024705079808002,negative,2.89002460443127e-08
1244024705574674434,negative,1.3305506906941183e-05
1244024706002497539,negative,0.00022933624371664573
1244024706610745344,negative,2.073757666533609e-05
1244024707302727680,negative,1.2584876597926694e-09
1244024707327950849,negative,0.0369916794388992
1244024708565291008,negative,0.0002449618662039282
1244024709051609088,negative,0.006651458966378349
1244024710456901634,negative,2.1567290585279386e-05
1244024710586867712,negative,8.231505235934393e-05
1244024710620491777,negative,1.0919495694785929e-06
1244024711060783104,negative,0.03686990252761431
1244024711878672385,negative,0.06178097738833835
1244024712264658944,negative,0.12107462600033334
1244024712923152384,negative,4.1130398399747595e-10
1244024715934654466,negative,5.888362649152857e-09
1244024716916072449,negative,0.2687799760519118
1244024718702845952,negative,1.253326224311986e-12
1244024720372256770,negative,0.10184664936812216
1244024720686809090,negative,0.0005579676366642458
1244024723731775488,negative,4.245329470676618e-05
1244024723769561089,negative,7.124057189220581e-12
1244024725036306434,negative,0.0017870555828986075
1244024726470696960,negative,3.830550875495069e-05
1244024728089767936,negative,0.009951409952105916
1244024728148467712,negative,0.00038358290389550596
1244024729100484608,negative,0.12249597575537353
1244024729901596672,negative,0.004917412464275988
1244024731663134725,negative,0.0021324857987774217
1244024732363694083,neutral,0.37874993579954885
1244024732405633024,negative,0.26861794251094057
1244024733445865472,negative,0.0032597732493628243
1244024733521317890,negative,0.0009310721232161851
1244024733550678017,negative,2.308420646805572e-09
1244024733936517120,negative,0.0489913216995151
1244024734381113345,negative,0.0043411537774343265
1244024734548926466,negative,3.830550875495069e-05
1244024736012816386,negative,0.001962350990374351
1244024736432168961,negative,8.103027186765207e-06
1244024737598255107,negative,0.005654553927314783
1244024739372380162,negative,0.18020863570012988
1244024744254595073,negative,0.26861794251094057
1244024745668104196,negative,0.009203976553909499
1244024748440465410,negative,4.4571674298688485e-07
1244024748545323010,negative,0.2548853282617377
1244024751141634049,negative,0.02731210449080485
1244024751380668416,neutral,0.5017543432377519
1244024751527518208,negative,0.00034604527519984865
1244024751892430850,negative,0.0004703838434611712
1244024751993094145,negative,2.656493505989718e-05
1244024752030789636,positive,0.9317565192575878
1244024752425127936,negative,2.073757666533609e-05
1244024752748052481,negative,0.015887996908581024
1244024753524035585,negative,0.00675659044056608
1244024753956040708,negative,0.126732799627162
1244024756321636352,negative,0.003769431376266658
1244024756426420224,negative,0.00016109812426127895
1244024825963778048,negative,2.2363328017552223e-05
1244024828866318336,negative,0.0001633396658710584
1244024829109567489,negative,0.26861794251094057
1244024829587554304,negative,3.7647540586799463e-06
1244024829738725378,negative,1.2463399822618135e-12
1244024831340949505,negative,0.00021044592977343033
1244024831349338112,negative,0.0009825138148074977
1244024831533895681,negative,1.0919495694785929e-06
1244024832280444928,negative,0.16538835032888588
1244024833039634432,negative,0.027682355108066617
1244024833328979968,negative,5.382352296687207e-07
1244024833798701057,negative,0.00017487915169592014
1244024837418483714,negative,0.07651380211570842
1244024838727118849,negative,0.24102720852457432
1244024838857134082,negative,3.4663669133943804e-08
1244024838861266945,negative,0.009599768428919072
1244024839058358272,negative,0.0011058715937710384
1244024840245456896,negative,0.000880040290534267
1244024840786493440,negative,0.12174294980978893
1244024841738600448,negative,9.699814802545046e-09
1244024841814126593,neutral,0.38283897387727345
1244024843072397313,positive,0.9972293158903188
1244024843777052674,negative,0.003963594537773175
1244024845265965057,negative,0.00431957293292679
1244024847853932546,negative,0.03208964907000102
1244024847899987968,negative,0.06697263017752302
1244024847929401344,negative,2.4065600818454133e-06
1244024848113901568,negative,0.26861794251094057
1244024849049231360,negative,0.011384985365680864
1244024850567565312,neutral,0.3909190991716583
1244024852090105856,negative,1.4789312695027967e-07
1244024852266303489,negative,0.06178097738833835
1244024852299857922,negative,2.308420646805572e-09
1244024852534697985,negative,0.012412076135471817
1244024853021237248,negative,0.007456857837877445
1244024853667217408,negative,0.000880040290534267
1244024853981794306,negative,1.2454603737649547e-06
1244024854359281664,negative,0.011803343251657963
1244024855298785281,neutral,0.4282717292732152
1244024855424573442,negative,0.18638868644820655
1244024857316052992,negative,0.0003101604496130377
1244024857395937281,negative,1.30033394244292e-06
1244024858574565378,negative,1.897363203252402e-07
1244024860466126849,neutral,0.4411629260542004
1244024860914876418,negative,0.12174294980978893
1244024862911455234,negative,6.599354536211898e-05
1244024863771299842,negative,2.308420646805572e-09
1244024865105068033,negative,0.012552781320500543
1244024865667141635,positive,0.9966815539803696
1244024866254307329,negative,0.0008412458113087436
1244024868175298560,negative,0.0001415849027319837
1244024869618057217,negative,0.0002880102823470854
1244024870637391875,negative,9.180558412747787e-09
1244024872931655680,negative,0.21723121982045732
1244024875305533440,negative,0.0011949281065939817
1244024878816206849,negative,6.179575693783081e-06
1244024879416053760,negative,0.01694951431511503
1244024880728809473,negative,1.2541897247570966e-07
1244024882742034432,negative,8.414488127292312e-06
1244024883404779521,negative,0.0915530151568376
1244024883450916864,negative,0.017624578484114996
1244024885560705024,negative,9.143308757523008e-06
1244024885732691968,negative,0.03435222503405401
1244024885783003138,negative,0.2693074198228878
1244024885908779009,neutral,0.5086135964481541
1244024885917212672,negative,0.26861794251094057
1244024886139465729,negative,4.5465889525253345e-06
1244024887251030017,negative,0.0008412458113087436
1244024888144388096,neutral,0.39653613807167537
1244024888421220352,negative,5.192057048710267e-13
1244024889100681217,negative,0.018665277096224255
1244024891353030656,negative,2.1567290585279386e-05
1244024891365634049,negative,0.07878318288672495
1244024891696914432,negative,0.00038358290389550596
1244024972651024384,negative,0.001841448506313432
1244024973674663936,negative,0.011294597462051532
1244024974752591873,negative,0.0012299962013022224
1244024974899281922,negative,0.16538835032888588
1244024976409276416,negative,1.7241732597569505e-05
1244024977143353348,negative,0.07594586726722254
1244024977294348288,negative,0.0005579676366642458
1244024977688494082,negative,0.020956021079913265
1244024979093622784,neutral,0.5017543432377519
1244024981383720962,negative,0.034391851235357054
1244024982646198272,negative,2.3004544673756386e-05
1244024982784692225,negative,8.86186235922963e-06
1244024982793007104,negative,5.964183150460395e-12
1244024983430537216,negative,0.00038358290389550596
1244024984684695553,negative,1.0198136877222857e-06
1244024985292857344,negative,2.5394633006183986e-07
1244024986081214466,negative,0.17935100779631855
1244024987817840641,negative,0.11021811579487473
1244024989344583682,negative,0.00021044592977343033
1244024990879580162,negative,0.18638868644820655
1244024991039008768,negative,0.061247176978533754
1244024991257067520,negative,0.02151845603040086
1244024992079269891,negative,5.077241736647622e-10
1244024992381186048,negative,5.206262464620318e-07
1244024993492512768,positive,0.9121622895918317
1244024993614376961,negative,0.062460826604538854
1244024994239254528,negative,1.3305506906941183e-05
1244024994948145152,negative,4.5815099236301465e-08
1244024995069800448,negative,3.079457964475812e-05
1244024995749212160,negative,2.845900850902352e-05
1244024995958992897,negative,0.00016159213065823728
1244024996760092672,negative,0.2827211566748335
1244024997414404096,negative,1.0919495694785929e-06
1244024998924300290,negative,2.040909522686451e-05
1244024999964487680,negative,0.0006803378180852349
1244025000031649794,negative,2.2363328017552223e-05
1244025000174276609,negative,0.04959059259843666
1244025000442675200,negative,0.002549477107023364
1244025000677474306,negative,0.01055377146784777
1244025000744681472,negative,1.9835816093924608e-05
1244025001273110530,negative,0.0022762612205179935
1244025002049110016,negative,0.013769574176639585
1244025002321752064,negative,0.023684651105985978
1244025002980249602,negative,8.192652908152603e-05
1244025003231895552,negative,2.308420646805572e-09
1244025004435615745,negative,0.1078398608766827
1244025004888596481,negative,0.06534683182541763
1244025006352470017,negative,7.236479469786976e-12
1244025007619088384,negative,0.007741449966034049
1244025007619158016,negative,1.4263328809080052e-06
1244025008449630208,negative,6.483919352240678e-07
1244025008499748864,negative,0.26861794251094057
1244025009133273089,negative,0.023596722651140455
1244025009317859329,positive,0.7307126493129164
1244025009397473280,negative,7.124057189220581e-12
1244025012362915840,negative,8.141283806869454e-08
1244025013088522241,neutral,0.33411120456979954
1244025013184987137,negative,0.21544160593034045
1244025014078365699,neutral,0.5179427544272217
1244025015315677184,negative,0.0010496090601723662
1244025015626014724,negative,0.1078398608766827
1244025015718330368,negative,0.0018194776511158094
1244025016615948291,negative,7.920309166252249e-08
1244025016821387265,neutral,0.5086135964481541
1244025016859201536,negative,0.05842979595137789
1244025018151063552,negative,0.00020787258199851576
1244025018625019905,negative,4.714543781832708e-06
1244025018792792064,negative,7.00254874416704e-14
1244025019086274561,negative,6.219769886438436e-06
1244025020181028865,neutral,0.5017543432377519
1244025020906704897,negative,5.840302760355355e-07
1244025021019951106,negative,2.467645224446552e-09
1244025021296713728,negative,0.17228919260567402
1244025022093680644,positive,0.9972293158903188
1244025023792328707,neutral,0.46395137405296316
1244025023880462336,negative,0.00038358290389550596
1244025027533705216,negative,6.536618850540349e-05
1244025028041158657,negative,0.02645119268718034
1244025028129292290,negative,0.018665277096224255
1244025028460662785,negative,1.7829243901397485e-07
1244025028569694209,negative,2.9671610743394006e-13
1244025108903100416,negative,2.4065600818454133e-06
1244025109909835776,negative,0.31180136848710727
1244025110530535426,negative,0.056535427794743555
1244025111210065920,negative,0.13406745981451493
1244025112149491712,negative,8.223162564664025e-06
1244025112560615425,negative,0.0005578589051974297
1244025114477449216,negative,0.013769574176639585
1244025114766778371,negative,0.003493610079341654
1244025114771050499,negative,0.0018194776511158094
1244025114963988483,negative,0.013600740017684838
1244025115026784259,negative,0.26861794251094057
1244025115567849474,neutral,0.46395137405296316
1244025115748204545,negative,3.1183352580346154e-05
1244025116503101441,negative,2.308420646805572e-09
1244025116540973057,negative,0.25819052496382455
1244025117086224385,negative,0.00020864005454808253
1244025117404954624,negative,1.4766252024335585e-05
1244025118000627712,negative,0.056535427794743555
1244025118273273856,negative,0.005697181379449471
1244025119476940802,neutral,0.5017543432377519
1244025121716817922,positive,0.6880410424832291
1244025121725087744,negative,2.308420646805572e-09
1244025121779712001,negative,0.010117586097570692
1244025122362658820,negative,1.6938689629753554e-07
1244025122375303168,negative,2.308420646805572e-09
1244025123893645314,negative,4.307610567455111e-05
1244025124506021888,negative,0.056718771845520204
1244025124866732033,negative,3.5303836157561387e-07
1244025125348966400,negative,3.830550875495069e-05
1244025125894344705,negative,0.00013705393864689393
1244025127169392640,negative,7.92308804977839e-07
1244025127832092673,negative,0.018665277096224255
1244025128180240385,negative,0.12174294980978893
1244025128188592129,negative,2.768835405941042e-06
1244025129534971904,neutral,0.6586321782900337
1244025130109583361,neutral,0.5017543432377519
1244025131099475969,negative,0.0006898950247292297
1244025132668067841,negative,0.0008219173640866968
1244025134635155456,negative,0.010054731947740835
1244025134668812288,negative,0.0008412458113087436
1244025134974984196,negative,0.005654553927314783
1244025136262586368,negative,0.019939883661599732
1244025137789374465,negative,0.00038358290389550596
1244025138020069380,negative,3.209737370660123e-06
1244025139014127616,negative,0.26861794251094057
1244025139546726401,negative,3.473217747563049e-15
1244025139840323585,negative,3.386302579301886e-05
1244025140989607939,neutral,0.6317006039374815
1244025141190942722,negative,1.8213922757751688e-06
1244025143984369664,neutral,0.346457908623838
1244025146886799360,negative,0.047064409583213875
1244025147947876352,negative,0.056535427794743555
1244025149608861696,negative,0.023166225343437218
1244025150330281985,negative,0.0007961245325221961
1244025151492145153,negative,0.09806610283588743
1244025151869669380,negative,0.0002546519696792623
1244025152289091585,negative,0.04880136801565668
1244025152809193473,negative,0.033499246359566866
1244025153979330560,negative,0.10184664936812216
1244025154834968576,negative,5.286474934665928e-07
1244025155325693954,negative,0.1837470751223466
1244025158353944577,negative,0.0001006396670854671
1244025158710562816,negative,5.113168794198792e-07
1244025159654260740,negative,0.050084788843094724
1244025160228888576,negative,4.2173751529944596e-11
1244025160505667584,neutral,0.561679434234297
1244025160946114561,negative,1.464588963697604e-05
1244025161755627520,negative,0.15967384295413728
1244025162372186114,negative,7.953721918530231e-13
1244025164188221441,negative,0.26861794251094057
1244025164230254592,negative,0.0023054133191376352
1244025164670648321,negative,0.0002866058971263848
1244025165320724480,negative,0.018665277096224255
1244025166356717568,negative,8.053742250181891e-05
1244025166981746689,negative,5.411843606695755e-07
1244025167317262336,negative,3.9772641084120805e-05
1244025167401168898,negative,1.029315425015071e-05
1244025167531184129,negative,8.036961116367813e-05
1244025167677992960,negative,1.8990477581200601e-06
1244025167988297731,negative,0.0020624910018968655
1244025168520978432,negative,0.00038358290389550596
1244025242198200322,negative,0.13947754365597279
1244025242386944000,positive,0.942311435492747
1244025244458893312,negative,0.04750636814213002
1244025244924416000,negative,0.0489913216995151
1244025245788446720,negative,0.26861794251094057
1244025246321180673,negative,0.056535427794743555
1244025246451195905,neutral,0.49789225920557484
1244025248535711746,negative,7.2676361675091906e-06
1244025249093627905,negative,0.048763304825719424
1244025250930741249,negative,0.00036710729565502784
1244025252851716097,negative,8.053742250181891e-05
1244025254508363779,negative,4.30560850725105e-05
1244025254604914689,negative,1.6983699438070203e-10
1244025254831423488,negative,0.24006346295848516
1244025255280214018,negative,0.09806610283588743
1244025255745785856,negative,0.05321188780379662
1244025256085348352,negative,2.6464162617265763e-05
1244025256249110529,negative,0.0032053489813467476
1244025256836239360,negative,4.917158559704582e-08
1244025257368969216,negative,1.0279323787287845e-09
1244025258727870464,negative,0.056535427794743555
1244025260921536515,negative,1.7908378192877522e-07
1244025261995196418,negative,0.1467583084316125
1244025262058201088,negative,3.928599840317316e-08
1244025263886868480,negative,4.0921466742493904e-08
1244025264289570821,negative,0.0032307108080156617
1244025265237483521,negative,2.308420646805572e-09
1244025265250066433,negative,1.0919495694785929e-06
1244025265526902787,negative,0.02179168971170476
1244025266340585474,negative,0.034391851235357054
1244025267422724096,negative,0.26670486438251473
1244025267745685506,negative,0.00010288831243697588
1244025269310062592,negative,0.0010496090601723662
1244025270065147906,negative,4.808625393238899e-08
1244025270350340096,negative,0.3153052732741093
1244025271382159363,negative,0.08109288783650175
1244025272669741058,negative,0.07651380211570842
1244025274318180352,negative,6.850305563406862e-05
1244025275014434816,neutral,0.4894886660404289
1244025276868198400,negative,0.08371420870354038
1244025277124087808,negative,8.053742250181891e-05
1244025277296017409,negative,9.180558412747787e-09
1244025278202028037,negative,1.7829243901397485e-07
1244025280395698177,negative,1.2449517037538184e-05
1244025280877993985,negative,0.01873496398978324
1244025281054224384,positive,0.6880410424832291
1244025283252039680,neutral,0.5295681979471095
1244025283595902976,negative,6.735307877660879e-08
1244025283667206144,negative,0.0032621020630060307
1244025283700760578,negative,0.26861794251094057
1244025287781777409,positive,0.9972293158903188
1244025288977244160,negative,1.922359131372756e-05
1244025292169138177,negative,4.420852602139567e-05
1244025293553139712,negative,0.0007858220612794859
1244025293876191239,neutral,0.5949449815896342
1244025294413082624,neutral,0.43446628434215023
1244025295876902912,negative,0.019318805519659085
1244025296678006784,negative,1.0919495694785929e-06
1244025297181212673,negative,0.0008219173640866968
1244025297541967872,negative,3.9772641084120805e-05
1244025298007588864,neutral,0.49789225920557484
1244025298397597699,negative,0.0003971951540321336
1244025298536062976,negative,0.01694951431511503
1244025299584630784,negative,0.029569766646271027
1244025299895009280,negative,0.005654553927314783
1244025301853786112,negative,0.019318805519659085
1244025302105427968,negative,0.002592944550631483
1244025302235394050,negative,1.3695646838109363e-08
1244025302315040768,negative,0.0015737200626532333
1244025302805876737,negative,3.098743101558004e-05
1244025303577571328,negative,7.2676361675091906e-06
1244025304533872642,negative,3.8602757731046196e-05
1244025304865280000,negative,4.1364489488639263e-05
1244025379620188161,negative,0.0004914262714729093
1244025380954091520,negative,0.0067563892134443505
1244025381591699458,negative,9.566206262318093e-05
1244025381977575425,negative,0.0004521099817739212
1244025382573166592,negative,0.26861794251094057
1244025383151943680,negative,0.26861794251094057
1244025384657551360,negative,0.0022851148430129524
1244025385160933377,negative,0.0004664823859071814
1244025386180251649,negative,0.12174294980978893
1244025386704478209,negative,0.012552781320500543
1244025386964586496,negative,7.2676361675091906e-06
1244025387354673154,negative,2.2363328017552223e-05
1244025387702681601,negative,3.8769872608690046e-05
1244025388210294784,negative,0.02534127909468162
1244025388252246019,negative,0.000880040290534267
1244025388352909312,negative,3.5542127179810125e-06
1244025389506351104,negative,0.00043854879224165523
1244025389732835330,neutral,0.5295681979471095
1244025390542323712,negative,0.000925840332928823
1244025390940766208,neutral,0.5017543432377519
1244025391020457984,negative,0.0003393338650264744
1244025391250952192,negative,6.047531731572806e-07
1244025391959982080,negative,4.745531322320067e-06
1244025392618487810,negative,8.86186235922963e-06
1244025392907849728,negative,0.0002384980103895823
1244025393180487683,negative,5.758739110816263e-16
1244025393801281537,negative,0.025802223692485655
1244025395118329860,negative,2.780514838810388e-07
1244025396707889153,negative,2.1373303804145496e-07
1244025398666690561,negative,3.689113635328364e-05
1244025398754709505,negative,0.0003082564993309924
1244025398817587201,negative,0.0017955359396761344
1244025399195185152,negative,0.26861794251094057
1244025399878619136,negative,0.06575287905579752
1244025400059031553,negative,0.0007703362273389502
1244025401883734016,negative,0.05957328716292065
1244025404698099712,negative,3.821394002430815e-05
1244025405075533824,negative,3.0780480721583507e-07
1244025408745603073,negative,0.008730913498061254
1244025408862986240,negative,0.0019738902670797653
1244025409173413889,negative,0.0003098234547278387
1244025414256861185,negative,0.003963594537773175
1244025415406059521,negative,0.00011973011998964888
1244025417151008771,negative,0.0020624910018968655
1244025418220519425,neutral,0.4050715712744231
1244025418669309953,negative,0.00027726044805634483
1244025419847925761,negative,0.25819052496382455
1244025420577734656,negative,0.0047801939260809475
1244025422238580737,negative,9.844168906584842e-07
1244025422859427841,negative,6.688846338391454e-11
1244025423157026816,negative,4.745531322320067e-06
1244025424742678529,negative,8.656896276400908e-10
1244025429624750080,negative,0.00013962417376379847
1244025432015540225,negative,8.103027186765207e-06
1244025432195977217,negative,0.005832690167761897
1244025432959221761,negative,0.26861794251094057
1244025433278033920,negative,2.1573698777011487e-09
1244025433454190592,negative,0.001519778735069538
1244025434011865088,negative,2.958429140727252e-09
1244025435085778946,negative,0.001192258995322643
1244025435299680257,negative,0.009857647294918162
1244025435945566209,negative,0.056119732116657994
1244025436104986626,negative,0.03646391227484096
1244025437057056768,negative,0.008315964620379007
1244025437178781697,negative,0.23401236104629689
1244025438491508736,negative,3.343051272137522e-13
1244025439200280576,negative,0.0010496090601723662
1244025440144154624,negative,0.12174294980978893
1244025443487035393,negative,0.0001460312517786704
1244025443503820801,negative,0.0031189509316178633
1244025443805790208,negative,8.174996239728552e-07
1244025444678107137,negative,0.06671555801735969
1244025519408119808,negative,0.00034604527519984865
1244025520603480064,neutral,0.6586321782900337
1244025520716754945,negative,2.2449304989194845e-10
1244025521706541057,negative,0.00324044665712054
1244025522046275584,negative,2.653090408989817e-06
1244025523044528128,negative,0.009857647294918162
1244025523283660801,negative,5.30777997043838e-05
1244025523652767745,negative,0.004083511177614895
1244025523954647040,negative,6.755990076747644e-08
1244025524210601985,negative,0.0005654149657766079
1244025524378382336,negative,2.937070010419642e-05
1244025525250727936,positive,0.8671052073818096
1244025526047686656,negative,0.0019464127673402842
1244025527125639168,negative,0.0007613078525879148
1244025527473770497,negative,0.0006486215168571534
1244025529436647424,negative,0.0035191307444983767
1244025530401329154,negative,0.1078398608766827
1244025530460057600,negative,0.26861794251094057
1244025531600785408,negative,4.745531322320067e-06
1244025532687298562,negative,0.25364710249427325
1244025532720779265,negative,7.2676361675091906e-06
1244025533094080515,negative,0.20838056213615064
1244025533131874304,negative,3.4157813102542666e-10
1244025533144403969,negative,0.16538835032888588
1244025534134263810,negative,0.1679413507801354
1244025534410944514,negative,0.0055780834585129
1244025534817984513,negative,1.6487646563088845e-10
1244025534859935744,negative,0.0004128042073071751
1244025535795265537,negative,5.358555729738996e-07
1244025535870562309,negative,1.5919401160959303e-12
1244025536705372160,negative,3.9888859223158354e-14
1244025536965476356,negative,5.201941444492621e-10
1244025537171001345,negative,0.020340702841426483
1244025538278297600,negative,0.03731763389932064
1244025539247124480,negative,8.196227390592009e-07
1244025539482050560,negative,0.004699239098883236
1244025539637252097,negative,0.0342856616716202
1244025539704258561,negative,0.26861794251094057
1244025541205938176,negative,0.00038358290389550596
1244025544259198977,negative,0.013675212082815653
1244025544263548928,negative,0.08402234880603807
1244025544850767874,negative,2.4065600818454133e-06
1244025545563742208,negative,1.5922278038397343e-09
1244025547312844800,negative,0.056535427794743555
1244025548726308866,negative,0.21723121982045732
1244025549267374080,negative,0.015052681391047488
1244025551477559302,negative,3.115173716697056e-05
1244025551603499009,negative,0.12635506679510086
1244025552568291329,negative,0.26861794251094057
1244025553214230530,negative,0.013208489472467748
1244025553717469184,negative,2.308420646805572e-09
1244025553784635392,negative,0.1632511045986771
1244025554132766720,negative,0.15726903164606826
1244025554220781568,negative,0.0005542857250244886
1244025555474878464,negative,7.2676361675091906e-06
1244025557572030466,negative,0.26861794251094057
1244025560122167297,negative,0.00036710729565502784
1244025563230228480,negative,2.308420646805572e-09
1244025569425137664,negative,0.26861794251094057
1244025569966206978,negative,0.0010435478584953964
1244025569974591488,negative,1.0761687921133805e-09
1244025571589402624,neutral,0.4334808246241936
1244025571836866560,positive,0.942311435492747
1244025573443284992,negative,0.00020911323967067033
1244025573518819329,negative,7.688038993206797e-05
1244025573921316865,negative,0.002454035983403579
1244025574382854146,negative,0.0023652793744340455
1244025574798041089,negative,0.034391851235357054
1244025575775383552,negative,7.883073636034118e-05
1244025576186396672,negative,1.1862052721607493e-07
1244025576224161792,positive,0.9556042639478814
1244025576337350658,negative,0.00023680862932545286
1244025577956347904,negative,0.0025241793907642184
1244025578581299201,negative,0.014559859026652643
1244025578736553984,negative,0.0005787474845099778
1244025579550228480,negative,2.308420646805572e-09
1244025580460355584,negative,5.8018941146624085e-06
1244025581714452481,negative,4.8478754296989716e-05
1244025581957779457,negative,0.12174294980978893
1244025582054244353,negative,0.12375939134151974
1244025582867841024,negative,0.0014169718013787803
1244025583094431744,negative,0.056949119628581304
1244025584109236231,negative,0.07651380211570842
1244025653038592000,neutral,0.46395137405296316
1244025653428654080,negative,0.0010286217556267994
1244025653613268993,negative,0.004111967738612318
1244025654598873088,negative,1.7694262930565456e-05
1244025655710359552,negative,0.3158493680040829
1244025656066732032,negative,8.593564291099306e-05
1244025656956067842,negative,0.02971155978443547
1244025657518100481,negative,0.056535427794743555
1244025658562445312,negative,2.4320491562959826e-10
1244025660030373889,negative,0.07651380211570842
1244025661028696064,negative,0.00015785652320011737
1244025661854973952,negative,3.771709294582136e-07
1244025664463757313,negative,0.07651380211570842
1244025664711405569,negative,0.009145528834466052
1244025665571209216,positive,0.9388438609633798
1244025665894129665,negative,0.013445439167720777
1244025666015813632,negative,1.2836351165600271e-05
1244025666875674627,negative,0.12174294980978893
1244025669404839937,negative,0.0010496090601723662
1244025671397126144,negative,0.10385464509205486
1244025672420425728,negative,0.023065663048780594
1244025672521089025,negative,0.004992161549316448
1244025673615921152,negative,0.26670486438251473
1244025674475507712,negative,6.0747766545271715e-05
1244025674836344833,negative,0.28459715970724236
1244025676283478017,neutral,0.46395137405296316
1244025676354723841,negative,1.88362413586341e-11
1244025677353037825,negative,0.26861794251094057
1244025679844454401,negative,0.0007698929348117913
1244025679957700609,negative,0.019318805519659085
1244025679978606592,negative,9.036319479001315e-06
1244025680620212224,negative,0.13763923746611909
1244025682226708480,negative,2.737477632622444e-13
1244025682302296064,negative,3.8957728661650254e-08
1244025684856647680,neutral,0.3642275143019211
1244025685393408002,neutral,0.49789225920557484
1244025687750709250,negative,0.0002647403890469458
1244025689457688576,negative,6.325404721985483e-05
1244025689617190912,negative,3.20077367297898e-05
1244025690170818560,negative,3.1956891938162834e-06
1244025691303292930,negative,2.01212890810886e-06
1244025691722711040,negative,0.26861794251094057
1244025691903049729,negative,0.0022729389885385834
1244025693362696192,negative,6.0747766545271715e-05
1244025696588107776,negative,0.26861794251094057
1244025696764207105,negative,2.913245235713518e-06
1244025697099800579,negative,0.002092507116677421
1244025697410191360,negative,0.00128553894182959
1244025697561174018,negative,0.3284088517612255
1244025698043465729,negative,2.221045679022983e-06
1244025698580193281,negative,1.4259331964280717e-06
1244025698588778496,negative,0.00016978538839100075
1244025700165857282,negative,0.116382011368917
1244025702300545029,negative,0.0008412458113087436
1244025703357722629,negative,2.0793012801065457e-05
1244025704582467584,negative,0.013208489472467748
1244025704594849792,negative,0.049658416793324646
1244025705152876544,negative,0.0003108984252100041
1244025705597407234,negative,0.01160732758522944
1244025706075557888,negative,1.475542688960837e-13
1244025707430322179,negative,6.850305563406862e-05
1244025707908521985,negative,1.4259331964280717e-06
1244025708843843584,positive,0.9952702946177032
1244025708965486594,negative,8.053742250181891e-05
1244025709917585410,negative,0.0001101393901494224
1244025711020703745,negative,0.0033079118806405494
1244025712123797506,neutral,0.34718039343246543
1244025712518082561,negative,4.740524855827918e-07
1244025713025519616,negative,0.03721538380680601
1244025713440808961,negative,1.4121966833624804e-05
1244025715395362816,neutral,0.5086135964481541
1244025716066398208,negative,0.0004797734105833788
1244025716133552133,negative,0.15219240560089067
1244025716167127040,negative,0.04134628372020263
1244025716569780227,negative,0.3111965230030913
1244025716934676480,negative,0.013769574176639585
1244025716989198336,negative,0.008315964620379007
1244025717718990848,negative,0.0010157287650474798
1244025794520854528,negative,0.26861794251094057
1244025796278321152,negative,0.002398612365439477
1244025798132207619,negative,2.3403886097477724e-05
1244025798476079105,negative,0.004306342401915386
1244025799138775040,negative,0.0003719503032702859
1244025800027975682,negative,0.26861794251094057
1244025801810550788,negative,0.005893458053542269
1244025801902784513,negative,0.003974369102008738
1244025802683023362,negative,0.26861794251094057
1244025803186278400,negative,1.1643011931424519e-14
1244025803525980160,negative,1.3305506906941183e-05
1244025803953721346,negative,0.0014840593579211617
1244025804440383490,negative,0.02431595778201671
1244025804453019648,negative,0.00021246022790287624
1244025805233143809,positive,0.8449337798774323
1244025807753875457,negative,0.00010750420408217566
1244025809054154754,negative,3.9772641084120805e-05
1244025810719133697,negative,0.0007858220612794859
1244025810891280385,negative,0.13406745981451493
1244025811348398081,negative,0.0006020728696136109
1244025811843387393,negative,0.006651458966378349
1244025812116033536,neutral,0.45582737904871945
1244025814326185984,negative,4.3365602108556795e-05
1244025814951301120,negative,4.440851320605559e-05
1244025815228170243,negative,0.26861794251094057
1244025816431853570,negative,0.00021032997727915277
1244025819841933312,negative,0.12174294980978893
1244025820630388736,negative,0.0061403925896128635
1244025820894691329,negative,0.017265058494206332
1244025821263802368,negative,0.00431957293292679
1244025821704093696,negative,0.0022020255215301973
1244025822232612864,negative,2.109420022598228e-09
1244025823314747393,negative,0.06178097738833835
1244025823939698690,negative,5.953415634953701e-06
1244025824107520003,negative,0.002549477107023364
1244025825579630592,negative,1.4631421068085595e-05
1244025828603760641,negative,0.26861794251094057
1244025830130450433,negative,3.74814002776127e-06
1244025830310703104,negative,0.1828675575070854
1244025831384584192,negative,0.09354048038238474
1244025835453104128,negative,2.1633671970290117e-10
1244025835704762368,negative,2.661588084821329e-05
1244025837122396161,negative,0.017190977428898017
1244025838603034624,negative,8.400699490940702e-07
1244025839534190593,negative,0.12923611098210644
1244025839664185344,neutral,0.46395137405296316
1244025840133902337,negative,1.3305506906941183e-05
1244025840276402177,negative,1.5315313241647138e-06
1244025843367792641,negative,2.308420646805572e-09
1244025843711717376,negative,3.1320970169667323e-07
1244025845813063680,negative,0.010310247255889506
1244025846022557702,neutral,0.3909190991716583
1244025846031175681,negative,0.029902006777659234
1244025846844792832,negative,0.07058391228854496
1244025847398400000,negative,0.0017955359396761344
1244025847515938817,negative,2.153402386045732e-08
1244025849579479043,negative,1.3305506906941183e-05
1244025851399856128,negative,9.32466680952651e-05
1244025851437555712,negative,2.4494071923110635e-05
1244025852192571393,negative,0.000527204548584305
1244025854331695104,negative,1.0919495694785929e-06
1244025854444949504,negative,3.6738827029203825e-07
1244025854700728320,negative,0.10148865600107375
1244025855640289280,negative,0.00116588611410461
1244025855686385665,negative,0.12174294980978893
1244025855958974467,negative,0.049658416793324646
1244025856227500032,negative,6.398694563558539e-05
1244025857326358530,negative,0.008629259262275773
1244025857997451265,negative,0.056535427794743555
1244025858093957120,negative,0.004677962484285558
1244025932765110272,negative,0.08071648445524972
1244025932949663746,negative,0.008277608786277925
1244025934702956544,negative,0.0005693219279341907
1244025934845542400,negative,0.2619305123161973
1244025936846008322,negative,5.5452002385212745e-05
1244025937164976130,neutral,0.5017543432377519
1244025939476045824,negative,0.00681915079735077
1244025940960776192,negative,0.0037462209809053493
1244025941422202882,negative,0.11077577897455569
1244025942856667138,negative,1.0919495694785929e-06
1244025943590658048,neutral,0.46395137405296316
1244025944026820608,negative,0.000880040290534267
1244025947004772352,negative,0.00011261821806384846
1244025948778962944,negative,0.0005384638116813478
1244025949341077505,positive,0.6880410424832291
1244025950414798848,negative,0.000406088730029849
1244025951002021889,negative,1.5138577455584031e-05
1244025952566378496,negative,2.1755525836076957e-07
1244025952746844161,negative,8.400699490940702e-07
1244025953132711936,negative,1.873154514582673e-05
1244025954671792128,negative,2.181693560217719e-06
1244025955653488641,negative,6.035954148089699e-06
1244025955838038017,negative,1.2749070800755459e-08
1244025956534231040,negative,0.14847906855404688
1244025959285690368,negative,0.21544160593034045
1244025959529033729,negative,0.00018038683574077456
1244025960325734401,negative,0.07651380211570842
1244025962456649731,negative,0.19796966331071356
1244025962469212160,negative,0.015503478197998926
1244025963450679298,negative,0.011294597462051532
1244025964889243648,negative,0.0033408206308112296
1244025964914520064,negative,0.002549477107023364
1244025965270925312,negative,2.208128451729737e-10
1244025968777400321,negative,2.2966304548194387e-07
1244025971151380481,negative,3.689113635328364e-05
1244025972082573312,negative,0.25819052496382455
1244025973324099586,neutral,0.5179427544272217
1244025973449916416,negative,0.0010496090601723662
1244025973844180992,negative,3.2717680687018017e-09
1244025974439718913,negative,2.2363328017552223e-05
1244025974452338689,negative,0.00034604527519984865
1244025974859186176,negative,1.1125151068502621e-05
1244025975383511040,neutral,0.5295681979471095
1244025976515899392,negative,0.001267961914822332
1244025976595546114,negative,0.007322954997766301
1244025977052762112,negative,0.001026001330545013
1244025978722095104,positive,0.7122661468012299
1244025979787522049,negative,0.09307748089369267
1244025980106260480,negative,5.386925524344736e-08
1244025980219514880,negative,4.614405376579564e-06
1244025980886421504,negative,0.00807681184881615
1244025982136324096,negative,0.26861794251094057
1244025982828392448,positive,0.6729535065915068
1244025984896110593,neutral,0.4005704488393178
1244025987580510208,negative,4.55465878182651e-06
1244025987794440195,negative,4.93841521744919e-10
1244025988259950592,negative,0.22662830487402397
1244025989526622208,positive,0.782429480926014
1244025990390730753,negative,1.0449777563286849e-05
1244025990403305472,negative,0.0014809938710416393
1244025990688452610,negative,0.10273265153506558
1244025991779024897,negative,0.3186770946126338
1244025992181620737,negative,0.12174294980978893
1244025993033121792,negative,3.7748297192514023e-07
1244025994060718081,negative,0.0003644757561379952
1244025994526232576,negative,0.0022729389885385834
1244025995029614592,neutral,0.448262459357483
1244026071353372672,negative,1.8579270960048795e-09
1244026071797948417,negative,0.011991032630251065
1244026072112549889,negative,0.011294597462051532
1244026073291112449,negative,0.0017254449919668986
1244026077258932226,negative,7.883073636034118e-05
1244026080060678144,negative,8.613200983459216e-08
1244026081172238339,positive,0.6733578832106986
1244026081427853312,negative,0.0003398988148656924
1244026083692904448,negative,0.11058963136529044
1244026085819518978,negative,0.26861794251094057
1244026087623008256,negative,0.07651380211570842
1244026089414033408,negative,1.1948565532653225e-06
1244026089732804608,neutral,0.42695075000513394
1244026090349301761,negative,8.053742250181891e-05
1244026090970140672,negative,0.004532643854681361
1244026091481829376,negative,0.06455010413125352
1244026092073234433,negative,0.002163395376946577
1244026093188808704,neutral,0.3611585540211788
1244026093411188738,negative,0.26861794251094057
1244026094031974400,negative,0.0009825138148074977
1244026094786940930,negative,0.00034604527519984865
1244026095021764610,negative,0.20094856642081357
1244026095176998914,negative,8.67435918921571e-07
1244026096175263744,negative,5.411843606695755e-07
1244026096871407616,negative,0.26861794251094057
1244026097689378816,negative,6.108894615361121e-07
1244026097819361280,negative,0.004259351430809851
1244026098062680064,negative,0.002398612365439477
1244026099060932608,negative,0.013769574176639585
1244026099207675905,negative,0.00026728114546472205
1244026099526492160,negative,2.0712345785992011e-07
1244026099597807616,negative,0.0014707251861243128
1244026100772110336,negative,0.05380355153773351
1244026101946605568,negative,0.06924620281237628
1244026102789681152,negative,0.011383571810068287
1244026103972483073,negative,0.001057142697891322
1244026104509157377,neutral,0.5017543432377519
1244026104513470465,neutral,0.3945580078809906
1244026104614195201,positive,0.6673020949547926
1244026108707823616,negative,0.07274424700123562
1244026109139836930,negative,0.0007518416486986742
1244026109726986242,negative,0.0029110072890234633
1244026109823455234,negative,0.11046628588765588
1244026110796537857,negative,0.0005619721704406576
1244026110859530240,positive,0.8736270565069549
1244026111102607361,positive,0.9595166374612552
1244026112126128128,negative,0.001026001330545013
1244026112180727808,negative,9.947788690336273e-08
1244026112419811329,negative,0.006895673982273858
1244026112537223171,negative,0.056535427794743555
1244026112868483072,negative,0.0006201489768418913
1244026118442803201,negative,1.1125151068502621e-05
1244026119675928579,negative,0.0029599873806060214
1244026120279920640,negative,0.00034335142731177075
1244026120279928833,negative,4.4571674298688485e-07
1244026120858734592,negative,9.668034295284516e-08
1244026121332633600,negative,6.723281842819983e-06
1244026122456707072,negative,8.593564291099306e-05
1244026124520378368,negative,0.027079584733180447
1244026124923011072,negative,0.011803343251657963
1244026125174673408,negative,0.0005693219279341907
1244026125799563266,negative,1.898977354886466e-05
1244026126726361093,negative,0.002749260162305774
1244026129268330496,negative,2.3053930553581424e-05
1244026129436065793,negative,0.16458198117746822
1244026130350444544,negative,0.015887996908581024
1244026132476854274,negative,0.04880136801565668
1244026132673867776,negative,0.07651380211570842
1244026133882064896,negative,0.006714924649873709
1244026134267924481,negative,0.07651380211570842
1244026134657937409,negative,2.217406688861807e-05
1244026134888579072,neutral,0.46395137405296316
1244026136474136576,negative,0.0022729389885385834
1244026136658673666,negative,0.0012235909593207722
1244026137073909760,negative,9.94803382723116e-05
1244026137342345219,negative,1.5618651584920337e-06
1244026212189683712,negative,0.00013471102067369456
1244026213489946624,negative,0.00017026186070477351
1244026215222124544,negative,0.0010496090601723662
1244026218183352321,negative,5.970346920361685e-05
1244026218762174465,negative,3.075609595200593e-05
1244026219739348993,negative,0.00027995629889045176
1244026221043879938,negative,1.124254766273064e-05
1244026221220028416,negative,7.2676361675091906e-06
1244026221970759680,negative,0.050084788843094724
1244026222373462019,negative,1.0919495694785929e-06
1244026223166197760,negative,0.00015480447873297858
1244026223212277761,negative,6.591445331857324e-05
1244026224466329601,negative,2.7165399302032866e-06
1244026225229733888,negative,3.555284467274479e-08
1244026225330446338,negative,3.830550875495069e-05
1244026226710384642,negative,0.2304074115034608
1244026228123844609,negative,0.01041508857083876
1244026228736167937,negative,0.06434388957368667
1244026229013057537,negative,0.3174928833967917
1244026229256343554,negative,0.1561419094401718
1244026230128640001,negative,0.0007413870711919349
1244026230862688256,neutral,0.49789225920557484
1244026231487713280,negative,0.00031878598056881514
1244026232804704256,negative,6.219769886438436e-06
1244026233492365312,negative,2.607572105867177e-05
1244026233769336833,negative,1.0919495694785929e-06
1244026235833004032,negative,0.1078398608766827
1244026236998991873,negative,0.0001415849027319837
1244026237762392067,negative,1.3705433378749882e-09
1244026240316604416,negative,0.26861794251094057
1244026240572555266,negative,0.00020381390310765244
1244026241029734400,neutral,0.49789225920557484
1244026241436573699,negative,0.017074092808820746
1244026241679863810,negative,5.3832112541915764e-05
1244026243122683905,negative,4.4571674298688485e-07
1244026245215551488,negative,0.23053928571447213
1244026246650093570,negative,0.027682355108066617
1244026247639961601,negative,8.955911600647406e-07
1244026253633622017,negative,1.1754288624165547e-05
1244026254061383681,negative,0.00019475479144425768
1244026254212370432,negative,4.482953712660867e-07
1244026254493442049,negative,0.0009418957074530997
1244026254619271168,negative,8.707323721251468e-11
1244026255038611457,negative,0.26861794251094057
1244026256376676355,negative,0.0006803378180852349
1244026257232343042,positive,0.9952702946177032
1244026260130533378,negative,0.03167782727071341
1244026260164132864,negative,1.3087429499674963e-05
1244026260390580224,negative,1.0919495694785929e-06
1244026260550029312,negative,0.00018029434248671545
1244026262529740800,negative,1.111456572633874e-06
1244026263406358528,negative,4.041445217682526e-05
1244026267155996672,negative,0.012783299831493995
1244026268393275393,negative,2.308420646805572e-09
1244026269102149633,positive,0.9227047275007312
1244026269890723840,negative,0.2286273246418631
1244026270100393985,negative,0.00015029673095987389
1244026270603673601,negative,0.27292421987320603
1244026272356937730,negative,8.613200983459216e-08
1244026273497780225,negative,1.5826672700532116e-05
1244026344104747010,negative,0.0011949281065939817
1244026345824366592,negative,0.013940739358691648
1244026345971212289,negative,3.7647540586799463e-06
1244026346625523713,negative,0.00045833565445692185
1244026347866947585,neutral,0.4334808246241936
1244026350060666880,negative,8.613200983459216e-08
1244026350203293696,negative,0.0010496090601723662
1244026352342315008,negative,8.941149462615685e-05
1244026353655185410,negative,0.00010407191181049973
1244026354296815616,negative,1.8213922757751688e-06
1244026354863165440,negative,0.26861794251094057
1244026356264062978,negative,2.3607131393214713e-08
1244026356867964929,negative,0.00018512216824872566
1244026357291651072,negative,2.3699353073471387e-05
1244026358159872000,negative,0.052710602855816635
1244026358923235331,negative,0.056535427794743555
1244026363411038208,negative,1.4259331964280717e-06
1244026364115771394,negative,0.012469528604291067
1244026365755764736,negative,0.00034604527519984865
1244026365969661952,negative,0.26861794251094057
1244026366384889857,negative,0.15949680166505192
1244026367144058880,negative,0.15447114239494572
1244026367592804352,negative,0.0727378353006855
1244026367643090945,negative,0.056535427794743555
1244026369744519169,negative,1.6137521343318748e-07
1244026370205847554,negative,0.00011892975884509525
1244026370856017922,negative,0.010054731947740835
1244026371552227329,negative,1.3574758848570953e-05
1244026372009459712,negative,0.0007021716720584312
1244026374333042690,negative,0.05514505122181778
1244026374358216705,negative,1.3305506906941183e-05
1244026377730473985,negative,0.027682355108066617
1244026378036678656,negative,5.033417978531815e-14
1244026378548199424,negative,0.00011616505219562313
1244026378665840640,negative,0.023165966625821748
1244026379282325504,negative,0.06015278951349491
1244026380028968960,negative,0.12249597575537353
1244026381102657537,negative,0.26861794251094057
1244026381136269312,negative,8.420553296232431e-11
1244026383640207361,negative,0.01872221493532139
1244026384013549568,negative,0.0257707566030682
1244026384374251520,negative,1.2767449492539086e-05
1244026384827154433,positive,0.7938212988814005
1244026384852365312,neutral,0.3771543591091388
1244026385980588032,negative,0.12174294980978893
1244026388136570880,negative,0.00038358290389550596
1244026388962828288,negative,0.010054731947740835
1244026391198339072,negative,4.908295890424769e-06
1244026391894659072,negative,0.005472251933153424
1244026391924019202,negative,0.00022851136995803576
1244026392012079104,negative,0.00011261821806384846
1244026393807257600,negative,0.07738063053436034
1244026395531059200,negative,2.5356017401293737e-07
1244026396399280128,negative,0.012525335011476131
1244026396961275904,negative,0.26861794251094057
1244026397963714560,negative,0.009266830995288283
1244026400446779394,negative,0.00032972935649075636
1244026400702676994,negative,8.86186235922963e-06
1244026401327583233,negative,2.394046083110775e-07
1244026401809989633,negative,6.179575693783081e-06
1244026403051450368,negative,5.3849185426722704e-21
1244026403995226112,negative,4.6652921728914835e-09
1244026405488406528,negative,0.0003020707687698873
1244026406054645762,negative,0.0007698929348117913
1244026407769931776,negative,0.056535427794743555
1244026482202161152,negative,0.07651530680470171
1244026482772541442,negative,2.4943422679714927e-05
1244026483074449408,negative,0.005551450355894418
1244026483682795520,negative,0.03721538380680601
1244026483875725314,negative,4.4143088004805977e-07
1244026484127412224,negative,0.03721538380680601
1244026484412551168,negative,0.052710602855816635
1244026484605452289,neutral,0.46395137405296316
1244026485217857540,negative,0.20592074567920307
1244026485268242432,negative,0.26861794251094057
1244026485847076864,negative,0.26861794251094057
1244026488367742976,negative,0.009073030960921411
1244026488653037569,negative,8.194256611345134e-07
1244026489609367552,negative,0.000661512933771136
1244026490125197313,neutral,0.4211765053627621
1244026490393526272,negative,0.000242687678680174
1244026490666319876,negative,0.015266640294483094
1244026491190509568,negative,8.053742250181891e-05
1244026491433676801,negative,5.246289653400485e-05
1244026491895152640,negative,5.888362649152857e-09
1244026492314624000,negative,0.0043594855091153364
1244026492465614848,negative,0.014629640251789968
1244026493468127232,negative,0.00036710729565502784
1244026493619122177,negative,0.0005619721704406576
1244026493765931009,negative,0.17973944373626727
1244026494214692864,neutral,0.46395137405296316
1244026494394994688,negative,0.3153052732741093
1244026495170949120,negative,0.000880040290534267
1244026495821111296,negative,2.5609180892897465e-05
1244026496588578816,negative,1.30033394244292e-06
1244026497461092354,negative,6.0747766545271715e-05
1244026498593558528,negative,0.027070169232817083
1244026498631286785,negative,0.26861794251094057
1244026499017125888,negative,0.00026790336438510195
1244026499520507905,negative,0.10759448841715881
1244026499818233857,neutral,0.46395137405296316
1244026500275470336,negative,1.2936730342763496e-05
1244026500355162112,negative,5.30777997043838e-05
1244026501294686210,negative,0.005444521045980539
1244026501537939456,negative,5.9403980929912806e-08
1244026501999321089,negative,0.05836931308298045
1244026502942990336,negative,0.26861794251094057
1244026506675920899,negative,0.0043411537774343265
1244026507611250688,negative,0.00017368179949641644
1244026508181733376,negative,0.26861794251094057
1244026510018740225,negative,0.003203887017689205
1244026512887754752,negative,0.00681915079735077
1244026514309603328,negative,0.00039762238049336954
1244026514607308801,negative,0.052710602855816635
1244026514930380801,negative,0.0006745872275157961
1244026518923284482,positive,0.9073874369904406
1244026518944264193,negative,3.830550875495069e-05
1244026519225327617,negative,4.7086289031753155e-07
1244026520194232320,negative,5.178382050869639e-06
1244026520470986752,negative,9.949113794919232e-06
1244026521779486722,negative,0.052710602855816635
1244026522928926720,negative,0.0007647839126399291
1244026523067260928,negative,3.830550875495069e-05
1244026524132683776,negative,0.06886550344101877
1244026524514353154,negative,1.7229048501259636e-05
1244026525118353409,negative,0.01694951431511503
1244026525814599681,neutral,0.46395137405296316
1244026526162714624,negative,0.052710602855816635
1244026527559401474,negative,0.12174294980978893
1244026527592992769,negative,0.0020624910018968655
1244026529144877056,negative,1.21778676269644e-05
1244026530365308929,negative,0.056535427794743555
1244026530721906690,positive,0.942311435492747
1244026530826727424,negative,0.18638868644820655
1244026532861038592,negative,9.737528277927697e-08
1244026535675334658,negative,8.86186235922963e-06
1244026536337915907,negative,4.253309774820614e-05
1244026537051074560,negative,4.508026230784481e-14
1244026537504104448,neutral,0.49789225920557484
1244026539236306944,negative,2.8722212458496583e-05
1244026539399942147,negative,0.00010407191181049973
1244026540280733698,negative,2.2499642997471357e-10
1244026541140512770,negative,0.0015637958119508466
1244026544768638976,negative,0.00511353716021082
1244028350378713089,positive,0.7109711658701094
1244028352245174272,negative,0.00532051313014511
1244028353230835716,negative,0.0027654743916179273
1244028355885895681,negative,1.3305506906941183e-05
1244028356095406086,negative,0.286400147579088
1244028356829548544,negative,0.034391851235357054
1244028357248942081,negative,8.053742250181891e-05
1244028358410801152,negative,0.0006369417877838174
1244028359127990272,negative,1.6191099384135412e-11
1244028363884412928,negative,5.5340941082411015e-06
1244028364354129920,negative,0.062176730755079054
1244028367202123776,positive,0.7106049008846607
1244028367478849536,positive,0.8190445627186296
1244028367621545984,negative,0.052710602855816635
1244028368921731075,negative,0.26861794251094057
1244028369035055107,negative,0.14259557731216022
1244028370683342848,negative,0.26861794251094057
1244028372612759553,negative,8.110246544574075e-06
1244028373028012034,negative,0.10918923276828713
1244028373812359169,negative,0.01784191494058843
1244028373824942080,negative,8.448118647528727e-07
1244028374256885762,negative,5.676701356935222e-08
1244028375737536512,neutral,0.652086938770079
1244028376618328064,neutral,0.5179427544272217
1244028378119843842,negative,7.328449210650758e-08
1244028379319480320,negative,0.12249597575537353
1244028380166660096,negative,8.517173927830562e-05
1244028380187680770,negative,0.01720880418548411
1244028381949300736,negative,1.3305506906941183e-05
1244028382045777921,negative,0.0019196093350903566
1244028383383695360,negative,0.050105465494868245
1244028383589216258,neutral,0.3324386615301259
1244028383656316929,negative,5.414143647871088e-09
1244028383798996993,negative,0.018665277096224255
1244028383823949825,negative,0.002749260162305774
1244028385120133121,negative,0.26861794251094057
1244028385875156993,negative,0.09265623182246535
1244028385883492353,negative,0.013208489472467748
1244028386269376512,negative,0.007154630467853742
1244028387729068033,negative,0.013065569501194979
1244028388463034369,negative,0.002398612365439477
1244028391629692932,negative,4.792511921250624e-06
1244028392430809090,negative,0.11574050350465699
1244028393676513283,negative,0.14012630643569127
1244028393882038272,negative,5.414143647871088e-09
1244028394997719041,negative,0.002398612365439477
1244028395018768384,neutral,0.38373596617921985
1244028396407062528,negative,0.0001033296232122839
1244028397338140673,negative,1.4142817983818843e-09
1244028399439446016,negative,6.735307877660879e-08
1244028399590531073,negative,1.30033394244292e-06
1244028401352138752,negative,8.724806921086369e-05
1244028402564292608,negative,4.30560850725105e-05
1244028402891395074,negative,0.013238995110887088
1244028402933420034,negative,0.03208964907000102
1244028403747098624,negative,8.86186235922963e-06
1244028404137168898,negative,0.0008594191791074993
1244028404384575488,negative,0.0005693219279341907
1244028405022146560,negative,4.490629027523956e-05
1244028406859288578,negative,0.0036114402443211966
1244028406989230080,negative,0.007857019730851494
1244028407261868035,negative,0.0032053489813467476
1244028409409306625,negative,0.006684893050665181
1244028409774247938,positive,0.8373157903356845
1244028410998988800,neutral,0.5017543432377519
1244028412068532225,negative,2.0970442981629418e-07
1244028413851115527,negative,0.00254636185991689
1244028414937444355,negative,0.049658416793324646
1244028415423979522,negative,0.13763923746611909
1244028415474360320,negative,0.013208489472467748
1244028416065769473,negative,1.394130128265224e-05
1244028417621852161,negative,0.06942348163542492
1244028418276184064,negative,0.00015029673095987389
1244028418502557696,negative,3.9772641084120805e-05
1244028490854301697,negative,3.14989556147054e-08
1244028497733058560,negative,1.1059625529024564e-09
1244028498437644288,negative,0.012597379588580301
1244028498567708672,negative,0.050105465494868245
1244028499519844353,negative,0.0014707251861243128
1244028499779825665,negative,0.050774698847927055
1244028499830210561,negative,0.012102271840567674
1244028500148879361,negative,5.003047802017901e-05
1244028500253630464,negative,2.0195557132826768e-06
1244028500299984897,negative,0.2766124123589126
1244028503626039298,negative,1.0119187014973333e-14
1244028504070590464,negative,0.0021946870634135113
1244028504104144896,neutral,0.5499412423911586
1244028508453642243,negative,0.0032597732493628243
1244028509426778113,negative,0.08381690488404725
1244028510760566787,negative,0.07628322128053532
1244028510961876993,negative,4.958019508450341e-09
1244028512396136449,negative,9.682086639271769e-05
1244028514724184064,negative,0.01784191494058843
1244028514745102336,negative,0.0002448948728704144
1244028516133416961,positive,0.8766602791231927
1244028516162605057,negative,0.052710602855816635
1244028516565430272,negative,1.0919495694785929e-06
1244028517169475584,negative,0.26861794251094057
1244028517249101824,neutral,0.4114082331415804
1244028517853138944,negative,0.18638868644820655
1244028517903409152,negative,4.812664344208004e-05
1244028519153352704,negative,0.02473774917561316
1244028520348766208,negative,1.1129886316756863e-05
1244028520734625795,neutral,0.49789225920557484
1244028520789159937,negative,0.15789070296544577
1244028522915651584,negative,0.013898898717331416
1244028522961788931,negative,2.4172121404521393e-06
1244028523448238080,positive,0.6880410424832291
1244028523456671744,negative,0.26861794251094057
1244028524199059457,negative,0.013769574176639585
1244028525058744320,negative,0.0002750760798573584
1244028526690533377,negative,0.0014810551774223858
1244028527621459974,neutral,0.46395137405296316
1244028528179453952,negative,0.006651458966378349
1244028529290985474,negative,1.1432328052591461e-06
1244028529764900864,negative,1.301306399299961e-06
1244028529970417664,negative,0.03463797384689569
1244028530117292032,negative,0.013543977408002086
1244028530859614208,positive,0.8943440150070361
1244028532549918722,negative,0.05862934249003708
1244028532679983104,negative,0.1078398608766827
1244028533120421888,negative,0.27534252066720805
1244028533598494723,negative,0.0010157287650474798
1244028535032905729,neutral,0.4005704488393178
1244028535888584704,negative,9.180558412747787e-09
1244028536341618690,negative,0.26861794251094057
1244028536538750978,negative,0.001541160886185939
1244028537084002305,negative,0.011561912717456825
1244028537188659201,negative,1.9925943274817904e-07
1244028537285246976,negative,0.0004449423896649941
1244028540221378561,negative,0.019318805519659085
1244028541970403329,negative,0.05147582343993558
1244028542326837248,negative,0.01563251797081139
1244028544000425984,negative,0.26861794251094057
1244028544616931330,negative,2.628125451982244e-05
1244028547016130560,negative,0.011803343251657963
1244028548756779008,negative,4.27357587160874e-05
1244028549465624577,negative,2.3441399059739283e-09
1244028552019947522,negative,0.26861794251094057
1244028552082862080,negative,0.002398612365439477
1244028552556797953,negative,0.07738063053436034
1244028552896557056,negative,0.004995710340699523
1244028553081094148,negative,0.0005542857250244886
1244028629035687936,negative,0.01784191494058843
1244028629354516480,positive,0.8905041629229303
1244028629706772481,negative,0.11031354896621438
1244028630277160961,negative,0.0059071913356930255
1244028630566649858,neutral,0.5017543432377519
1244028631631847425,negative,0.00565912818894139
1244028631921369089,negative,0.014559859026652643
1244028632810622976,negative,0.00852150167620844
1244028634198835201,negative,0.027682355108066617
1244028634794516481,negative,2.81023861953569e-05
1244028635759116288,negative,0.0010632715285367955
1244028636686176259,negative,0.3042071749917094
1244028637097189379,negative,4.1456841330136426e-07
1244028639085199362,negative,4.30560850725105e-05
1244028639588597762,negative,4.710666423681767e-06
1244028640221855745,neutral,0.46395137405296316
1244028640305831936,negative,0.06178097738833835
1244028641656397825,positive,0.6880410424832291
1244028642277167104,neutral,0.5017543432377519
1244028642650402816,negative,0.0002088779803552696
1244028645217312768,negative,0.0004900677203548891
1244028645519298560,neutral,0.38373596617921985
1244028645691273220,negative,0.013208489472467748
1244028645762572288,negative,4.30560850725105e-05
1244028647058661376,negative,0.007154630467853742
1244028647926894592,negative,0.08603248554309882
1244028648165904384,negative,0.01694951431511503
1244028651055861761,negative,0.0017158803913904456
1244028651370426368,negative,3.5909702610084123e-06
1244028652465127424,negative,0.0002420299809259859
1244028653303926785,negative,0.004402650075153738
1244028654222483458,negative,3.20077367297898e-05
1244028654486781955,negative,0.01563251797081139
1244028655249936384,negative,0.14259557731216022
1244028655552126977,negative,0.024242398701600568
1244028655791230978,negative,7.196006018647058e-06
1244028656948850688,positive,0.8021979169788722
1244028657062088705,negative,0.0022729389885385834
1244028657674391552,negative,0.013208489472467748
1244028657712185344,negative,0.2694771441592868
1244028657745657856,negative,0.3138408875360108
1244028658370711552,negative,9.916982924566338e-06
1244028658429370368,negative,7.075613588299099e-05
1244028658907570176,negative,0.0023308491600568487
1244028659788382209,negative,0.20145272120269603
1244028660090273792,negative,0.00020787258199851576
1244028660929171456,negative,8.86186235922963e-06
1244028661713567744,negative,0.0002585499952658422
1244028662468481024,negative,0.00038358290389550596
1244028666906017793,negative,3.830550875495069e-05
1244028667262574594,negative,0.050105465494868245
1244028667547791361,negative,2.308420646805572e-09
1244028667921121281,neutral,0.5179427544272217
1244028668399190017,negative,0.013208489472467748
1244028668483158016,negative,0.005893458053542269
1244028668567072770,negative,2.308420646805572e-09
1244028669137489920,negative,0.00017239423691813886
1244028670253117441,neutral,0.49789225920557484
1244028671326859265,negative,4.745531322320067e-06
1244028671507206145,negative,0.052710602855816635
1244028671729586177,negative,0.06455010413125352
1244028672954306560,negative,0.2811200183477759
1244028673054912512,neutral,0.33411120456979954
1244028673482784768,negative,8.613200983459216e-08
1244028673872855041,negative,0.0022729389885385834
1244028675064057856,neutral,0.3774143587196185
1244028676645294080,negative,0.00038358290389550596
1244028678213906433,neutral,0.46127768308170247
1244028681753972736,negative,7.326232032468678e-06
1244028682437644288,negative,0.050105465494868245
1244028682492133377,negative,0.1821654024576747
1244028682810920961,negative,0.00011261821806384846
1244028682936647681,negative,0.0003247493310225756
1244028683750453249,negative,0.005654553927314783
1244028685054869505,negative,7.243913989085656e-05
1244028685310623745,negative,0.052710602855816635
1244028687072329728,negative,0.001971480695277134
1244028688028651520,negative,0.012133340197822095
1244028688632631296,negative,4.4571674298688485e-07
1244028691384074240,negative,0.22531133356911823
1244028692160032769,neutral,0.39303508175767277
1244028692189282305,negative,0.050105465494868245
1244028765694394368,negative,0.08032859318606879
1244028767451992065,negative,0.00038358290389550596
1244028767959384064,negative,0.00048192452553678163
1244028768764792832,negative,0.000291744168813087
1244028769633021954,negative,3.622744562661697e-09
1244028770501169152,negative,0.18638868644820655
1244028771453165569,negative,0.0002231387634681184
1244028772480843777,negative,4.30560850725105e-05
1244028772816506880,negative,0.26861794251094057
1244028773441421318,negative,0.08848699729439949
1244028774095761408,negative,2.303130406068805e-06
1244028774238257152,negative,0.1184758648982037
1244028775899291648,neutral,0.5017543432377519
1244028776247418881,negative,0.06697263017752302
1244028781423144960,negative,0.11205038516520807
1244028782446440448,negative,0.0006446872120402131
1244028782543097856,negative,1.720569281975576e-05
1244028782996000768,negative,0.062460826604538854
1244028784753377281,negative,5.286474934665928e-07
1244028784896024576,negative,7.329454240853914e-07
1244028785877569536,negative,3.489104843274726e-10
1244028786120830978,negative,2.776481566330227e-07
1244028787345559552,negative,5.5278835703186586e-05
1244028790889762816,negative,0.06633469722220794
1244028791921541120,negative,3.305203075426682e-05
1244028792420646912,negative,0.026865195142998254
1244028793515376640,negative,0.0206312254194849
1244028793636843520,negative,0.007450579431511661
1244028794270371841,negative,0.3186854964027407
1244028795243442176,negative,0.0033408206308112296
1244028795591561216,negative,0.26861794251094057
1244028796120039424,negative,0.16314084106632956
1244028796455567361,negative,1.5219148893978009e-06
1244028796640079872,negative,0.048763304825719424
1244028797453811712,negative,6.895146656101913e-07
1244028798435278848,negative,0.013769574176639585
1244028802356969472,negative,0.027682355108066617
1244028802738671617,neutral,0.33539111471279026
1244028803917189123,negative,0.0007021716720584312
1244028804865163264,negative,0.007060079624577293
1244028805460701188,negative,0.017190977428898017
1244028807197188096,negative,8.613200983459216e-08
1244028807918559233,negative,1.250400712321664e-06
1244028808631549952,negative,2.8796595030434526e-11
1244028809361358849,neutral,0.5434293642226423
1244028811898994688,negative,0.056535427794743555
1244028812666392580,negative,0.013163627960815964
1244028812666560513,negative,0.005033685561951448
1244028813522198529,negative,0.0027654743916179273
1244028813689921536,negative,0.21656012424921411
1244028814142902274,negative,0.26861794251094057
1244028814541426688,negative,0.0011298784130989831
1244028814772056065,negative,0.05321188780379662
1244028816487481345,positive,0.8715994797399631
1244028817397686272,neutral,0.38373596617921985
1244028818957971456,negative,0.1309918221152114
1244028820182745088,negative,5.411843606695755e-07
1244028820677591041,negative,1.343136201620143e-05
1244028820820295680,negative,0.020162732875908827
1244028822456066050,negative,0.009529278602758234
1244028822648913920,negative,0.002398612365439477
1244028823886315522,negative,0.0017668944139780291
1244028824662282242,negative,0.004289916312813031
1244028825085923328,negative,0.00034604527519984865
1244028825278787584,negative,0.12249597575537353
1244028827422121984,negative,0.05204681508059987
1244028903921983489,neutral,0.5073082973141908
1244028904488062977,negative,0.000123210937997308
1244028904957980672,negative,2.9261798125715813e-06
1244028905008365568,negative,3.5287617464230624e-06
1244028905440317440,negative,0.1672466696880109
1244028906014982144,negative,3.079457964475812e-05
1244028906417553408,negative,0.03246632711550856
1244028907206000645,negative,0.00016646379648271065
1244028907701112832,negative,0.17263446207700447
1244028908363800577,negative,0.043929564421101665
1244028909907251200,negative,0.0025108888178098773
1244028911740235776,negative,0.26861794251094057
1244028912889483265,negative,0.0002947634659760196
1244028915066081281,negative,0.00517080087128652
1244028916039286784,negative,0.00010069690746076133
1244028917624774658,negative,8.613200983459216e-08
1244028918350450689,negative,1.222202886094142e-12
1244028918853705729,negative,0.0010181912797112877
1244028923484266496,negative,1.1041470960114514e-06
1244028924021149696,negative,0.005617235048609864
1244028924100837376,negative,0.0025241793907642184
1244028925002555393,negative,6.0747766545271715e-05
1244028925677727746,positive,0.9972293158903188
1244028926491426816,negative,0.04750636814213002
1244028927129137154,negative,0.03914535013560267
1244028929318551554,negative,0.04505418997912693
1244028929775525890,negative,0.07651380211570842
1244028930434256896,negative,1.926961676269449e-09
1244028930866253825,negative,0.06548825929655434
1244028934225907715,negative,0.022404812376868758
1244028934360104963,negative,0.002398612365439477
1244028936746606593,negative,9.112571153638791e-10
1244028937719742464,neutral,0.46395137405296316
1244028938491432961,negative,0.08848699729439949
1244028938915131393,negative,0.012123643285802396
1244028941142196225,negative,0.28262888435723865
1244028942937399297,negative,8.86186235922963e-06
1244028943642046464,negative,0.011294597462051532
1244028944283811840,negative,0.26670486438251473
1244028945013657602,negative,4.8174924992152985e-05
1244028948461187077,negative,0.00047198266814934474
1244028948754960384,negative,0.060346240942346585
1244028949115678721,negative,8.537403903942269e-10
1244028949606346752,negative,0.00013705393864689393
1244028951829385218,negative,0.17572578844174033
1244028952697585664,negative,0.014198742098991735
1244028953955893249,negative,8.070035436448792e-05
1244028954568245248,negative,8.429562407628157e-05
1244028954568282112,positive,0.8766602791231927
1244028955016990720,negative,4.4571674298688485e-07
1244028957412012032,negative,0.002549477107023364
1244028957764321283,negative,0.052710602855816635
1244028958192140290,negative,0.0017124090320957254
1244028958389215235,negative,0.0005542857250244886
1244028959152537602,negative,0.025277639953954042
1244028959349751808,neutral,0.49789225920557484
1244028959685316609,negative,0.022391780370403246
1244028959815327744,negative,0.06329898797801482
1244028960536702976,negative,0.008232340338529919
1244028960545128448,negative,1.1249579885703971e-08
1244028961065185281,negative,1.3305506906941183e-05
1244028961216135169,negative,0.006437108327260599
1244028961824428033,neutral,0.5017543432377519
1244028961832738816,negative,0.01833757919362105
1244028962013134848,negative,0.005644715121882861
1244028963271462913,neutral,0.38373596617921985
1244028963988570115,negative,1.7817072305273036e-10
1244028964378640386,negative,0.005386985625563198
1244028966090014720,negative,0.23401236104629689
1244028966308020224,negative,0.0013814751438340812
1244028967063040002,negative,0.0032597732493628243
1244028967566352384,negative,0.00048154739719698914
1244028967994220545,neutral,0.5017543432377519
1244028968761806848,negative,0.002779425747527552
1244029043214860290,negative,2.6577260583429427e-06
1244029044179587072,negative,0.02615416158245739
1244029044452188161,negative,2.5378090603387823e-05
1244029045186138112,neutral,0.46395137405296316
1244029045341380609,negative,0.013675212082815653
1244029045702090754,negative,0.14214793611146662
1244029046675197952,neutral,0.38373596617921985
1244029046809415680,negative,0.0794210528384592
1244029046813491200,negative,0.0003026504520191732
1244029048688381953,neutral,0.44946521766632974
1244029048952668161,neutral,0.46395137405296316
1244029051838312449,neutral,0.5295681979471095
1244029052291182592,negative,0.002749260162305774
1244029052811218944,negative,0.07651380211570842
1244029055168643073,negative,3.0063917178752574e-09
1244029055449645056,neutral,0.35612996768837946
1244029055504171010,negative,1.3739187683499712e-09
1244029055797587969,negative,0.00033110666722332836
1244029055831334912,negative,0.1561419094401718
1244029055898443776,negative,0.01862440337183044
1244029057454485505,neutral,0.47697210391394973
1244029058167513090,negative,9.682086639271769e-05
1244029058880606208,negative,0.0017898770164789318
1244029059253796865,negative,2.7337465887799347e-08
1244029062198296577,negative,0.02920026362863414
1244029062252806145,negative,0.01457331002406698
1244029062818852868,negative,0.014559859026652643
1244029064765202434,negative,0.044182490359423864
1244029065075589122,negative,0.11733680218400579
1244029065482383362,positive,0.8426682539067736
1244029065511817216,negative,0.08848699729439949
1244029065968918530,negative,0.006651458966378349
1244029066438680576,negative,0.00023349824318912943
1244029066526810113,negative,0.029282133291039292
1244029066585477120,negative,0.0008219173640866968
1244029067747381248,negative,0.04538093513765542
1244029068061933568,negative,0.052710602855816635
1244029068233842690,negative,0.19232887817541267
1244029068367892480,positive,0.7279401016461607
1244029068552671233,negative,0.013138016178351971
1244029070742036482,negative,0.02880057742505686
1244029071111131136,negative,0.0786015862253989
1244029071731970049,negative,4.988944527378084e-06
1244029072201703425,negative,1.0836176168033144e-06
1244029073229217792,neutral,0.5251827528720593
1244029075267760128,negative,0.0921463916790912
1244029075422937088,negative,0.0005122574588216959
1244029076400046080,negative,0.0009055511465258289
1244029076513357824,negative,0.022455395182461885
1244029076576374785,negative,8.890123500772003e-10
1244029077268430849,negative,1.13782684021516e-05
1244029077318782977,negative,6.619226210989115e-07
1244029077327171584,negative,8.839464775498032e-05
1244029078446968834,negative,5.915279335810507e-09
1244029078631579650,negative,0.001311435971829198
1244029079478730752,negative,0.2693074198228878
1244029079646621701,negative,0.027819888308498634
1244029079789211649,negative,0.12174294980978893
1244029080061775873,negative,0.06963450306577648
1244029080061784065,negative,5.3227272556774077e-05
1244029081743736833,neutral,0.5295681979471095
1244029082016382979,negative,0.013675212082815653
1244029082175770624,negative,8.124352884286123e-18
1244029084671381504,negative,0.0006109533446247392
1244029085199843328,negative,0.03385579643331383
1244029085870850050,negative,0.006391090909626392
1244029086504292352,negative,2.0218307020309573e-07
1244029086986575872,negative,5.345795376440647e-07
1244029090795065345,negative,0.015503478197998926
1244029091063443456,negative,0.027682355108066617
1244029092749619200,neutral,0.46127768308170247
1244029095769505793,negative,0.015746479371879302
1244029096037945344,negative,0.006895673982273858
1244029096079826944,negative,0.11205038516520807
1244029096239206402,neutral,0.46395137405296316
1244029096293814273,negative,4.8478754296989716e-05
1244029097304567809,negative,8.613200983459216e-08
1244029097786978305,negative,7.297117780480586e-06
1244029097824727041,negative,0.06633469722220794
1244029098453635072,negative,0.2516423804933001
1244029098902663168,negative,1.7580699415618457e-06
1244029099124887552,negative,0.025277639953954042
1244029099212931072,negative,0.01694951431511503
1244029099896647680,negative,0.06293823447519675
1244029100236439553,negative,0.02257945339212784
1244029100697759744,negative,0.013769574176639585
1244029101511520256,negative,0.00022454687399333994
1244029103566663680,negative,0.0014707251861243128
1244029105005367297,negative,0.15595842921087222
1244029105567301633,negative,0.26670486438251473
1244029179538092033,negative,0.0004144795744155118
1244029180519624707,negative,2.628125451982244e-05
1244029183929573377,negative,0.1705378801812133
1244029184105746432,negative,0.005644715121882861
1244029184793546753,negative,3.152147334393398e-08
1244029186479702017,neutral,0.5866719634342558
1244029186840330240,negative,4.608486240837797e-09
1244029189004636162,negative,0.017190977428898017
1244029190028001281,negative,0.21656012424921411
1244029190103539712,negative,0.0014665888874089103
1244029190497865728,negative,0.3158493680040829
1244029191282180096,negative,1.926961676269449e-09
1244029191449960449,negative,4.145169317078135e-06
1244029192007831552,negative,0.2626873628443831
1244029192074940416,negative,0.26861794251094057
1244029192326578177,negative,1.0836176168033144e-06
1244029193102426112,negative,1.0382182145982863e-07
1244029193576493058,negative,0.26861794251094057
1244029195136782337,negative,0.0032597732493628243
1244029197070340098,negative,0.00614258333782987
1244029197137383425,negative,0.26861794251094057
1244029198160859136,negative,0.20691271135253553
1244029199071002624,negative,1.4259331964280717e-06
1244029201726005249,negative,0.0005149222257230238
1244029202225127426,negative,0.020340702841426483
1244029202795499520,negative,0.3158493680040829
1244029202862612481,neutral,0.5547948592490254
1244029204519403520,negative,0.0010632715285367955
1244029205504983040,negative,0.024439707646481002
1244029206390026240,negative,0.0007021716720584312
1244029206947934208,negative,0.07651380211570842
1244029207107244034,negative,6.179575693783081e-06
1244029207312650240,negative,0.0003904902642137168
1244029207962947586,negative,0.26861794251094057
1244029212861685760,negative,2.7272208033563316e-05
1244029214766088193,negative,0.0016713814211010037
1244029214766104579,negative,0.05642791494549445
1244029216569556992,positive,0.9900578502387779
1244029218058625025,negative,9.931819243222554e-09
1244029218201251842,negative,0.00614258333782987
1244029218402508800,negative,5.430401780196525e-08
1244029219245621249,negative,0.00034604527519984865
1244029223330893824,negative,0.12174294980978893
1244029224391860224,negative,0.26861794251094057
1244029226870812673,negative,2.079329504991188e-05
1244029228447936512,negative,0.000599357192471639
1244029228598910977,negative,5.378629620845562e-10
1244029230872231936,neutral,0.35612996768837946
1244029231870476288,negative,0.0002761499515193093
1244029232294002689,negative,1.6668782088002118e-05
1244029234286342145,negative,0.26861794251094057
1244029234290532353,negative,0.013769574176639585
1244029235532046336,negative,0.26861794251094057
1244029236756783104,negative,0.011803343251657963
1244029236828090368,negative,5.2882849851996456e-06
1244029237398568960,negative,0.03629285437306354
1244029238451343361,negative,0.03402718735159195
1244029239139004417,negative,0.11538846096105913
1244029239390875649,negative,3.830550875495069e-05
1244029242691682305,negative,0.052710602855816635
1244029243044122627,negative,0.03914535013560267
1244029317232971776,negative,6.01204939268087e-09
1244029318600286211,negative,0.004402650075153738
1244029319099359233,negative,0.013769574176639585
1244029321385250818,negative,0.00010554487015042931
1244029321439776769,negative,4.440851320605559e-05
1244029322983354368,negative,1.351553257239018e-05
1244029324220682242,positive,0.9861486037235921
1244029325424259077,negative,4.0464801521599435e-05
1244029325999058944,negative,8.529274089947315e-06
1244029327110475777,negative,7.501950677329375e-15
1244029327358005249,negative,0.26670486438251473
1244029329497100288,positive,0.8289347845512075
1244029330621173760,neutral,0.46395137405296316
1244029331002871813,negative,0.3175436298219974
1244029331271188480,negative,6.515580273419566e-17
1244029331430608896,negative,0.0001471683026920669
1244029331493588992,negative,3.098743101558004e-05
1244029332156223489,negative,4.745531322320067e-06
1244029332235960321,negative,0.02483714238470642
1244029333058060288,negative,0.0010523474038084217
1244029335016820737,negative,0.26861794251094057
1244029337055223808,negative,0.1992436266904309
1244029337164222465,neutral,0.46127768308170247
1244029340356050944,negative,1.3608979560542336e-08
1244029341010243584,negative,0.01563251797081139
1244029341761040389,negative,0.0017158803913904456
1244029341761142785,negative,4.943311417269677e-10
1244029342130241536,negative,0.001928220612065578
1244029342864326657,negative,3.0308671539101155e-08
1244029343199789059,negative,0.27534252066720805
1244029343724077058,negative,0.029595874623657453
1244029345254998016,negative,0.07920018623624596
1244029347595464704,positive,0.7106049008846607
1244029349419986944,negative,0.017581697635175496
1244029350154043394,negative,0.29094624894399634
1244029350237949952,neutral,0.4113773957536745
1244029351273824257,negative,0.0004088547485744113
1244029351462666240,negative,0.26861794251094057
1244029351512989697,negative,0.04750636814213002
1244029352469299200,negative,6.678540771997706e-08
1244029353106853889,negative,3.830550875495069e-05
1244029353849163777,negative,0.06633469722220794
1244029355241738240,negative,0.00041825212422028714
1244029355745054721,neutral,0.5295681979471095
1244029356256768000,negative,0.06293823447519675
1244029357045305344,negative,0.0019897459872496156
1244029358559412224,negative,0.0009765478719574619
1244029359742226434,negative,0.0012449888903218916
1244029361088598017,negative,0.006796857432280948
1244029361449304064,negative,7.242862356865269e-09
1244029361696587776,negative,0.00517080087128652
1244029361864486913,negative,0.005551450355894418
1244029362816593921,negative,1.64043641361759e-05
1244029366276960257,negative,4.5021344494926856e-05
1244029366931206144,negative,6.311596802319672e-05
1244029367921115137,negative,6.195830848628775e-05
1244029369573670913,neutral,0.46395137405296316
1244029371595227136,positive,0.6880410424832291
1244029372010573824,negative,5.80441442428526e-08
1244029374023819264,negative,0.0007160882777896011
1244029375173013505,neutral,0.46395137405296316
1244029376502603777,negative,0.12174294980978893
1244029377647689728,negative,0.26861794251094057
1244029378998210561,negative,0.26861794251094057
1244029379593875456,negative,7.010347385293743e-10
1244029379635707904,negative,0.03914535013560267
1244029381875568640,negative,0.021672320184958318
1244029381875585025,negative,0.013138016178351971
1244029382169157635,negative,0.00012202520617316308
1244029458492817408,negative,0.07111696755038364
1244029458664902656,negative,0.1537076508103737
1244029459109478400,negative,8.053742250181891e-05
1244029460673892355,negative,1.5897981541988237e-11
1244029461030469633,negative,3.9445502849403876e-07
1244029461928034305,negative,0.050105465494868245
1244029463509241858,negative,0.1561419094401718
1244029463995846656,negative,8.053742250181891e-05
1244029464582987777,negative,1.0919495694785929e-06
1244029464633278465,negative,0.00038358290389550596
1244029465996509184,negative,4.30560850725105e-05
1244029466214629376,negative,0.012525335011476131
1244029467770720258,negative,2.628125451982244e-05
1244029468508860416,negative,0.07234041992288022
1244029468894793728,negative,0.031576421402229334
1244029469301628929,negative,0.003349271912024286
1244029470698287106,neutral,0.5086135964481541
1244029471755325441,negative,1.7580699415618457e-06
1244029473630097409,negative,8.053742250181891e-05
1244029474959753220,negative,0.012133340197822095
1244029475400146944,negative,8.150510253943678e-05
1244029476180287491,negative,7.703021274272891e-05
1244029476360634373,negative,0.052710602855816635
1244029476398419969,negative,0.21544160593034045
1244029476692013056,negative,8.2707499811352e-06
1244029478466129921,negative,1.6427639983243464e-09
1244029478529089538,negative,0.0020624910018968655
1244029479405727747,negative,0.0032053489813467476
1244029480018075648,negative,1.0919495694785929e-06
1244029481213399041,negative,2.0302889589794078e-05
1244029482131914754,negative,0.26861794251094057
1244029482920542208,negative,6.029587371602645e-09
1244029485441265668,negative,0.016660835882137154
1244029485625888768,neutral,0.6586321782900337
1244029486024331267,negative,0.017680093735660946
1244029489589469186,negative,0.04400051843642787
1244029489941827585,negative,4.30560850725105e-05
1244029491489505284,negative,0.06633469722220794
1244029494471639042,negative,0.25175755391664
1244029494530322432,negative,0.012241504492175275
1244029497600544768,negative,0.0040287406309955495
1244029497856442368,negative,0.0008699708622890657
1244029498275835905,negative,0.26861794251094057
1244029499244765192,negative,3.0125774322807707e-07
1244029499748102146,negative,0.0017158803913904456
1244029500184309760,negative,7.2676361675091906e-06
1244029500754743298,negative,0.0013240172345528843
1244029500880543746,negative,2.4276048994742236e-08
1244029502096891904,negative,0.13546914550007624
1244029502428270593,negative,0.048763304825719424
1244029502616997889,negative,0.000909010060568114
1244029504550567938,neutral,0.49789225920557484
1244029505879994368,negative,0.031679799669594076
1244029506328936449,negative,0.014559859026652643
1244029507390013440,negative,0.050105465494868245
1244029509424291841,negative,0.26861794251094057
1244029509449527296,negative,0.04609805192603871
1244029509508235265,negative,0.08065045292339386
1244029511236288512,negative,5.968781018947232e-08
1244029511437557761,negative,0.03137889592239477
1244029513173958657,negative,1.2337716473607077e-09
1244029513492725760,negative,0.0005542857250244886
1244029514247790593,negative,2.068837779641636e-05
1244029515057299456,negative,0.005458058568464187
1244029516416200705,negative,6.884400946139319e-16
1244029516537790465,negative,0.0001415849027319837
1244029517229953025,negative,8.017316505891737e-07
1244029517666168832,negative,0.006895673982273858
1244029518270038016,negative,0.01741509522566308
1244029518853148673,negative,0.0026303243272116877
1244029520086269954,negative,7.023240279524476e-11
1244029600419758080,negative,1.8983572787364094e-08
1244029601237454849,negative,1.2193113575879578e-05
1244029601426354176,neutral,0.49789225920557484
1244029601451520001,negative,8.86186235922963e-06
1244029602646888448,negative,0.08184239027326526
1244029602848280576,negative,4.745531322320067e-06
1244029602932146177,negative,4.5201645989100567e-10
1244029602974007296,negative,0.00018174551747312083
1244029603469025281,negative,0.0019002031975427318
1244029604089774082,negative,0.0077283727937549765
1244029604144259072,negative,0.0076653911781479405
1244029604773474305,negative,6.90845452827292e-05
1244029604966346754,negative,1.9396311026311638e-05
1244029606694354944,neutral,0.5295681979471095
1244029606824271872,negative,6.277511195870995e-08
1244029607122276354,negative,0.0008215042113579044
1244029609231908864,negative,0.014198742098991735
1244029609307488257,negative,9.500912940491624e-10
1244029610318344194,negative,0.08848699729439949
1244029610972643329,neutral,0.4011367753192434
1244029611144609795,negative,0.002741543762883607
1244029612872663040,negative,0.00026728114546472205
1244029613258543104,negative,0.013208489472467748
1244029613677973504,negative,0.0005693219279341907
1244029614122508288,positive,0.7132189583443727
1244029614336495619,negative,0.00020787258199851576
1244029614713982977,negative,0.002210634964045355
1244029615212986368,negative,2.0822858052257605e-05
1244029615653486594,positive,0.8366743310028381
1244029615682793473,negative,0.010610324352251605
1244029616668520451,negative,0.26861794251094057
1244029617582886918,neutral,0.5547948592490254
1244029619126308865,negative,0.07256185250753315
1244029620137181184,negative,0.00036710729565502784
1244029620200095744,negative,0.0012752666360234942
1244029624218247169,negative,0.005720557168511473
1244029624297889793,negative,0.12174294980978893
1244029624658604032,neutral,0.46364466503952073
1244029624893476864,positive,0.9294913157697171
1244029625518436354,negative,0.00431957293292679
1244029627040849920,negative,0.2956664908868334
1244029627389169664,negative,0.06826774032197627
1244029627510788097,negative,0.0010157287650474798
1244029627758268417,neutral,0.5017543432377519
1244029628563492864,negative,1.0919495694785929e-06
1244029628693520384,negative,0.26861794251094057
1244029628727115777,negative,4.30560850725105e-05
1244029630580998144,neutral,0.5017543432377519
1244029631033999362,negative,6.029587371602645e-09
1244029633043054595,negative,2.1264003915783237e-05
1244029633508622336,negative,0.007399736583735624
1244029633894526980,negative,0.050105465494868245
1244029634347503616,negative,0.15726903164606826
1244029634527756289,negative,1.2989589830089334e-06
1244029634959859714,positive,0.9388438609633798
1244029635916169216,neutral,0.5017543432377519
1244029638218854400,negative,0.08663831621813724
1244029638621396992,negative,0.005654553927314783
1244029639892389894,negative,0.0009310721232161851
1244029640206888962,negative,0.003732223979165295
1244029640328560642,negative,0.02431595778201671
1244029642614374400,negative,0.0016968827659159197
1244029644124405760,negative,0.26861794251094057
1244029644304719872,negative,1.9815258294778926e-05
1244029645042978816,negative,0.012241504492175275
1244029645378510848,negative,0.06350604066723119
1244029645386846208,negative,0.0038563455961891893
1244029645646897155,negative,0.00020787258199851576
1244029646842322947,negative,4.710666423681767e-06
1244029647056252930,negative,2.4943422679714927e-05
1244029647693717508,negative,0.050105465494868245
1244029648184512512,negative,0.0005623779653881253
1244029648368959488,negative,6.029587371602645e-09
1244029648578719744,negative,1.8495627229729407e-07
1244029649396654081,negative,7.899689101301087e-07
1244029649505660929,negative,0.013769574176639585
1244029651267321857,negative,0.0009374475951908153
1244029651602849792,negative,0.00431957293292679
1244029652282363904,negative,0.027485910673230963
1244029652584280066,negative,6.311596802319672e-05
1244029653964050434,negative,0.0027577656569763667
1244029654022922240,negative,0.26861794251094057
1244029655516172294,negative,0.015075478176254625
1244029657034428418,negative,0.001077381123218335
1244029657504251904,negative,8.053742250181891e-05
1244029657915305985,negative,0.01327377159851583
1244029658074619905,negative,0.00020787258199851576
1244029658418552834,negative,0.013543977408002086
1244029659454550018,negative,4.308215380011068e-06
1244029659714592770,negative,0.013880718336064178
1244029660020772864,negative,0.004461933390068666
1244029660704444418,negative,8.053742250181891e-05
1244029661035859970,negative,0.2019114061778001
1244029661144928257,negative,2.8019321309270335e-05
1244029662029918214,negative,0.02852375540255487
1244029733639278592,negative,0.05321188780379662
1244029734431985664,negative,0.018665277096224255
1244029736134807554,neutral,0.6586321782900337
1244029736243863554,negative,1.1048357339910811e-05
1244029736789200896,negative,0.0022729389885385834
1244029736923234304,negative,0.03290819454213273
1244029738399784960,negative,0.15635230489768856
1244029740035555328,negative,0.003522770770412067
1244029740182274049,negative,1.3305506906941183e-05
1244029741402816512,negative,0.12174294980978893
1244029741889392640,negative,0.16809195875512506
1244029742011101184,negative,5.411843606695755e-07
1244029742476668930,negative,0.000743767264553943
1244029743932018690,neutral,0.46395137405296316
1244029745454604288,negative,0.0012061557601118701
1244029746159247361,negative,0.00011670586580026644
1244029746666713092,neutral,0.5295681979471095
1244029749657317381,negative,0.12174294980978893
1244029749892198401,negative,0.00026728114546472205
1244029750064152576,negative,0.010652102285075233
1244029751074992130,negative,0.0003204378887110868
1244029751213412355,negative,0.050105465494868245
1244029752098332672,negative,0.005654553927314783
1244029752190668801,negative,0.1390507350918018
1244029752563957763,negative,0.26861794251094057
1244029753134325762,negative,0.0007647839126399291
1244029753188913152,negative,0.26861794251094057
1244029753956470787,negative,0.015887075227701417
1244029754241622018,negative,0.000654994752833067
1244029756208828419,negative,0.00013705393864689393
1244029758523899904,negative,0.0013257247506886008
1244029759551606787,negative,3.830550875495069e-05
1244029759597789190,negative,0.23401236104629689
1244029761023696897,negative,7.533072976703684e-09
1244029761468485635,negative,0.26861794251094057
1244029762231820288,negative,0.011237922833199111
1244029763427188737,negative,3.616372145737232e-05
1244029763775279106,negative,0.028451221701195805
1244029764337270784,negative,2.71647415729667e-05
1244029765146771456,negative,0.002147930218677767
1244029765989937153,negative,0.015503478197998926
1244029767973773312,negative,3.029870799835446e-11
1244029768544276480,negative,3.2304289960593782e-09
1244029768925929472,negative,0.018833071853640707
1244029769399898112,negative,1.1085265574724927e-05
1244029769416499200,negative,0.21544160593034045
1244029770523959296,negative,0.08402234880603807
1244029771484258312,negative,6.0747766545271715e-05
1244029772470136832,negative,1.3739187683499712e-09
1244029774307233792,negative,5.286474934665928e-07
1244029774659489792,negative,0.002592944550631483
1244029774844039168,negative,3.6031716302604304e-08
1244029775024398338,negative,0.26861794251094057
1244029775406120962,negative,0.07234041992288022
1244029776395993089,negative,3.748877762595955e-08
1244029776999874560,negative,0.000497436568013318
1244029777566195713,negative,0.019318805519659085
1244029777738072065,negative,6.179575693783081e-06
1244029778333745153,negative,0.11524193947499728
1244029778438631425,negative,7.722214516975618e-06
1244029778463727616,negative,0.0005737791528863286
1244029779076136960,negative,0.050105465494868245
1244029780179157003,negative,3.830550875495069e-05
1244029781294944260,negative,0.005654553927314783
1244029784251936768,negative,0.00010554487015042931
1244029784344031233,negative,0.007739216433011755
1244029786072264704,positive,0.9094184591408625
1244029788555218944,negative,0.10184664936812216
1244029788781711360,negative,0.08184239027326526
1244029788966268930,negative,1.4259331964280717e-06
1244029792246251521,negative,0.12174294980978893
1244029793013829633,negative,0.006651458966378349
1244029793307410432,negative,1.7917325881733138e-13
1244029793559105536,negative,0.26861794251094057
1244029793806487552,negative,1.3305506906941183e-05
1244029795320631297,negative,0.12249597575537353
1244029796134326275,negative,0.06178097738833835
1244029796792913920,negative,0.07094669850399181
1244029797531111425,negative,0.050483787187211714
1244029798218948609,negative,9.349601766193778e-07
1244029801691840513,negative,0.30355049933074707
1244029870650331138,negative,0.26861794251094057
1244029871250178050,negative,0.0010426898051582889
1244029872390930433,negative,8.194256611345134e-07
1244029873523503105,negative,7.072282203574915e-05
1244029874207105025,neutral,0.5505550505941735
1244029876669222913,negative,0.27534252066720805
1244029877445165056,negative,1.0454678414580298e-05
1244029878950924289,negative,0.03914535013560267
1244029879005392896,negative,0.20484273024817765
1244029880494325761,negative,0.2339327516067041
1244029881098416128,neutral,0.6586321782900337
1244029885858877440,negative,6.663091663127392e-08
1244029885888081925,negative,0.20771934817642312
1244029886257299456,negative,0.1467583084316125
1244029886458667013,negative,1.2297376125494952e-09
1244029886496268288,neutral,0.4537541227075798
1244029886664183808,negative,1.422126232312378e-13
1244029889910628352,negative,0.001874648771938889
1244029891491880960,negative,0.003711121340096502
1244029891810676736,negative,0.09469521736740948
1244029891819036672,negative,4.815626721795859e-05
1244029892532023302,negative,0.0018617279168724348
1244029893794463745,negative,0.0001460312517786704
1244029893945384965,negative,0.002682429371684567
1244029895661031426,negative,4.221380004075067e-07
1244029897733005312,negative,0.00017559275574746759
1244029899238707203,negative,0.07651380211570842
1244029900681592832,negative,0.050105465494868245
1244029901214232576,neutral,0.33411120456979954
1244029901705011200,negative,0.00010554487015042931
1244029902040391680,negative,0.21544160593034045
1244029902753538049,negative,0.27534252066720805
1244029904510910467,negative,0.005654553927314783
1244029905689546753,negative,0.0002174038864469532
1244029907329585153,negative,0.00013705393864689393
1244029907602112512,negative,0.002549477107023364
1244029909120491521,negative,0.00614258333782987
1244029909577711616,negative,3.830550875495069e-05
1244029910756274179,negative,8.053742250181891e-05
1244029911955898368,negative,0.013208489472467748
1244029912341676032,negative,0.0071386938449694475
1244029912782118912,negative,0.019318805519659085
1244029914187259904,neutral,0.41784745787211625
1244029915080667136,negative,0.002549477107023364
1244029915718012928,negative,0.03951288001882383
1244029916024377344,negative,0.001484046095308413
1244029917324619776,negative,0.26861794251094057
1244029918679199745,negative,7.958176119885109e-06
1244029919778267136,negative,0.0005619721704406576
1244029920113721345,negative,6.267259810798747e-05
1244029920705220609,negative,6.735307877660879e-08
1244029921086889984,positive,0.6880410424832291
1244029921447608320,negative,1.85475612434842e-05
1244029921703444481,negative,0.14514525859704705
1244029922005454849,negative,0.26861794251094057
1244029923502837761,negative,0.01784191494058843
1244029924366835712,negative,0.0025791123797354936
1244029925717430272,negative,0.03686990252761431
1244029926229106689,negative,0.002217942856515838
1244029927101542401,negative,1.1573576165830931e-11
1244029930977005568,negative,6.311596802319672e-05
1244029932847546369,negative,0.009857647294918162
1244029934034513920,negative,8.981790237767834e-06
1244029936035336193,negative,0.20196827781715687
1244029936572252162,negative,2.2300848701648297e-07
1244029937281110016,negative,0.0068525382628882425
1244030009439932417,negative,0.012133340197822095
1244030011490873344,negative,3.642575344316751e-06
1244030011692273664,negative,0.08094706946148104
1244030012342308864,negative,1.916536484032391e-09
1244030012430471169,negative,0.004493392327447358
1244030014338797570,neutral,0.3707973309128359
1244030014808604673,negative,0.07378824829893628
1244030016377233409,negative,0.14847906855404688
1244030016394088448,negative,0.2519096339627263
1244030016503119872,negative,0.09690342477630841
1244030019254583296,neutral,0.39368841650289776
1244030019976007682,negative,0.044182490359423864
1244030021485936641,negative,0.26861794251094057
1244030022689665024,negative,1.3484461656804262e-09
1244030025340461057,negative,0.09196410584981689
1244030028943372293,negative,0.001518771424953525
1244030029857787904,negative,0.052710602855816635
1244030029916495872,negative,2.277825514787512e-06
1244030031682318336,negative,0.00015302304740289375
1244030031761997824,negative,0.002398612365439477
1244030032097484802,negative,3.269770341804874e-06
1244030032848105473,negative,0.14720683121191502
1244030034773499905,negative,1.3916746761853767e-06
1244030035763310593,negative,6.802599768811225e-06
1244030036266622978,negative,6.311596802319672e-05
1244030036287553536,negative,6.179575693783081e-06
1244030036467953666,neutral,0.46395137405296316
1244030038229614593,negative,4.745531322320067e-06
1244030038552559617,negative,0.00431957293292679
1244030038586122240,negative,2.42596666445693e-11
1244030038653251588,negative,0.00014372824500837224
1244030038732951552,negative,0.0003419564537732053
1244030039433400320,negative,0.01965529685205932
1244030039475326976,negative,0.0016283552188489936
1244030040515502080,negative,7.899689101301087e-07
1244030041073344512,negative,0.11205038516520807
1244030041375326210,negative,0.07651380211570842
1244030041463361538,negative,0.056535427794743555
1244030042243575809,negative,0.12174294980978893
1244030043279560705,negative,0.015503478197998926
1244030043296346112,neutral,0.46127768308170247
1244030044244230144,neutral,0.5179427544272217
1244030045057933312,negative,0.0005693219279341907
1244030046995648513,negative,1.4259331964280717e-06
1244030048971231232,negative,0.06214025696368586
1244030050053259265,negative,2.520810253780698e-08
1244030050212745217,negative,6.179575693783081e-06
1244030051022254080,negative,0.0003193808016847862
1244030051722629120,positive,0.97724388026287
1244030052880302080,negative,2.685884055502388e-10
1244030053035409408,negative,0.0489913216995151
1244030053215801345,negative,0.07651380211570842
1244030053354110976,negative,1.981049266242195e-05
1244030053543022592,negative,0.00038358290389550596
1244030054318911488,negative,0.0001661641537481626
1244030054411231232,negative,0.2019114061778001
1244030055875051520,negative,0.01964131125182505
1244030057116577792,negative,5.066476746239572e-08
1244030057229832195,negative,0.00014541314055366525
1244030057338867712,negative,1.4929993487982434e-10
1244030058437763076,negative,0.007308494827060046
1244030058660089856,negative,1.492011234971719e-08
1244030059276632065,negative,4.30560850725105e-05
1244030059666722817,negative,3.119455598263359e-06
1244030060052520961,negative,0.0020624910018968655
1244030060417384448,negative,0.011803343251657963
1244030060501360641,negative,3.6764160387292866e-05
1244030061868711937,negative,0.09522553841385385
1244030063130996739,negative,0.26861794251094057
1244030064347529218,negative,3.9772641084120805e-05
1244030065853300736,negative,0.004699239098883236
1244030065903575041,negative,4.623069866629521e-07
1244030066281066496,positive,0.9676452147421695
1244030066553769984,negative,0.033262017758432835
1244030066683674625,negative,6.587925801780079e-10
1244030067321298945,negative,0.006204509739292549
1244030067765739520,negative,0.010959114099229127
1244030068147486720,negative,7.297318244203003e-10
1244030070773157889,negative,0.0005803108463102963
1244030071247122432,negative,0.01694951431511503
1244030071637184513,neutral,0.6117057751269296
1244030073201733633,negative,5.676701356935222e-08
1244030073600184321,negative,0.011876370718868953
1244030149923872769,negative,3.2044453922159424e-12
1244030150301437952,negative,0.27534252066720805
1244030150372732931,negative,0.013940739358691648
1244030155510763520,negative,3.9772641084120805e-05
1244030157595312129,negative,2.054186117938604e-07
1244030158224461824,negative,0.04750636814213002
1244030158463553538,positive,0.9317117925088486
1244030158635511808,negative,0.10219317821890077
1244030158966841344,negative,0.12174294980978893
1244030159302397954,negative,0.03914535013560267
1244030160002617344,negative,0.011294597462051532
1244030160090861570,negative,0.00014550617717522542
1244030160640315392,negative,0.25819052496382455
1244030161000919041,negative,5.574335632222994e-10
1244030161093300224,negative,0.02625729126049756
1244030161143705605,negative,0.018665277096224255
1244030163953876995,positive,0.8042494788452786
1244030164423581697,negative,0.004264928393387511
1244030165094719488,negative,0.006651458966378349
1244030165455441920,negative,0.14764967942101398
1244030165883084801,negative,5.000811156525851e-10
1244030166579523584,negative,0.08845477643061125
1244030167527407616,negative,0.001591703783651458
1244030167741353984,negative,0.056535427794743555
1244030167816773635,negative,6.311596802319672e-05
1244030170278879233,negative,0.0001430946235573583
1244030170333405184,negative,0.0019897459872496156
1244030171478249472,negative,0.009170569310366099
1244030171793035265,negative,1.1478556654669133e-05
1244030172229259264,negative,2.219471368298456e-06
1244030172724158466,negative,0.0010735999314641195
1244030173042880512,positive,0.7122661468012299
1244030173160366081,negative,0.050105465494868245
1244030174007459840,negative,0.0017158803913904456
1244030174234058755,negative,0.002749260162305774
1244030174267662337,negative,3.119455598263359e-06
1244030175337156609,negative,0.002398612365439477
1244030177711177729,negative,0.0022729389885385834
1244030177715372033,negative,6.953857239722308e-05
1244030178222845953,negative,4.623069866629521e-07
1244030178306723840,negative,3.6908597681841866e-08
1244030178780762112,negative,0.0007801293158376525
1244030179212701696,negative,0.10831896266177464
1244030179426664451,negative,1.16293255791691e-06
1244030179887980548,negative,0.001057142697891322
1244030180852670464,negative,0.002398612365439477
1244030180953292800,negative,0.004118596988630546
1244030181192486913,negative,0.0002915358449894771
1244030181624463365,negative,0.19967603311748175
1244030185072140289,positive,0.9073874369904406
1244030185252454400,negative,7.348094591194201e-09
1244030186317918209,negative,4.36769114131307e-14
1244030187504840705,negative,1.3159791558845004e-05
1244030188612210692,negative,1.7628434759097265e-05
1244030188993814529,negative,0.0005665344948069819
1244030189316833280,negative,0.0022729389885385834
1244030190126354432,negative,0.050105465494868245
1244030191921434624,negative,0.011637142244653767
1244030192437415936,negative,0.0597297491892702
1244030192546439170,negative,5.237718640601406e-06
1244030194421313536,negative,3.0308671539101155e-08
1244030195050438656,negative,0.02536046890837724
1244030196908527617,negative,0.0033430188075195817
1244030197390860289,negative,9.180558412747787e-09
1244030197965434881,negative,8.86186235922963e-06
1244030199030833154,negative,2.290866273754144e-06
1244030199085314049,neutral,0.46395137405296316
1244030199605444608,negative,0.20718560062684083
1244030200075214850,negative,0.028327432802536714
1244030201090265088,negative,0.0007521372054329581
1244030202495328256,negative,0.02151845603040086
1244030204386906112,negative,0.12174294980978893
1244030204533706752,negative,3.4991352705879576e-05
1244030204789641217,negative,3.9474432983548134e-13
1244030205108391938,negative,0.24519935363873321
1244030206530203648,positive,0.9952702946177032
1244030207566241792,neutral,0.5295681979471095
1244030207670943744,negative,0.00019160700333068287
1244030209004888065,negative,0.15933350147004074
1244030209667588096,negative,7.152897048717898e-07
1244030209680171010,negative,5.414143647871088e-09
1244030209835307009,negative,0.000880040290534267
1244030210531643392,negative,0.022102209081306178
1244030211504705536,negative,0.0014333991321003048
1244030286247145472,negative,1.4086473221181512e-06
1244030287987773440,negative,1.3305506906941183e-05
1244030288511959041,negative,0.32363103249470154
1244030289069903879,negative,0.00038358290389550596
1244030290269519872,negative,0.00012894303834641325
1244030292953833473,neutral,0.5017543432377519
1244030293260058626,negative,0.12174294980978893
1244030294577025024,negative,1.3305506906941183e-05
1244030294702862339,negative,0.0004128042073071751
1244030294728065025,negative,0.06633469722220794
1244030295189475329,negative,0.003711121340096502
1244030295633989633,negative,0.008385032852712693
1244030296405794818,negative,0.01784191494058843
1244030296703619072,negative,0.12174294980978893
1244030297361895430,negative,0.0660487061573027
1244030299924844545,negative,4.745531322320067e-06
1244030301371871234,negative,0.0007660689595519391
1244030301510209536,negative,2.3410046561404475e-13
1244030301610872832,negative,0.26861794251094057
1244030303431282688,negative,0.27534252066720805
1244030303959736321,negative,0.1005020025611419
1244030304802799616,negative,0.050105465494868245
1244030305176092672,negative,2.3699353073471387e-05
1244030305314525184,negative,0.21723121982045732
1244030306992230400,negative,0.0027328007223159606
1244030307118039040,negative,0.00038968318885374676
1244030307747192832,negative,0.07526862322885941
1244030307776581634,negative,0.0005693219279341907
1244030308716105729,negative,0.0007021716720584312
1244030308879654913,negative,3.830550875495069e-05
1244030308913164288,negative,0.062460826604538854
1244030309311578112,negative,2.81023861953569e-05
1244030309441646592,negative,0.005472251933153424
1244030313077952512,negative,0.00012126040376531144
1244030313162051585,negative,8.878850068089232e-06
1244030313183010817,negative,4.0816985140795495e-05
1244030313485029378,negative,7.41116892140401e-05
1244030313942171651,negative,0.0004048483002042417
1244030314357325825,negative,1.635874626604992e-07
1244030315435352066,negative,0.01422291491174316
1244030315494072321,negative,1.031473424234949e-10
1244030316236476417,negative,0.062460826604538854
1244030316257456129,negative,1.4259331964280717e-06
1244030316332843009,negative,0.26861794251094057
1244030318471974913,negative,0.26670486438251473
1244030319801634816,negative,1.6244150930733108e-06
1244030320514564097,negative,3.822018781924926e-06
1244030322523672577,negative,0.0002763683674194341
1244030323387703299,negative,0.2019114061778001
1244030323496812546,negative,0.002706048635546959
1244030324323102720,negative,1.8864329386704146e-11
1244030325040308225,negative,0.000497436568013318
1244030325094834177,negative,3.3559522666737728e-06
1244030325669482496,negative,8.613200983459216e-08
1244030326646636545,negative,2.671305992750776e-05
1244030329096155138,negative,1.671077243544911e-05
1244030329100406784,negative,0.0004128042073071751
1244030330245468160,negative,1.0919495694785929e-06
1244030330350297089,neutral,0.3734886429250822
1244030330534854659,negative,1.0919495694785929e-06
1244030331126194176,negative,1.064431491878475e-06
1244030332699062272,negative,0.1078398608766827
1244030333588312065,positive,0.9748892945014194
1244030334162870273,negative,3.237708123600055e-07
1244030334175502336,positive,0.6880410424832291
1244030334871769088,negative,0.00013705393864689393
1244030335031140352,negative,0.0013240172345528843
1244030335156989954,negative,0.009572372601045648
1244030335219834880,neutral,0.3780161083962568
1244030335303720962,negative,3.098743101558004e-05
1244030335739887616,negative,0.050105465494868245
1244030337207996416,negative,5.095100902626428e-07
1244030337572798464,negative,0.013675212082815653
1244030338533330944,negative,0.009783545950861337
1244030340991258624,positive,0.932644518885109
1244030340995395585,negative,8.941149462615685e-05
1244030344321523714,negative,1.5117029735754827e-09
1244030344904523777,neutral,0.46395137405296316
1244030345860841473,negative,7.899689101301087e-07
1244030347937042440,negative,0.286400147579088
1244032155480711168,negative,0.05959106957967668
1244032155543633921,negative,2.7836976135803617e-07
1244032157737246720,negative,0.027682355108066617
1244032158412484608,negative,0.0030722161612802175
1244032158605496320,negative,1.0070782093415204e-05
1244032159347666945,negative,0.011237922833199111
1244032159356239872,negative,0.18801317566626244
1244032160325160963,negative,0.0005693219279341907
1244032161629573121,negative,0.10647718958249834
1244032163558932481,neutral,0.43446628434215023
1244032163860938755,negative,0.04024197280966543
1244032165039329280,negative,0.021493580813684677
1244032166008414209,neutral,0.46395137405296316
1244032167379980289,negative,0.037245444799674135
1244032167631618048,negative,0.009193878565365287
1244032167979683845,negative,0.0040287406309955495
1244032168080412673,negative,0.0013686997187537463
1244032169913221121,negative,1.4259331964280717e-06
1244032170068520960,negative,0.0018194776511158094
1244032171465224193,negative,2.234198843532257e-11
1244032173700718592,negative,0.11620372229754217
1244032175298789378,negative,2.073757666533609e-05
1244032175617585152,negative,0.18638868644820655
1244032177240788993,negative,0.0003409531881020962
1244032177299501056,negative,0.02920026362863414
1244032177391747072,neutral,0.33158769315644965
1244032177404329984,negative,0.012133340197822095
1244032177681190913,negative,0.06768464751183897
1244032178914295811,negative,0.0788926594063002
1244032179723735041,neutral,0.5179427544272217
1244032181615366145,negative,0.002549477107023364
1244032181997109250,negative,0.13772336860715256
1244032183536365571,negative,0.11538846096105913
1244032183720787969,negative,0.06263937801944887
1244032184710766595,negative,0.052710602855816635
1244032185088331777,negative,0.0004914262714729093
1244032185537085441,negative,8.927880117459936e-10
1244032185994293248,negative,1.4259331964280717e-06
1244032186027773956,negative,0.014594729460550218
1244032186468249601,negative,0.0003521067732304069
1244032187462291461,negative,0.12174294980978893
1244032187772567552,negative,0.024936132177466437
1244032191379714052,negative,0.0011354026399358346
1244032191417290752,negative,0.019318805519659085
1244032192012898306,neutral,0.46127768308170247
1244032192537231360,positive,0.8888151360802015
1244032193187459073,negative,4.745531322320067e-06
1244032193715978242,negative,1.3305506906941183e-05
1244032195129475072,negative,0.052710602855816635
1244032197117558784,negative,9.284624313601874e-10
1244032197188898816,negative,1.2462160587875808e-06
1244032199655071745,positive,0.9123988423054001
1244032199927742466,negative,0.003062035006484594
1244032199957102595,negative,0.2694771441592868
1244032200112254976,negative,4.980898909455859e-12
1244032200498196482,negative,0.002264747671855131
1244032201961938953,negative,4.065303553576479e-07
1244032202150760449,neutral,0.3707973309128359
1244032202603728900,negative,0.041785812705860424
1244032203903905792,negative,0.012617121828512082
1244032205250334721,negative,0.26861794251094057
1244032205275439106,negative,0.018665277096224255
1244032205330022402,negative,0.23401236104629689
1244032208467345409,negative,4.863263126768479e-07
1244032208500936705,negative,0.026707399922090595
1244032209570447361,negative,0.009783545950861337
1244032211671711747,negative,1.4157310993971022e-05
1244032213185892354,negative,1.4079048270957803e-09
1244032214213550080,negative,0.00012750865956685483
1244032214490284033,negative,0.18638868644820655
1244032215291498502,negative,0.00020787258199851576
1244032217506025472,negative,0.12174294980978893
1244032296661012482,negative,0.002682429371684567
1244032297101336577,negative,0.0001415849027319837
1244032298280013827,negative,0.07087824675056338
1244032300486144001,negative,1.4259331964280717e-06
1244032300968562688,negative,5.6927220254224055e-06
1244032301144702976,negative,0.0018194776511158094
1244032302327398402,negative,0.00026728114546472205
1244032302784577537,negative,0.0010168484749746834
1244032303040475136,negative,2.3699353073471387e-05
1244032303187267584,negative,1.8086085228854592e-05
1244032303833153537,negative,0.014559859026652643
1244032304168738817,negative,0.006857914063559177
1244032308480524288,negative,0.001282907249234437
1244032309302571009,negative,0.13249726493411515
1244032309415772161,negative,0.002398612365439477
1244032309663338496,negative,2.5358744972254747e-07
1244032310070083585,negative,0.07087824675056338
1244032310539943936,negative,4.30560850725105e-05
1244032311676547072,negative,5.353546158230642e-09
1244032314168008704,negative,0.011803343251657963
1244032314503573506,negative,0.26670486438251473
1244032315505946626,negative,0.028657357342268933
1244032316932005890,negative,0.03385579643331383
1244032317368291328,negative,1.4259331964280717e-06
1244032317573693441,negative,0.006895673982273858
1244032318391664642,negative,0.23195458848208747
1244032318702006274,negative,0.010810574239473897
1244032323122798594,negative,0.18638868644820655
1244032323160506368,negative,0.26861794251094057
1244032324045393927,negative,4.745531322320067e-06
1244032324938928135,negative,0.050105465494868245
1244032325308035072,negative,6.850305563406862e-05
1244032330089533440,negative,0.00020787258199851576
1244032331540725763,neutral,0.4334808246241936
1244032332002189321,neutral,0.6457423802859142
1244032332539006976,negative,8.86186235922963e-06
1244032332539015171,negative,0.0043709822338856025
1244032334061592576,neutral,0.5017543432377519
1244032334917259266,negative,0.014589325977450373
1244032335160500229,negative,3.477899216611826e-06
1244032335366021121,negative,0.005816930056757182
1244032335584116739,negative,1.527635097995199e-07
1244032336129392642,negative,0.005617235048609864
1244032336230055936,negative,0.00016988472011925256
1244032336334852096,negative,0.0005896355016029013
1244032336456486913,negative,5.691367030544984e-05
1244032336536252422,negative,0.019939883661599732
1244032337060540417,negative,0.0006109533446247392
1244032338520158209,negative,1.6963516803436512e-08
1244032338675236864,negative,0.019265451726235082
1244032341716107264,negative,0.04636012156385617
1244032343846912000,negative,3.249963739579537e-08
1244032344136220677,negative,0.00015503364341822265
1244032344635453452,negative,0.26861794251094057
1244032344891113472,negative,0.2678523211291252
1244032345604227073,negative,2.241932635608484e-05
1244032345843392514,negative,0.01634230037319982
1244032347219124225,negative,1.7829243901397485e-07
1244032347684638726,negative,0.03385579643331383
1244032347898613760,negative,0.01382226449491684
1244032350410899457,negative,0.005654553927314783
1244032350561939456,negative,0.12044418185152407
1244032351191085056,negative,0.005255358748036388
1244032351304396800,negative,0.005654553927314783
1244032351614582785,negative,0.14714600403021028
1244032351954493440,negative,6.540949924464835e-06
1244032352969543680,negative,0.12804202368366477
1244032427623952389,negative,0.0005542857250244886
1244032429356187648,positive,0.9498461873904868
1244032430144655360,negative,0.002071766602841128
1244032430933184512,negative,3.0649298018992365e-10
1244032431369457664,negative,0.026043112004540136
1244032432950697986,negative,0.00017562906028022995
1244032434263515138,negative,0.0024845480324096588
1244032440441634817,negative,8.351745876320962e-09
1244032441200893952,negative,0.0001033296232122839
1244032441884565505,negative,2.1567290585279386e-05
1244032442677239809,negative,0.00010407191181049973
1244032442744410119,negative,0.0011354026399358346
1244032443293655042,negative,0.006895673982273858
1244032444061319172,negative,0.009321389947794339
1244032445571379200,negative,0.26861794251094057
1244032446397480966,negative,0.002749260162305774
1244032447924371457,negative,0.26861794251094057
1244032448641601536,negative,0.030649545109780886
1244032449379786753,neutral,0.5017543432377519
1244032449493032963,negative,0.0012800171410221237
1244032450382135296,negative,1.1672181233124008e-06
1244032450701012992,negative,0.0004295873203000054
1244032451300786177,negative,0.10886123014681669
1244032452290588672,negative,7.579207130001531e-05
1244032453284696065,negative,1.221615874518851e-08
1244032454744256512,negative,3.22173724581678e-05
1244032456921165827,negative,4.9510910714341553e-14
1244032457063698433,negative,0.050105465494868245
1244032457327902725,negative,3.098743101558004e-05
1244032457378275328,negative,0.014594729460550218
1244032457399246848,negative,1.2701202326416943e-10
1244032458703732738,neutral,0.44544081627083265
1244032459039223810,negative,5.054471165400021e-05
1244032460071067651,negative,6.346693449941201e-09
1244032460427534344,negative,5.599856397888784e-06
1244032462935728128,negative,0.0011354026399358346
1244032463590109190,neutral,0.37639342402840226
1244032464034705408,negative,0.0007021716720584312
1244032464282169344,negative,6.370638512229896e-11
1244032464340824064,negative,0.002592944550631483
1244032466928705538,negative,0.11477533689444072
1244032467142656000,negative,1.1129886316756863e-05
1244032469155921920,negative,0.001311435971829198
1244032469755707394,negative,1.943763793024157e-05
1244032469873176581,negative,0.050105465494868245
1244032470573559808,negative,0.07378824829893628
1244032471420764162,negative,8.687583423667986e-06
1244032475397005312,negative,0.01256231162488757
1244032477255122944,negative,0.11578668201574374
1244032478538608643,negative,0.004828777862923496
1244032479402606592,negative,0.13037874000942773
1244032480014974981,negative,2.234198843532257e-11
1244032480656723968,negative,0.0007021716720584312
1244032482082729986,negative,0.00014446660422818232
1244032482841944071,negative,2.531113951575968e-06
1244032483131363328,negative,0.002549477107023364
1244032483722739712,negative,1.3456521388663729e-05
1244032484247027712,negative,0.018665277096224255
1244032484872007680,negative,0.0035132128497693707
1244032487124348928,negative,0.04750636814213002
1244032487187152896,negative,1.926961676269449e-09
1244032487728328704,negative,0.056535427794743555
1244032488785285127,negative,5.252580877717551e-07
1244032489703833602,negative,0.002549477107023364
1244032563305426947,neutral,0.49789225920557484
1244032563422920710,positive,0.9056772280058634
1244032563997523970,negative,0.12375939134151974
1244032564437962754,negative,0.05488079883976157
1244032565515882501,negative,2.6071944474271635e-06
1244032565733920768,negative,0.002715049321489482
1244032566971285506,negative,6.735307877660879e-08
1244032567722086401,negative,0.14259557731216022
1244032569664065537,negative,0.006895673982273858
1244032569844383746,positive,0.6880410424832291
1244032570142134272,negative,0.050105465494868245
1244032570817499139,negative,0.0012449888903218916
1244032572881088512,negative,6.735307877660879e-08
1244032574881701894,negative,0.000661512933771136
1244032575108243460,negative,2.308420646805572e-09
1244032575544459266,neutral,0.5086135964481541
1244032575959699458,negative,0.06583519295739124
1244032576429441024,negative,0.0008563045888964758
1244032577628971009,negative,1.1125151068502621e-05
1244032578740531200,negative,1.2462160587875808e-06
1244032579046686727,negative,0.12174294980978893
1244032580611198981,negative,2.9066251528216047e-05
1244032581705838594,negative,0.07816511844069576
1244032583672958977,negative,1.2462160587875808e-06
1244032583828111360,negative,8.053742250181891e-05
1244032584667074568,negative,9.70354831552215e-05
1244032584763543553,negative,0.07320003828335908
1244032585904291842,negative,0.00025780128777167313
1244032586248335360,negative,0.0025241793907642184
1244032586478956545,negative,4.745531322320067e-06
1244032587078795265,negative,0.06332776425028303
1244032587355639816,negative,0.12174294980978893
1244032587464609793,negative,0.26861794251094057
1244032587888279553,negative,0.00034604527519984865
1244032587988905989,negative,0.00034604527519984865
1244032588286738432,negative,0.286400147579088
1244032589255585794,negative,0.26861794251094057
1244032589800910848,negative,0.00031090719435272697
1244032590245486593,negative,7.2676361675091906e-06
1244032593588174849,negative,0.012483098122792732
1244032593949085697,negative,0.26861794251094057
1244032594024554497,negative,0.0007021716720584312
1244032594196533249,negative,8.787327884870743e-06
1244032594209054720,negative,0.0904614621064596
1244032595614142465,negative,3.1479261850593056e-05
1244032595769335808,negative,0.00011261821806384846
1244032595857412102,negative,2.980892765221567e-08
1244032596536954880,negative,0.20521756016550172
1244032597212135425,negative,0.031136176590922767
1244032597698715650,negative,0.014594729460550218
1244032599145807872,negative,0.0075953677263019765
1244032599959494657,negative,3.244267479986887e-05
1244032600886448134,negative,0.000177572095951942
1244032601146494978,negative,0.12174294980978893
1244032601360404481,negative,0.005654553927314783
1244032602497077248,neutral,0.4244895647229821
1244032602702569474,neutral,0.5017543432377519
1244032606380924928,negative,0.0015569904822956891
1244032606473158659,negative,1.4259331964280717e-06
1244032606653595650,negative,0.001398184530772106
1244032607911907334,negative,5.286474934665928e-07
1244032608473763841,negative,0.028587846126684222
1244032609245491200,negative,0.0002758992685117848
1244032609887432704,negative,1.4259331964280717e-06
1244032610017443841,negative,0.014014781929135224
1244032610273198081,negative,0.014594729460550218
1244032610357121025,negative,0.027682355108066617
1244032610805985284,negative,2.1798350560566423e-05
1244032611674132480,negative,1.7973093868819475e-05
1244032612710129667,negative,0.04570518946909718
1244032613536456704,negative,0.014594729460550218
1244032614027218946,negative,0.013769574176639585
1244032614920577024,negative,0.26861794251094057
1244032615239352322,neutral,0.5017543432377519
1244032615776161793,negative,1.4259331964280717e-06
1244032616212443136,negative,8.547828973540514e-06
1244032616677900289,negative,0.03151035384745183
1244032616740855808,negative,1.0305158402574936e-06
1244032617210621953,negative,0.15281146051775568
1244032617885949952,negative,5.0837214316593295e-09
1244032618141753345,negative,0.050105465494868245
1244032618510913536,negative,0.054457993725793775
1244032619735666688,negative,0.06015278951349491
1244032620712923137,neutral,0.5080937237182878
1244032621551771654,negative,0.26861794251094057
1244032622319349763,negative,0.11205038516520807
1244032624064106497,negative,6.915148276013292e-11
1244032624865263617,negative,9.294266975724955e-06
1244032625188253696,negative,0.00018518445720245544
1244032625548890113,negative,0.11054382434222741
1244032627511898113,negative,0.1175676393885548
1244032627843137536,negative,6.81658382821448e-06
1244032702384345089,negative,1.0305158402574936e-06
1244032705626595330,negative,0.006261424059050314
1244032707241402370,negative,0.00029423054596966643
1244032707652243456,negative,0.158449085703608
1244032708055109633,negative,0.0060996747068980985
1244032708080218114,negative,0.0597297491892702
1244032708650696706,negative,0.00038358290389550596
1244032710739402755,negative,0.2687799760519118
1244032711511044096,negative,0.0005659584555320478
1244032711947440128,negative,0.0257707566030682
1244032712152932352,negative,1.0919495694785929e-06
1244032712886943744,negative,0.00018518445720245544
1244032712899473409,negative,4.794273223985471e-09
1244032713100865536,neutral,0.5976860130909674
1244032714132594688,negative,0.04147485223685847
1244032715210534912,negative,0.002230792233267979
1244032717135572992,negative,0.00026728114546472205
1244032718712774657,negative,1.7973093868819475e-05
1244032719539011584,negative,0.0017898770164789318
1244032719924998144,negative,0.1078398608766827
1244032720566714368,negative,0.056535427794743555
1244032720583434240,positive,0.8318728219310029
1244032721653051392,negative,0.26861794251094057
1244032721673957377,negative,0.0007698929348117913
1244032722072371200,negative,0.011803343251657963
1244032722730917892,negative,1.680196048892643e-08
1244032722802225152,negative,0.26861794251094057
1244032723267837952,negative,1.7973093868819475e-05
1244032723376898050,negative,0.19742169694364622
1244032723414667265,negative,0.029151862082127097
1244032723758579712,negative,0.00021980694394053808
1244032724421263364,negative,0.0003204378887110868
1244032724962283520,negative,0.0006516962254135646
1244032725805391880,negative,4.7086289031753155e-07
1244032727181131776,negative,0.2566476569648661
1244032727302770688,negative,3.689113635328364e-05
1244032727701225474,negative,0.006028359169677356
1244032727860551680,neutral,0.5641791432907318
1244032728858791944,negative,0.04750636814213002
1244032729332801537,negative,2.1852015481549565e-05
1244032730482061315,negative,8.22231263798577e-05
1244032731153141760,negative,0.26861794251094057
1244032731648049154,negative,0.26861794251094057
1244032732067487748,negative,0.002495392003233457
1244032732142993413,negative,0.0007021716720584312
1244032732382089216,neutral,0.4482099482709276
1244032733313187840,negative,5.359803524223243e-06
1244032734219194370,negative,2.308420646805572e-09
1244032734743465984,negative,1.530157822254085e-09
1244032734747557894,negative,0.014594729460550218
1244032735343190027,negative,0.0008219173640866968
1244032735527743489,negative,2.0593489269130593e-06
1244032735716540416,negative,0.009857647294918162
1244032735771013128,neutral,0.49789225920557484
1244032736198897665,negative,0.12174294980978893
1244032736828030978,negative,0.0019897459872496156
1244032736869912577,neutral,0.6586321782900337
1244032738312826881,negative,0.26861794251094057
1244032738870595588,negative,0.0010157079605891803
1244032739189407744,negative,0.0018194776511158094
1244032740212854786,negative,0.02151845603040086
1244032742335135745,negative,0.025857487432460045
1244032743052382208,negative,2.303130406068805e-06
1244032745006870530,negative,8.056200336139348e-07
1244032746630066192,negative,0.041785812705860424
1244032746873380865,negative,0.002992281700234853
1244032748458778625,negative,0.006895673982273858
1244032748962095107,negative,2.277541692570389e-06
1244032749121482752,negative,4.178284667373732e-06
1244032749201170433,negative,2.0037162076767424e-05
1244032749423468550,negative,0.0005371315202804927
1244032750203568135,negative,0.0007466862924136157
1244032750417522691,negative,1.0919495694785929e-06
1244032750920830980,negative,0.0011354026399358346
1244032751587786753,negative,0.2566476569648661
1244032751973662725,negative,0.06963450306577648
1244032752061755394,negative,0.013769574176639585
1244032752502091784,negative,0.04160657871378668
1244032752690909184,negative,0.15726903164606826
1244032753546473473,negative,9.555476736663219e-07
1244032753814954001,neutral,0.41456154633562364
1244032753823363078,negative,0.050105465494868245
1244032753999454210,negative,0.12174294980978893
1244032754582503424,negative,0.002842312161260451
1244032754980982784,negative,0.018665277096224255
1244032755165511682,negative,0.20896813101236306
1244032757057150977,negative,0.001311435971829198
1244032758705532929,negative,3.9772641084120805e-05
1244032759070326785,negative,0.02149319771043585
1244032759124955137,negative,0.0037205245264597406
1244032759674306561,negative,1.3999635723407751e-05
1244032761633144832,negative,7.935075455700068e-09
1244032761649823745,negative,3.3931558034846823e-06
1244032762513932289,negative,4.316607851235083e-08
1244032762560090112,negative,9.247625067852539e-14
1244032836597932032,negative,5.363254517558018e-05
1244032839420530688,negative,0.14847906855404688
1244032839659724800,negative,0.0004128042073071751
1244032840129548288,negative,0.0022729389885385834
1244032840209248256,negative,0.13249726493411515
1244032840364371969,negative,0.0033408206308112296
1244032843518541830,neutral,0.4174490766695093
1244032844709715969,positive,0.9228125395980905
1244032845171089409,negative,0.00022657820506940003
1244032845724729345,negative,0.0005542857250244886
1244032845993123840,negative,7.165415408309606e-06
1244032846936842240,negative,0.0011354026399358346
1244032847268261889,negative,0.005644715121882861
1244032847276580865,negative,0.06015278951349491
1244032847830298628,negative,0.00036710729565502784
1244032849956818945,negative,0.014559859026652643
1244032851357687808,negative,0.0018194776511158094
1244032852213235712,negative,0.08804900121066397
1244032852452409344,negative,0.10219317821890077
1244032854536998917,negative,1.4147625174832788e-09
1244032855132508160,negative,2.81023861953569e-05
1244032855384174592,negative,0.0005693219279341907
1244032855430377473,negative,0.04502221508958675
1244032855489089537,negative,2.5477372152993877e-05
1244032856093077507,negative,0.0004913489771400464
1244032856118177794,negative,0.001057142697891322
1244032856441094149,negative,0.0009393933542821811
1244032856885731336,negative,0.10134384064009348
1244032857024139271,negative,1.898977354886466e-05
1244032862208151552,negative,0.011099127288833638
1244032863646949376,negative,1.4259331964280717e-06
1244032863735033864,negative,0.26861794251094057
1244032866004205568,negative,0.13406745981451493
1244032866088103936,negative,0.004087144716821475
1244032867128270849,negative,0.26861794251094057
1244032867602182150,negative,0.011803343251657963
1244032870680854528,negative,0.007309945736529707
1244032870785650690,negative,0.001097020370538151
1244032871167406081,negative,5.054471165400021e-05
1244032873163882499,positive,0.9972293158903188
1244032874644492289,negative,0.0011205118855080163
1244032875978203139,negative,1.7764628378300135e-08
1244032876829704192,neutral,0.49789225920557484
1244032877135826948,negative,0.0043919210974231035
1244032877806989313,negative,0.00036710729565502784
1244032878394118149,negative,4.686222380751921e-08
1244032879815995396,negative,0.0027354865352492925
1244032881535655937,negative,1.1044592718504841e-07
1244032883163095043,negative,1.2778650427668284e-07
1244032883427282945,negative,8.872339083114559e-06
1244032886119878656,negative,4.745531322320067e-06
1244032886514352128,negative,2.81023861953569e-05
1244032887613263872,negative,0.033262017758432835
1244032887705546755,negative,0.027682355108066617
1244032888007426055,negative,2.3843666922637925e-08
1244032888166928389,negative,0.2704089762997124
1244032888250740737,negative,0.002398612365439477
1244032889978859520,negative,2.0811469472423254e-12
1244032890368929792,negative,4.745531322320067e-06
1244032890373013505,negative,0.0016686607654364583
1244032892063236096,negative,0.015887996908581024
1244032892696756224,neutral,0.3780161083962568
1244032894290604034,negative,0.0002950628375770343
1244032894303113216,negative,0.05178824201802925
1244032894479282177,negative,0.003807648828972686
1244032895288737792,negative,0.022193619946231945
1244032896148668417,negative,0.009711049650698552
1244032897671024640,negative,8.340404360362812e-06
1244032897717342208,negative,0.0004778912677858084
1244032897763479553,negative,0.0653454439549332
1244032898719789056,neutral,0.3436001871532484
1244032898954596355,negative,4.745531322320067e-06
1244032899097165830,negative,0.006590556196065056
1244032989748699136,negative,0.00018518445720245544
1244032989794893824,negative,0.0011354026399358346
1244032990205919234,negative,0.10447221817823603
1244032991925592069,negative,0.26861794251094057
1244032992143605765,negative,0.0844307870472937
1244032992223338496,negative,0.27534252066720805
1244032992466669570,negative,8.501321060071712e-06
1244032993724751873,negative,0.014594729460550218
1244032993771106306,negative,0.050105465494868245
1244032993796263936,negative,0.26861794251094057
1244032994559623169,negative,0.00015785652320011737
1244032994639314944,neutral,0.3503976920455479
1244032995050377216,negative,2.628125451982244e-05
1244032995440447489,negative,0.001874648771938889
1244032997214556160,negative,0.0038715157550042543
1244032997353021442,negative,0.0030670423080643118
1244032998573346816,negative,0.013880718336064178
1244032999798210560,negative,0.04750636814213002
1244033000121262083,negative,0.20186175307300255
1244033000939159553,negative,1.3916746761853767e-06
1244033001186627585,negative,0.07738063053436034
1244033001534533637,neutral,0.49789225920557484
1244033004130856960,negative,9.539306782454062e-05
1244033004823089153,negative,0.28051707561528083
1244033004923748355,neutral,0.6448757593810837
1244033006114930690,negative,0.001057142697891322
1244033006874112002,negative,1.3350737127955716e-07
1244033007041884162,negative,0.009199218362497373
1244033007616483335,negative,0.0531846953863353
1244033008044314632,negative,1.2534058122615966e-06
1244033009139007489,negative,2.8016485226675026e-08
1244033012473397254,negative,0.10134384064009348
1244033012670566401,negative,1.8329224449634443e-07
1244033015006855168,neutral,0.49789225920557484
1244033015036157952,negative,0.26861794251094057
1244033015820533761,negative,0.0019897459872496156
1244033016357433349,negative,8.559678453995553e-11
1244033016390975489,negative,1.928964182169695e-05
1244033017913528326,negative,0.017238560648267027
1244033018542596096,neutral,0.5395981994168679
1244033019159236608,negative,6.979835453515064e-05
1244033019536605186,negative,4.7086289031753155e-07
1244033020300050434,negative,1.0919495694785929e-06
1244033020631420928,negative,0.004087454540502953
1244033020916568070,negative,0.002565989342793025
1244033022585974797,negative,0.06178097738833835
1244033023856820227,negative,2.3699353073471387e-05
1244033025383464967,negative,0.0022729389885385834
1244033029913432065,negative,0.02234536344726954
1244033030982942722,negative,0.14259557731216022
1244033031469322240,negative,8.053742250181891e-05
1244033033130426374,negative,0.26861794251094057
1244033033595953156,negative,0.25364710249427325
1244033034917154816,negative,7.9458392994206e-06
1244033042307481600,negative,0.021672320184958318
1244033043091853312,negative,0.01601908469232616
1244033043825909761,negative,4.811366027049011e-06
1244033045205745664,positive,0.6880410424832291
1244033045516234752,negative,2.60840734607499e-14
1244033046208294913,negative,0.013675212082815653
1244033046795489281,negative,1.0520548564467828e-05
1244033046820642819,negative,0.00502773731044742
1244033047621591041,negative,7.43927961820112e-07
1244033048330584064,negative,0.018665277096224255
1244033048510955527,negative,1.161110901723544e-14
1244033049182027781,negative,3.76044843886403e-07
1244033049748267008,negative,0.0024958492355542
1244033050629083137,negative,0.0008549515478084174
1244033052671651844,negative,0.0016607363961853245
1244033053225291777,negative,9.820072386825295e-09
1244033054378725377,negative,0.26861794251094057
1244033054408159232,neutral,0.5298098895753618
1244033054437527552,neutral,0.42347852960234056
1244033055716773892,negative,0.07325377656542267
1244033055972524033,negative,0.0007345545493111147
1244033056228466689,negative,0.00018044461109720814
1244033056320696323,negative,8.053742250181891e-05
1244033126583721985,negative,0.18545431448455674
1244033126671822848,negative,0.26861794251094057
1244033128714440707,negative,0.00037142758997736315
1244033128928284673,negative,9.81716616888192e-07
1244033129683324928,negative,0.02510534843288532
1244033130312470533,negative,0.006651458966378349
1244033131021250560,negative,0.015429581863275648
1244033131453255682,negative,0.0005542857250244886
1244033132443111425,negative,0.26861794251094057
1244033132631928834,negative,0.0004913489771400464
1244033133621755905,negative,0.004087144716821475
1244033134343192581,negative,0.0008219173640866968
1244033134343204865,negative,0.0007467264034113237
1244033135505006599,negative,0.18664894930337944
1244033136641691654,negative,0.09422803576861666
1244033136918487046,negative,0.015887996908581024
1244033137140805634,negative,0.0005693219279341907
1244033137379811331,negative,0.006101511884324467
1244033139317583878,negative,0.12174294980978893
1244033140089335808,negative,0.003582806687898681
1244033141020426243,negative,0.0004641419852391577
1244033143126007808,negative,1.6998097523566945e-06
1244033143339958272,negative,0.005551450355894418
1244033143419613184,positive,0.9939224500139047
1244033143457316869,negative,0.015722201816824485
1244033143574876168,positive,0.9498461873904868
1244033143725752320,negative,0.008232340338529919
1244033143780323337,negative,1.1182551228579495e-06
1244033144396939265,negative,0.014594729460550218
1244033145135136770,negative,0.009835040202481358
1244033145210535937,negative,0.26861794251094057
1244033146653478913,negative,0.0011354026399358346
1244033146695417858,negative,8.053742250181891e-05
1244033146724716544,negative,0.06004320472159591
1244033146812653573,negative,0.2019114061778001
1244033147219709960,negative,0.02303063513007944
1244033147232301064,negative,0.06963450306577648
1244033147626496004,negative,0.004451286015189981
1244033147936874497,negative,0.0005371315202804927
1244033150071771138,negative,0.00021131326377334074
1244033151577534468,negative,1.7973093868819475e-05
1244033152898736129,neutral,0.42191422235854953
1244033153049772032,negative,0.26861794251094057
1244033153184026626,negative,4.0064153582471943e-05
1244033155008466945,negative,0.0004913489771400464
1244033157416005632,negative,0.008849426993895767
1244033159437651968,negative,6.0780608103372904e-06
1244033160322703367,negative,0.0003840027465039512
1244033162046509058,negative,0.002549477107023364
1244033163179036674,negative,0.02731210449080485
1244033163824947213,negative,0.26861794251094057
1244033164269543427,negative,1.432671262519652e-12
1244033165808852995,negative,2.8302715036125007e-05
1244033167591424002,negative,3.689113635328364e-05
1244033167708782595,negative,0.0011949281065939817
1244033168564518914,negative,0.0004717902685145853
1244033169969512455,negative,7.351821138491339e-06
1244033170791632896,negative,0.050105465494868245
1244033170804178944,negative,0.0001495631243957396
1244033172376924160,negative,4.30560850725105e-05
1244033174189084672,negative,1.3305506906941183e-05
1244033174398697473,negative,0.26861794251094057
1244033174642085896,negative,2.7836976135803617e-07
1244033174868541441,negative,0.1657367103260502
1244033175149588483,negative,1.7973093868819475e-05
1244033175527047176,positive,0.9939224500139047
1244033177146085376,negative,0.0001301259778158428
1244033177313837058,negative,1.3845924741753504e-05
1244033177456427008,negative,8.530577857377737e-05
1244033178484051978,negative,4.30560850725105e-05
1244033180589535232,neutral,0.5179427544272217
1244033183697588224,negative,0.12174294980978893
1244033183961747461,negative,0.056535427794743555
1244033185811496961,negative,0.009857647294918162
1244033186755235840,negative,0.000661512933771136
1244033187346444288,negative,0.005654553927314783
1244033187673710592,negative,0.006651458966378349
1244033187858337792,negative,8.86186235922963e-06
1244033188583923712,negative,0.020765692728651787
1244033189074612226,negative,2.440949888318004e-05
1244033189380788224,negative,0.00038358290389550596
1244033189468950538,negative,0.015887075227701417
1244033190240583684,positive,0.774089201900103
1244033191402442752,negative,0.13014004655032496
1244033191964442627,negative,0.012133340197822095
1244033192476246018,negative,0.050105465494868245
1244033192589475843,negative,0.16191475006032777
1244033193277378562,negative,0.000661512933771136
1244033193952641024,negative,0.2566476569648661
1244033267474616322,negative,1.2116381577791046e-07
1244033267516542976,neutral,0.49789225920557484
1244033268284108800,negative,2.1567290585279386e-05
1244033270305771523,negative,0.2019114061778001
1244033270737747969,negative,0.00036710729565502784
1244033272327344128,negative,1.3305506906941183e-05
1244033273266921472,negative,0.0001415849027319837
1244033273594089474,negative,8.613200983459216e-08
1244033273598181376,negative,0.0004128042073071751
1244033274814611456,negative,0.001311435971829198
1244033276970323969,negative,0.14435515063908377
1244033277842915329,neutral,0.46395137405296316
1244033279696744448,negative,0.003925120179871866
1244033279877144579,negative,0.013675212082815653
1244033279935856642,negative,9.756724835092538e-08
1244033280103637005,neutral,0.46395137405296316
1244033281076707328,negative,0.000491448778102924
1244033282087571459,neutral,0.5179427544272217
1244033282636943360,negative,0.0007345545493111147
1244033282955714564,negative,0.025307864549473712
1244033283312226310,negative,0.00015818004180940078
1244033283509424128,negative,0.006847185758127365
1244033284994150402,negative,0.26861794251094057
1244033285283553280,negative,0.0008151438882853003
1244033286667743235,negative,0.013769574176639585
1244033288550965248,negative,0.0017468613865295488
1244033288701960192,negative,1.6517549232836484e-13
1244033289092022273,negative,3.675387900061296e-07
1244033289293369346,negative,0.14070501668785274
1244033291101110273,negative,0.014594729460550218
1244033292678107136,negative,0.008232340338529919
1244033293080760321,negative,0.07961388328889449
1244033294540460033,negative,0.009783545950861337
1244033295249178631,neutral,0.42347852960234056
1244033297077977088,negative,0.0008679803798881409
1244033298353053696,negative,1.9523430245600278e-07
1244033298361397249,negative,1.2190338388476058e-06
1244033298856398848,negative,9.113999215507195e-12
1244033299875536898,negative,0.011803343251657963
1244033300731224064,negative,0.014594729460550218
1244033301045817345,negative,0.0006584493607009693
1244033301091962888,negative,0.00016633798388258116
1244033301704314889,negative,1.7973093868819475e-05
1244033302178205700,negative,0.03565718576684943
1244033303088377856,negative,0.013769574176639585
1244033303218393088,neutral,0.43446628434215023
1244033303264612353,negative,0.029816510828341927
1244033303918907392,negative,1.7973093868819475e-05
1244033305399513090,negative,0.0010181912797112877
1244033306804523013,negative,0.08875367366456956
1244033309518282752,negative,0.007469315353799303
1244033309539172360,negative,0.00015818004180940078
1244033312340893696,negative,0.006590556196065056
1244033313154662400,negative,1.0291250131029556e-06
1244033313171337216,negative,0.26861794251094057
1244033313427410944,negative,0.0005542857250244886
1244033316258377729,negative,4.745531322320067e-06
1244033318401777669,negative,0.26861794251094057
1244033318582181888,negative,0.00010554487015042931
1244033319685275648,negative,0.18638868644820655
1244033321505603584,negative,0.00020076554923707118
1244033321954357248,negative,3.830550875495069e-05
1244033322084438016,negative,2.8128939016525732e-06
1244033322227060736,negative,9.483502793863495e-05
1244033322407378944,negative,1.7419128209043977e-15
1244033324114497543,negative,0.0007021716720584312
1244033325817376769,negative,0.12002253622923405
1244033328346533891,negative,0.014559859026652643
1244033330695286791,negative,0.06633469722220794
1244033331718733825,positive,0.9884372282819914
1244033333346078721,negative,0.009857647294918162
1244033333631291393,negative,0.00038358290389550596
1244033407388131328,negative,0.03369606829286868
1244033408982028299,negative,5.335674478037884e-05
1244033409481138178,negative,1.0658676670598606e-05
1244033409913098241,negative,0.10134384064009348
1244033410294784005,negative,7.218057958611089e-06
1244033410970128386,negative,1.4786953901989417e-09
1244033411657973767,negative,0.26861794251094057
1244033414006702080,negative,0.03914535013560267
1244033414656937984,negative,6.923989726042162e-07
1244033416275910656,negative,9.207913009236504e-07
1244033416905003010,negative,0.26861794251094057
1244033417848606721,negative,0.0037284303154011727
1244033418406526977,negative,0.02731210449080485
1244033419241295880,negative,1.625326430767498e-05
1244033420000403457,negative,0.005893458053542269
1244033420096872450,neutral,0.33615784285829126
1244033420654784523,positive,0.9939224500139047
1244033421510352899,negative,8.86186235922963e-06
1244033421598490627,neutral,0.6586321782900337
1244033422227419142,negative,3.2881377848043854e-06
1244033422307340288,negative,8.839464775498032e-05
1244033422798053376,negative,0.006651458966378349
1244033423003525124,negative,0.0020624910018968655
1244033423574011905,negative,0.19742169694364622
1244033424781950977,positive,0.789000008882175
1244033424815542272,negative,0.022167336901943318
1244033425587286017,negative,0.0010496090601723662
1244033425750843392,negative,0.025646268412239222
1244033426908491782,negative,0.03188168689804495
1244033427386462208,negative,1.1234192300517865e-08
1244033428284157965,negative,5.34710658478301e-08
1244033428292583424,negative,0.0003204378887110868
1244033429739425792,negative,1.4871252967606625e-08
1244033429991239680,negative,0.011803343251657963
1244033431471865858,neutral,0.5573250573640651
1244033431538974727,negative,0.01873619242960979
1244033431866085382,negative,0.041785812705860424
1244033431929044993,negative,0.00015818004180940078
1244033434462248960,negative,0.006590556196065056
1244033436588875784,negative,3.7624615639616204e-06
1244033437641703424,negative,0.001091424811617108
1244033438795083776,negative,0.0011354026399358346
1244033439193600001,negative,0.0008151438882853003
1244033439227133957,negative,0.11574050350465699
1244033439709515780,negative,0.1078398608766827
1244033440900579336,negative,0.10836408833524655
1244033440967688194,negative,0.2019114061778001
1244033441416589318,negative,0.0012488754903583884
1244033441454268422,negative,1.141117759387526e-09
1244033442456748035,negative,0.26861794251094057
1244033443857600512,negative,4.63337430540382e-09
1244033444339953669,negative,0.006651458966378349
1244033445787025408,neutral,0.3996580091506196
1244033446302879744,negative,1.1341060284468716e-07
1244033448047771651,negative,1.7973093868819475e-05
1244033448643309568,negative,0.00038358290389550596
1244033449314390016,negative,0.0013376860799761078
1244033449914228737,negative,0.041785812705860424
1244033450438471680,negative,0.02695486134332688
1244033451113820168,negative,2.3699353073471387e-05
1244033452166516736,negative,0.005654553927314783
1244033452229513221,negative,0.2091001675741583
1244033452523085826,negative,4.051348836110971e-07
1244033454469255169,positive,0.7542799431380158
1244033454771187714,negative,1.1125151068502621e-05
1244033457002594317,neutral,0.42209545027947737
1244033458168569858,negative,2.6785452141099215e-14
1244033458206322689,negative,0.0015573059039074876
1244033458919391234,negative,0.013208489472467748
1244033459917643783,negative,0.050105465494868245
1244033460345409536,neutral,0.5295681979471095
1244033461821812737,negative,3.320037510690598e-08
1244033463143055360,neutral,0.5017543432377519
1244033464346611712,negative,0.0005319498188173697
1244033464699097101,negative,3.192070337490638e-10
1244033464732712961,negative,0.000654994752833067
1244033464749432837,negative,0.0006180660786111856
1244033465105907715,negative,0.014594729460550218
1244033465122557953,negative,1.6603497732394745e-06
1244033466267820035,negative,0.02452385346991995
1244033466561368064,negative,0.26861794251094057
1244033466901159937,negative,3.3558970740399898e-09
1244033467685486594,negative,0.29399788587312975
1244033541391990788,negative,4.749712275103038e-11
1244033541631021060,neutral,0.35450192872041003
1244033541949751298,negative,0.11205038516520807
1244033542046310402,negative,7.2676361675091906e-06
1244033543002521607,negative,1.3806108222181885e-10
1244033543266803713,negative,0.0007345545493111147
1244033543497560065,negative,0.03914535013560267
1244033543648546816,negative,1.8929464564873014e-08
1244033544193806337,negative,0.286400147579088
1244033544520859651,negative,1.752172766393799e-13
1244033544529367040,negative,0.0020624910018968655
1244033546504855553,negative,0.07961388328889449
1244033547276558336,negative,0.0026550478120593154
1244033547846979584,negative,0.07961388328889449
1244033548287385600,negative,0.26670486438251473
1244033549084360705,negative,0.000880040290534267
1244033550833324034,negative,1.2254350523768985e-11
1244033551382843394,negative,0.00015818004180940078
1244033551554797570,negative,0.006651458966378349
1244033551793901568,neutral,0.6206139438634264
1244033552603328513,negative,7.125132821968852e-10
1244033552787943431,negative,6.735307877660879e-08
1244033553740029952,negative,0.0036000949111572233
1244033554323030017,negative,0.0005693219279341907
1244033556306972677,negative,0.008730913498061254
1244033556499902467,negative,0.26861794251094057
1244033557288321029,negative,0.12174294980978893
1244033557300940808,negative,0.26861794251094057
1244033557582004224,negative,0.00015818004180940078
1244033557623906304,neutral,0.6586321782900337
1244033558194335744,negative,1.1168217617437456e-06
1244033559221936129,negative,2.0733713183358587e-07
1244033559654010882,negative,2.509646651069539e-05
1244033560044019712,neutral,0.37784761597647326
1244033560174112771,negative,4.3584213747583674e-05
1244033560702574595,negative,0.00015954366015056675
1244033561403023364,negative,0.027682355108066617
1244033561805688834,negative,0.006454719637273045
1244033562552213507,positive,0.755016065139395
1244033564351619072,negative,0.059700552804008926
1244033564947156992,negative,1.1128616985964837e-05
1244033565039439872,negative,2.1272282058217925e-08
1244033566545186826,negative,0.26861794251094057
1244033567656677377,negative,0.0036604422588990305
1244033568327839744,negative,1.3413327606984748e-13
1244033568600449024,negative,0.0021107410812434392
1244033569460228096,negative,0.006281543958013009
1244033571372892160,negative,0.00015818004180940078
1244033573415501825,negative,0.06455010413125352
1244033573948133376,negative,0.001874648771938889
1244033574266863618,negative,0.050105465494868245
1244033574279335936,negative,1.7580699415618457e-06
1244033580642316289,negative,0.017829218041176695
1244033581409873925,negative,2.268216171488906e-05
1244033581644763141,negative,4.3042528107752975e-05
1244033582743633922,negative,0.006590556196065056
1244033583142010881,negative,0.0008632306456406835
1244033583611883527,negative,2.944190753066732e-09
1244033584714977280,negative,0.00026350508209731525
1244033585281142784,negative,0.0027328007223159606
1244033587005067265,negative,4.7086289031753155e-07
1244033589198704640,negative,0.0016123737292168645
1244033589412532226,negative,0.00015818004180940078
1244033590989475840,negative,0.00018344331606404656
1244033591346110471,negative,0.00015818004180940078
1244033591723593736,negative,4.581886039210707e-08
1244033592675762182,negative,0.13763923746611909
1244033592747012101,neutral,0.49789225920557484
1244033593145425920,negative,0.006328133809005535
1244033593631965185,negative,0.005608205573738546
1244033594261008384,negative,0.2114744556526462
1244033594349236225,negative,0.050105465494868245
1244033594839969793,negative,5.345795376440647e-07
1244033595846660096,neutral,0.5017543432377519
1244033596589068295,negative,3.8763372940559214e-05
1244033597306277888,negative,6.029587371602645e-09
1244033598925279232,negative,3.4936335243208493e-06
1244033599344717831,negative,9.097518867152112e-10
1244033599558619138,negative,0.26861794251094057
1244033600133218305,negative,0.04880136801565668
1244033600527511560,negative,0.009543569211062499
1244033600766578689,negative,0.04880136801565668
1244033601622044672,negative,0.041563168049635085
1244033602087727106,negative,0.0003204378887110868
1244033602209398787,negative,0.02151845603040086
1244033680491687936,negative,0.006895673982273858
1244033680722583553,negative,0.12174294980978893
1244033681829879812,negative,0.27062560621985604
1244033682068865025,negative,0.12249597575537353
1244033682941390848,negative,8.86186235922963e-06
1244033683482427398,negative,0.024516999608422164
1244033683939643400,negative,0.07268875325365398
1244033684212191232,negative,0.009857647294918162
1244033684652597249,negative,3.343051272137522e-13
1244033685256654850,negative,1.1125151068502621e-05
1244033685617246208,negative,0.0007345545493111147
1244033685977997313,negative,2.1567290585279386e-05
1244033687064379394,negative,0.13980641884066983
1244033687118741504,negative,0.013675212082815653
1244033687777230848,negative,0.012597379588580301
1244033687903182850,negative,3.269640916992588e-06
1244033689627037698,negative,2.308420646805572e-09
1244033690436603905,negative,0.26861794251094057
1244033691531251713,neutral,0.5086135964481541
1244033692122693632,negative,1.7854540918870717e-08
1244033692730867715,negative,0.0016075445483447726
1244033693246803970,negative,0.00015818004180940078
1244033693267755011,negative,4.150562177974453e-06
1244033693318107143,negative,0.002549477107023364
1244033693645185031,negative,8.86186235922963e-06
1244033694580514817,negative,0.0025498752886884365
1244033697424211971,negative,0.013769574176639585
1244033698460205056,negative,0.16458198117746822
1244033701329108992,negative,0.00015818004180940078
1244033701547331587,negative,0.00020787258199851576
1244033702704939009,negative,0.0011354026399358346
1244033704172847104,negative,0.32123869805104227
1244033704881684486,negative,1.5320953650397434e-09
1244033707419279360,negative,5.345795376440647e-07
1244033711454158848,negative,0.00019878157369862054
1244033712507011072,negative,2.9628339082139503e-21
1244033713102561281,negative,8.414488127292312e-06
1244033713610072065,negative,0.044182490359423864
1244033713790504966,negative,0.0015737200626532333
1244033713941381121,negative,0.014594729460550218
1244033714012803072,negative,8.053742250181891e-05
1244033714327302144,negative,0.00013962417376379847
1244033717594722312,negative,0.0055780834585129
1244033718332899329,negative,0.1467583084316125
1244033719725424640,negative,0.0005619721704406576
1244033720677470214,negative,0.26861794251094057
1244033720899813376,negative,0.00015818004180940078
1244033721008865283,negative,0.07961388328889449
1244033721101156356,negative,0.002264747671855131
1244033723093471240,negative,0.0017158803913904456
1244033723110170630,negative,4.30560850725105e-05
1244033723642888193,negative,0.000925840332928823
1244033724477575168,negative,0.005309581676169589
1244033724796321792,negative,0.12482713587021807
1244033726029475843,negative,1.417383484930464e-05
1244033726977318914,negative,0.021302723117755756
1244033728252387328,negative,1.4259331964280717e-06
1244033728395034625,negative,8.86186235922963e-06
1244033730500575234,negative,8.073084687509097e-09
1244033730794196995,negative,6.735307877660879e-08
1244033731503013888,negative,0.005566800623075188
1244033731955961863,negative,0.022404812376868758
1244033732127981568,negative,0.008470711340109353
1244033732530577416,negative,2.628125451982244e-05
1244033732689854464,negative,0.006651458966378349
1244033733591732225,negative,1.2462160587875808e-06
1244033740218568704,negative,0.12375939134151974
1244033740436836352,negative,0.00010476328527058607
1244033814227279872,negative,0.014594729460550218
1244033814520827904,negative,0.0011582989172944657
1244033815649169410,negative,2.6853929119525857e-13
1244033816693538817,negative,0.0008632306456406835
1244033817662435334,negative,1.3037922629642427e-09
1244033818203492357,neutral,0.46395137405296316
1244033818501296128,negative,1.1456096964013987e-05
1244033818773860360,negative,0.01694951431511503
1244033819944108032,negative,0.00037344359073641697
1244033820069965826,negative,0.08349284249263554
1244033822196457472,negative,0.0010940719995687425
1244033824683692035,negative,0.041785812705860424
1244033824864026624,negative,0.26670486438251473
1244033826009079815,negative,1.354828909240997e-08
1244033826361409543,negative,0.04714738541344269
1244033826474598402,negative,0.007200042322789161
1244033827309342720,negative,0.0001188121424108051
1244033827682619393,negative,0.014594729460550218
1244033828101947392,negative,0.26861794251094057
1244033828135424000,negative,0.00919159488233027
1244033828404056066,negative,0.00035630307057077685
1244033828718608385,negative,0.31738219341518686
1244033829033082880,negative,1.7005567290178954e-08
1244033829335117830,negative,0.0007345545493111147
1244033829419061249,negative,1.4626513545756331e-07
1244033829683240960,negative,0.03914535013560267
1244033829951754241,negative,1.7538688074152639e-07
1244033830681534470,negative,2.308420646805572e-09
1244033831067242496,neutral,0.49789225920557484
1244033832086577153,negative,1.5233443560827421e-05
1244033832845750277,neutral,0.49789225920557484
1244033838113792002,negative,0.00032622343770004905
1244033838805929995,negative,0.0005542857250244886
1244033840005423106,negative,8.053742250181891e-05
1244033840122867712,negative,0.0097492328640036
1244033840345223179,negative,6.553072285477266e-15
1244033840475262977,negative,6.180027219800494e-05
1244033841641205771,negative,1.9349078866107522e-07
1244033842589114376,negative,2.015529748827533e-07
1244033844577255425,negative,0.0030115578480171337
1244033845281898497,negative,0.011803343251657963
1244033846296956928,negative,0.03950800736029897
1244033846645067778,negative,4.364889779327667e-07
1244033846666039296,negative,0.0011354026399358346
1244033848599511042,negative,0.0007891416007788208
1244033849245478915,negative,0.008324869278395635
1244033850503725060,negative,4.520055543060955e-08
1244033850700955653,negative,4.3584213747583674e-05
1244033851862781952,negative,0.00015818004180940078
1244033853867675650,negative,0.0011983002540194966
1244033853943054337,negative,0.06633469722220794
1244033854911979520,negative,0.0008347034632040472
1244033855692161024,negative,8.141755310708078e-16
1244033856195395584,negative,1.1963590569281357e-06
1244033857269248001,negative,0.26861794251094057
1244033859462848513,negative,0.027872575038150226
1244033860435718145,negative,0.0022729389885385834
1244033861052440576,negative,0.2412284958736482
1244033862658859008,negative,1.7006895810019736e-05
1244033863032229888,negative,3.739299783624098e-09
1244033863103504387,negative,1.4259331964280717e-06
1244033864403750914,negative,0.014559859026652643
1244033864764395520,negative,7.357128021060603e-07
1244033864768634880,negative,0.019460708386958316
1244033865339019268,negative,0.00048192452553678163
1244033865448112129,neutral,0.4174490766695093
1244033865901096963,negative,0.00015818004180940078
1244033866903490566,negative,0.056535427794743555
1244033867922759685,negative,0.0002545950680242287
1244033868015063048,negative,0.06178097738833835
1244033869294305280,negative,0.002233023383423262
1244033869940232193,negative,0.26861794251094057
1244033872402284545,negative,0.00038358290389550596
1244033873413111809,negative,3.3319579582118776e-11
1244033875145261058,negative,0.00018029434248671545
1244033876202344448,negative,0.014594729460550218
1244033950873538566,negative,0.00431957293292679
1244033951200694273,negative,0.012597379588580301
1244033953683705859,negative,0.001874894748102963
1244033953738129410,negative,0.0003486760375464139
1244033953851412482,negative,0.00016988472011925256
1244033954749075456,negative,0.14259557731216022
1244033955214569474,neutral,0.4507454498615163
1244033955361361920,negative,0.006590556196065056
1244033955541790721,negative,0.005913571808440164
1244033955596242944,negative,1.3441388948613116e-07
1244033955596316673,negative,0.0008594191791074993
1244033957081026567,neutral,0.4411980627896982
1244033958892965893,negative,0.26861794251094057
1244033959023034382,negative,2.308420646805572e-09
1244033959597654016,negative,0.0012478590329871781
1244033961501904897,negative,0.0014315843324591519
1244033961866801153,negative,0.07961388328889449
1244033962030366720,negative,0.186233419444591
1244033962055479297,negative,0.08327079854496373
1244033962512732164,negative,0.011377416117303377
1244033964190380032,negative,0.011803343251657963
1244033965431889927,negative,0.0006604583956070049
1244033966430212096,negative,4.7086289031753155e-07
1244033966635712512,negative,0.013208489472467748
1244033966857949195,negative,0.0006007444650267308
1244033967776583681,negative,0.11791043268127095
1244033967902330881,negative,0.10491061046542785
1244033968560881664,negative,0.07961388328889449
1244033969064226819,negative,0.002946386859767212
1244033969248747521,negative,0.19742169694364622
1244033972214075394,negative,5.528395578182263e-12
1244033972801343489,negative,0.0008151438882853003
1244033973132689409,negative,0.013516159984042281
1244033973388484609,negative,0.17808261377631385
1244033973841518594,negative,0.0001415849027319837
1244033974118342659,negative,5.3453598759667e-06
1244033976597127171,negative,0.10045096184608983
1244033978367119365,negative,0.06963450306577648
1244033979558354946,negative,0.006590556196065056
1244033980443299840,negative,0.11526754809558354
1244033981890400258,negative,0.0013682519758355907
1244033982032986116,negative,0.009145528834466052
1244033982213341184,negative,0.000661512933771136
1244033982339088384,negative,2.8472672694434366e-07
1244033982905409542,negative,1.229300841297356e-05
1244033983802900481,negative,0.026624935285335674
1244033983815520259,negative,7.351821138491339e-06
1244033984713109504,negative,6.3940752648544e-05
1244033984914481152,negative,0.00015818004180940078
1244033985795231746,negative,4.240372267689679e-06
1244033986705477637,negative,0.00034624881289803524
1244033988047577092,negative,1.282373017124351e-08
1244033988882321409,negative,1.7973093868819475e-05
1244033993961603073,negative,0.26861794251094057
1244033995244961794,negative,0.00026059742247797583
1244033995685482497,negative,0.0001395411916418055
1244033995966472196,negative,0.0007021716720584312
1244033996331286528,negative,0.206522932765969
1244033997115658242,neutral,0.5017543432377519
1244033999183503361,negative,0.008312580711117132
1244033999779106821,negative,1.8590437124129668e-06
1244033999946895361,negative,0.001971480695277134
1244034000039051264,negative,0.0021142043725012397
1244034000433315843,negative,0.26861794251094057
1244034001058357250,negative,1.8907564439568722e-06
1244034001205104643,negative,0.00011605919896467551
1244034002157285377,negative,0.00015818004180940078
1244034002245300224,negative,3.20077367297898e-05
1244034003071631360,negative,0.013769574176639585
1244034003394428928,negative,0.002749260162305774
1244034004061507587,negative,3.807031079983824e-05
1244034004250234881,neutral,0.49789225920557484
1244034004535345165,negative,0.011022277316039324
1244034004652826624,negative,0.06015278951349491
1244034004912934919,negative,0.14388765119419047
1244034005210726402,negative,0.0003606288206565061
1244034005550477314,negative,0.0316467282865693
1244034007710474243,negative,0.00015818004180940078
1244034007903461376,negative,0.00038358290389550596
1244034007991549953,negative,0.0022246936065748943
1244034008436166657,negative,8.053742250181891e-05
1244034011577700356,negative,0.12174294980978893
1244034011892191233,negative,0.00614258333782987
1244034012173213696,negative,0.015887996908581024
1244034012210962433,negative,1.8631661250919335e-05
1244034012781465601,negative,0.0025241793907642184
1244034087733669888,negative,2.7836976135803617e-07
1244034087754641413,negative,0.0018579135158515328
1244034089105137664,positive,0.8715994797399631
1244034089574961153,negative,2.423381762819988e-06
1244034090166296576,negative,9.89623286246752e-09
1244034090283737095,negative,1.7973093868819475e-05
1244034090921312259,negative,8.86186235922963e-06
1244034090971561985,negative,0.00012540326674790375
1244034093215555585,negative,0.001966918305418696
1244034093605629953,negative,0.009145528834466052
1244034093811146754,negative,0.002934236529395514
1244034095736291328,negative,0.0489913216995151
1244034096315203585,negative,0.12764080028775585
1244034096340381696,negative,1.4592852231894118e-06
1244034097422438401,negative,0.0068525382628882425
1244034097682345984,negative,1.6123732928369317e-05
1244034097716043777,negative,0.023266479988626843
1244034100517916673,negative,0.00015818004180940078
1244034100551397378,negative,2.8764169390833653e-07
1244034100916367362,negative,7.2676361675091906e-06
1244034101734244353,negative,0.0002088779803552696
1244034101776171008,negative,0.0007021716720584312
1244034104221487107,negative,0.06178097738833835
1244034107010617346,negative,0.0033415276882402182
1244034107102953473,negative,0.001554985028729175
1244034108470198273,neutral,0.6017557981637061
1244034108768034819,negative,0.04703709238456276
1244034110122790918,negative,7.924163163577863e-05
1244034110705844225,negative,0.08627150232627401
1244034111192338432,negative,0.0008004112326864118
1244034111926423563,negative,0.26861794251094057
1244034112102576128,neutral,0.46395137405296316
1244034113289551872,negative,0.00034604527519984865
1244034113885044736,negative,1.1125151068502621e-05
1244034113889284096,negative,0.19777731188894648
1244034114161868802,negative,0.00015818004180940078
1244034115873234944,negative,0.01256231162488757
1244034119073439744,negative,0.050105465494868245
1244034120784711681,negative,5.949102281040744e-12
1244034120981905411,negative,4.745531322320067e-06
1244034121397145600,negative,0.00015818004180940078
1244034121514586114,negative,0.0002378809919242811
1244034121686339584,neutral,0.5666140499822833
1244034122080714755,negative,6.6240243945886e-05
1244034122219229192,negative,3.1661117481699557e-07
1244034124290985984,negative,0.12675558470853435
1244034126673567744,negative,3.8602757731046196e-05
1244034127545991168,negative,0.08402234880603807
1244034128149983232,negative,0.24842114482128277
1244034129446002688,positive,0.9788170245126807
1244034129748000770,negative,0.050105465494868245
1244034129945153536,negative,0.020952991337322213
1244034130561699842,positive,0.7542799431380158
1244034130674888704,negative,3.394142132968473e-05
1244034131199172609,neutral,0.38150079658714037
1244034133552238592,negative,0.00012540326674790375
1244034133606699012,negative,0.0025474349968372255
1244034133921353728,negative,0.14629905548479552
1244034135158595586,negative,3.126103225173408e-08
1244034135691268103,negative,0.12375939134151974
1244034137188708358,negative,0.26861794251094057
1244034137746530304,negative,0.03914535013560267
1244034138103074816,negative,2.628125451982244e-05
1244034138350538758,negative,0.011867862240755561
1244034139394912256,negative,2.308420646805572e-09
1244034139935956992,negative,8.941149462615685e-05
1244034140363784192,negative,0.013208489472467748
1244034140728700929,negative,0.01432985497543183
1244034141445861377,negative,0.005541051405701545
1244034141756276737,negative,0.0001947565951638648
1244034143396208640,negative,1.4259331964280717e-06
1244034143572430853,negative,0.15590945216173224
1244034145619238913,negative,0.04915311652894404
1244034147225669633,negative,0.0376471220431652
1244034147397632000,negative,0.002398612365439477
1244034148353945600,negative,0.22492484306348873
1244034150396579841,negative,0.26670486438251473
1244035946468777984,negative,0.06844460901376934
1244035948347875328,negative,0.0001460312517786704
1244035948645625856,negative,0.002706048635546959
1244035951040610307,negative,0.0002446784807201863
1244035952789598215,negative,0.02653048275505941
1244035955377541120,negative,0.006651458966378349
1244035955763351554,positive,0.7657727971174509
1244035959160799232,negative,9.483502793863495e-05
1244035959374712833,negative,0.02926662548859901
1244035959664062464,negative,1.2820562314111078e-06
1244035960804904964,negative,1.2446711948115281e-06
1244035960846708736,negative,3.343051272137522e-13
1244035961358618632,negative,0.004713670115234507
1244035961668993030,negative,0.1056915518231061
1244035966064525316,negative,0.013675212082815653
1244035966282731524,negative,0.09469521736740948
1244035966811230208,negative,0.26861794251094057
1244035967092170757,negative,1.1007279924365443e-13
1244035967188635651,negative,0.0011354026399358346
1244035968144941069,negative,8.613200983459216e-08
1244035969340395520,negative,2.2744802769240762e-05
1244035969596211200,negative,1.7860701178671388e-05
1244035970464448513,negative,0.04160657871378668
1244035971177500673,negative,0.012046032815534008
1244035973429723136,negative,0.00013997518798138835
1244035974587469826,negative,0.03385579643331383
1244035975183032320,negative,0.0004913489771400464
1244035975665332230,negative,3.9772641084120805e-05
1244035976168714240,negative,0.26861794251094057
1244035976340615168,negative,0.00036579594896153547
1244035977779261442,negative,0.12174294980978893
1244035978580328466,negative,0.00015818004180940078
1244035979905818625,neutral,0.47791319841616553
1244035980606222347,negative,8.103027186765207e-06
1244035982162354183,negative,0.01669329316103542
1244035982766280704,negative,0.00011882998406078958
1244035983458304001,negative,0.10031686805292321
1244035983827492864,negative,0.002345516047920664
1244035984414687232,neutral,0.49789225920557484
1244035985891000321,negative,2.0318771300628728e-07
1244035987996659713,negative,0.0018194776511158094
1244035988923527168,negative,0.0027315092805266345
1244035989003218946,negative,0.007456857837877445
1244035990181871624,negative,0.2573263637769784
1244035991284912130,negative,8.42116574985003e-05
1244035992304189441,negative,0.0056208215374589305
1244035995068071936,negative,0.0012342289313488316
1244035995106004992,negative,0.28051707561528083
1244035995600932864,negative,0.00028106285006570175
1244035997110882307,negative,0.008337661223230245
1244035997584760833,neutral,0.5370409877195221
1244035998192939010,negative,8.053742250181891e-05
1244035999119880192,negative,0.0018117061526212144
1244035999233122305,negative,2.3699353073471387e-05
1244035999543558147,negative,0.00026728114546472205
1244036000705323018,negative,0.1699660991128697
1244036000978010114,negative,0.04609805192603871
1244036002328522758,negative,7.5841240793587106e-06
1244036002848661507,negative,1.3668386848854467e-09
1244036003167436800,negative,0.00013075585224402216
1244036003192606726,negative,0.023330082255256557
1244036003951775753,negative,1.4504522130747188e-06
1244036003997892615,negative,0.001077647147372271
1244036004845096962,neutral,0.46127768308170247
1244036004903817223,negative,0.00010412789422120818
1244036004966584322,negative,0.0007306747666182523
1244036005004484617,negative,2.058421760783778e-10
1244036005902024707,negative,0.0025241793907642184
1244036007323930625,negative,0.19742169694364622
1244036008162865156,negative,0.015964871803038704
1244036010104717318,negative,0.0007522154077895559
1244036081646997506,negative,0.27534252066720805
1244036082271952900,negative,6.830125764505416e-05
1244036082771136512,negative,0.014594729460550218
1244036082938908674,negative,6.179575693783081e-06
1244036084163579904,negative,0.000778960333604364
1244036084394332160,negative,0.26861794251094057
1244036084444602368,negative,3.8602757731046196e-05
1244036086600552449,negative,0.004451286015189981
1244036087137402881,negative,1.3497304327563476e-08
1244036087569428480,negative,0.007673211597158783
1244036088622129153,neutral,0.6586321782900337
1244036088932585473,negative,0.000565494803555563
1244036089372868608,negative,0.1204684442941493
1244036089456844803,negative,0.0004093674945277874
1244036089825964032,neutral,0.4411980627896982
1244036090266296320,negative,0.27654114909757643
1244036091793100805,negative,0.052710602855816635
1244036091948212227,negative,4.79906060328821e-05
1244036092556386305,neutral,0.5887973398928581
1244036092732542985,negative,2.676412868678944e-08
1244036092887777280,negative,0.04750636814213002
1244036094968115200,negative,2.411814473916591e-09
1244036096503275521,negative,0.044182490359423864
1244036097212141570,negative,0.0022717301506502484
1244036098466209794,neutral,0.5427258950452689
1244036098667536384,negative,0.009987669017037822
1244036099737038848,negative,2.8019321309270335e-05
1244036101528072193,negative,0.07992366215531613
1244036102647951362,negative,1.2462160587875808e-06
1244036103138615296,negative,0.07758737477683962
1244036103507709953,negative,0.00011605919896467551
1244036103901937666,negative,0.010047197776662
1244036104891834377,negative,0.000661512933771136
1244036105537826816,negative,0.001080414809665676
1244036105726496769,negative,3.9772641084120805e-05
1244036106863206400,negative,0.17909100012207968
1244036107672662018,negative,5.038590500852553e-09
1244036108482236422,negative,0.00010291291117230715
1244036109232943104,negative,0.2753316796987492
1244036109723713537,negative,0.0002024873937665394
1244036110625509379,negative,0.005120566471496349
1244036110667276288,positive,0.9725027426933645
1244036111917371392,negative,0.0018194776511158094
1244036112215150597,negative,0.00013483668537615643
1244036112332529664,negative,0.00010798575645861017
1244036113842536449,negative,0.29337428232732626
1244036114891124736,negative,0.1319758600575026
1244036114987593728,negative,0.2401214867611501
1244036114991788033,negative,3.459647023321658e-09
1244036117126688774,negative,0.011803343251657963
1244036117554434050,negative,0.08120242958749503
1244036118271733760,negative,0.06543093989268262
1244036122335993858,negative,0.00018038683574077456
1244036122545721348,negative,1.7829243901397485e-07
1244036123208429569,negative,5.30777997043838e-05
1244036124017901569,negative,3.20077367297898e-05
1244036126744158209,negative,0.001971480695277134
1244036128564547591,negative,0.0032636542523303076
1244036130116382720,negative,0.014594729460550218
1244036130208694272,negative,0.0020802628661714144
1244036131295027202,negative,3.910500303132396e-13
1244036131391442951,negative,1.3984163606713385e-06
1244036132876234752,negative,0.01694951431511503
1244036133367033856,negative,0.26861794251094057
1244036135942336512,negative,0.28451456394099744
1244036136214892546,negative,0.26861794251094057
1244036136214900741,negative,0.0022729389885385834
1244036136227549184,negative,0.12525468659054087
1244036136835710977,negative,0.019318805519659085
1244036137473191939,negative,3.7540652174405403e-10
1244036138039488514,negative,4.745531322320067e-06
1244036138073034752,negative,0.04308485395725152
1244036138958041093,negative,1.2462160587875808e-06
1244036139394183170,positive,0.9976328912949823
1244036139406766094,negative,0.08463996663939824
1244036140665114624,negative,3.877672698326803e-11
1244036141906636803,neutral,0.5272800465105069
1244036142044983300,neutral,0.4411980627896982
1244036142191828998,neutral,0.46547449472486513
1244036142347030531,negative,0.0025664207252987566
1244036143097708544,negative,8.560504768737639e-07
1244036145324994561,negative,0.009230695001506653
1244036147292123136,negative,0.02151845603040086
1244036147631853571,negative,0.0005693219279341907
1244036147690582016,negative,0.01690910247474112
1244036218846949376,neutral,0.6586321782900337
1244036222005190656,negative,7.224814560987492e-10
1244036222269480961,negative,0.002715049321489482
1244036223708082183,negative,0.2251466742133602
1244036224278507526,negative,0.0004093674945277874
1244036224400138243,negative,0.056535427794743555
1244036224920293376,negative,0.0038803414288582686
1244036225310298118,negative,0.06691013106067031
1244036225540984834,negative,0.002592944550631483
1244036226367315969,negative,0.04289612363461082
1244036226681901061,negative,0.005654553927314783
1244036226879012866,negative,0.07087824675056338
1244036227654877185,negative,0.02309540178495472
1244036228510605314,neutral,0.5017543432377519
1244036231253626881,negative,6.711512322726124e-09
1244036231811543042,negative,0.05115754844198758
1244036231987638283,negative,7.354243614731921e-05
1244036232461549578,negative,0.00015818004180940078
1244036235317870593,negative,0.050105465494868245
1244036236580446208,negative,4.3582069279482593e-07
1244036236605620228,negative,0.005472251933153424
1244036238417563649,negative,0.0020141780934046427
1244036239445164035,negative,0.03393041108147632
1244036240627904520,negative,0.0008641926699896034
1244036241315827712,positive,0.7038387443725804
1244036243417071616,negative,2.5250990088044877e-14
1244036245166206978,negative,1.677482435134723e-08
1244036245388496901,negative,1.340793798807573e-08
1244036246181154818,negative,0.012660624779124566
1244036247250665474,negative,0.0005542857250244886
1244036247804350466,neutral,0.6586321782900337
1244036248454541312,negative,0.12174294980978893
1244036248550899713,negative,0.07961388328889449
1244036249284993025,negative,0.008232340338529919
1244036250904014850,negative,0.0008280574362558488
1244036252577521664,negative,0.011383571810068287
1244036253458354178,negative,0.014594729460550218
1244036254087462913,negative,9.071172170786194e-05
1244036254422970368,negative,0.26861794251094057
1244036255383519233,negative,0.056535427794743555
1244036255450529792,negative,0.050105465494868245
1244036255849099264,negative,0.17210698906125474
1244036256545288192,negative,0.0002378809919242811
1244036256574603271,negative,3.0063917178752574e-09
1244036256721485826,negative,0.2678523211291252
1244036256935354368,negative,0.01978329303472183
1244036257455452163,negative,0.006895673982273858
1244036258004963330,negative,0.00010848519254344202
1244036258491498501,negative,0.005120566471496349
1244036259456208899,negative,3.079457964475812e-05
1244036259741339662,negative,0.0068525382628882425
1244036261637128192,negative,0.0008537811018153898
1244036261746298880,neutral,0.4174490766695093
1244036262077566976,negative,0.0018194776511158094
1244036263155585037,negative,0.26861794251094057
1244036263625318400,negative,0.0032053489813467476
1244036263734378498,negative,0.00010554487015042931
1244036263952429056,positive,0.9698705326743998
1244036264137043968,negative,0.0022729389885385834
1244036264757772288,negative,2.1961420786977767e-05
1244036265630203904,negative,0.00032799216634346866
1244036265697333249,negative,0.1078398608766827
1244036266771001344,neutral,0.5017543432377519
1244036268104847361,negative,0.00015818004180940078
1244036268532682752,negative,0.001274449209418327
1244036270394937346,negative,1.463581045168618e-06
1244036270998740992,negative,0.0002378809919242811
1244036271355420678,neutral,0.5017543432377519
1244036273465167873,negative,0.17776792666741056
1244036273582424067,negative,0.03898236191227881
1244036273649717250,negative,2.073757666533609e-05
1244036273829896192,negative,3.7662833512038e-11
1244036274383716354,negative,0.001057142697891322
1244036275520319490,negative,0.00036710729565502784
1244036275608436736,negative,0.0010496090601723662
1244036276661170176,negative,0.006857874844083713
1244036276803850242,neutral,0.5295681979471095
1244036277726597122,negative,1.7580699415618457e-06
1244036279119085568,negative,0.0008594191791074993
1244036280507383821,negative,0.26861794251094057
1244036281597939713,negative,0.2971295326628746
1244036281753108482,negative,0.26861794251094057
1244036282331865089,negative,2.0270368141659126e-07
1244036283195887616,negative,0.0022729389885385834
1244036284399718400,negative,0.2014836626461549
1244036359263784962,negative,0.0025241793907642184
1244036360303935488,negative,0.049283186520372245
1244036361050566657,negative,2.7836976135803617e-07
1244036362766036998,negative,0.0010496090601723662
1244036363248427008,negative,0.0007862500404169919
1244036364921946112,negative,0.0068525382628882425
1244036367505600512,negative,0.0022458610976633696
1244036367862190080,negative,0.26861794251094057
1244036368101257217,negative,0.009497993992328705
1244036368323563522,negative,1.2644453060122134e-10
1244036368784908289,negative,0.002398612365439477
1244036369023991808,negative,0.26861794251094057
1244036370194145297,negative,0.009199218362497373
1244036370793992194,negative,0.0004093674945277874
1244036371335000066,negative,0.0005436270489468591
1244036371943247872,negative,0.0011354026399358346
1244036372438159369,negative,0.002398612365439477
1244036372597440518,negative,0.26861794251094057
1244036372761063426,negative,0.06831495554330683
1244036373180551176,negative,0.00015549285790571006
1244036374191378432,negative,0.06178097738833835
1244036374354853895,negative,0.26861794251094057
1244036374908502017,negative,9.207913009236504e-07
1244036375193751552,neutral,0.5295681979471095
1244036375218991105,negative,2.073757666533609e-05
1244036375583883266,negative,0.018378652905145832
1244036375764258825,negative,8.688324655343925e-05
1244036376296857605,negative,0.1467583084316125
1244036377186107392,negative,0.0001895614386394667
1244036378557628416,negative,0.0004093674945277874
1244036380881231872,negative,0.002398612365439477
1244036381044850689,negative,0.006590556196065056
1244036381669801985,negative,0.001296152475434573
1244036382982635520,negative,0.009783545950861337
1244036383527837696,negative,0.0784887531137762
1244036384140255234,negative,0.04318591682664959
1244036384207392773,negative,0.00020457786601655077
1244036385759207424,positive,0.9832952132020234
1244036386363228161,negative,0.26861794251094057
1244036386736521221,negative,0.002398612365439477
1244036386849726464,negative,7.49080941425686e-05
1244036387843833863,negative,0.11205038516520807
1244036388431040517,negative,0.06293823447519675
1244036390117158913,negative,0.052710602855816635
1244036391379623940,negative,2.3455102030920972e-09
1244036394395320321,negative,2.9008700056778457e-05
1244036395238391808,neutral,0.6363296065652085
1244036395313901570,negative,3.542468237332563e-17
1244036395519229953,negative,0.00724312944528476
1244036397746585604,negative,0.00038358290389550596
1244036401198481409,negative,2.2544746389353616e-08
1244036403316563968,negative,0.1699660991128697
1244036403358564352,negative,0.0007965673737121823
1244036404969197568,negative,0.04629238441667348
1244036405942259713,negative,0.06670007175999881
1244036406596550656,negative,0.02251756813605739
1244036407015936000,negative,1.025949766263691e-12
1244036407263399936,negative,0.033132221397548074
1244036408710488064,negative,2.628125451982244e-05
1244036410023108608,negative,0.0007893923898934736
1244036410350489602,negative,0.014594729460550218
1244036410585370624,neutral,0.5806473470815285
1244036410669219846,negative,7.728858795605993e-11
1244036410878889985,negative,2.5013033357705672e-05
1244036410979606530,negative,1.4321587302593176e-10
1244036412879626240,negative,0.0010356128173642102
1244036413848518657,negative,2.022909350650895e-08
1244036414611873794,negative,0.013208489472467748
1244036415530336256,negative,9.913850463011592e-06
1244036415543017473,negative,7.351821138491339e-06
1244036415681372160,positive,0.8813925501036
1244036416134434821,positive,0.7307126493129164
1244036416373481478,negative,8.053742250181891e-05
1244036417422069761,neutral,0.4411980627896982
1244036417740853251,negative,0.054795394840263724
1244036417963151360,negative,0.008324869278395635
1244036418596372481,neutral,0.6363296065652085
1244036418957180929,negative,0.2828457259204056
1244036420219613184,negative,0.013769574176639585
1244036421121343490,negative,0.0032053489813467476
1244036495268352003,negative,0.0008219173640866968
1244036495561961473,negative,0.02303063513007944
1244036496291741700,negative,0.05321188780379662
1244036496295964672,negative,0.0011354026399358346
1244036496329506822,positive,0.9387853573569516
1244036496547549189,negative,4.1712513626861875e-09
1244036496639868928,negative,0.26861794251094057
1244036496883097600,negative,0.04880136801565668
1244036497348706304,negative,0.050105465494868245
1244036497461870599,negative,0.0019897459872496156
1244036500003663874,negative,4.30560850725105e-05
1244036500016246785,negative,0.11123339128997894
1244036501471518720,negative,2.021930383528382e-11
1244036502818086919,negative,0.0008362697694156495
1244036503640162305,negative,0.15915140011439335
1244036503711502337,negative,0.12249597575537353
1244036503795314689,negative,0.00020448448069090473
1244036503891836928,negative,3.9772641084120805e-05
1244036503925182464,negative,0.02393575088616618
1244036504663592962,negative,1.4157310993971022e-05
1244036505687019520,negative,0.009145528834466052
1244036507914158080,negative,5.580340739841029e-09
1244036507943538689,negative,0.0011354026399358346
1244036508803366915,negative,8.267242134785823e-05
1244036508815896577,negative,4.745531322320067e-06
1244036509117882370,negative,0.10229643081954193
1244036509159882755,negative,8.053742250181891e-05
1244036510036475904,negative,0.00015829801051204148
1244036511118565384,negative,0.01690910247474112
1244036511613534208,negative,0.17808261377631385
1244036512519512065,negative,0.09307225200189805
1244036512527900673,neutral,0.42347852960234056
1244036512997494785,negative,0.03579810327219381
1244036513261895682,negative,0.027144293300535024
1244036514205573121,negative,0.267660477583631
1244036514448900097,neutral,0.46127768308170247
1244036515090575360,negative,2.4255407201941725e-12
1244036515870769153,negative,0.0021107410812434392
1244036516147494913,negative,0.0006109533446247392
1244036516361404418,negative,5.345795376440647e-07
1244036518928420865,neutral,0.4151293565588785
1244036519725346816,negative,0.0004618860812207011
1244036520081793024,negative,0.1495588237211251
1244036521398800385,negative,0.0024976864364105096
1244036524397727745,negative,0.006023807512896114
1244036528147496963,negative,0.002549477107023364
1244036528780775427,negative,0.00010438197690778865
1244036528902471685,negative,9.806242798084034e-05
1244036529519026176,negative,0.005271202204265677
1244036530123018244,neutral,0.6374874349658985
1244036530374656001,negative,4.751439688490417e-06
1244036531247099907,negative,0.00015818004180940078
1244036531922309120,negative,0.001311435971829198
1244036532526350344,negative,0.000539387925233527
1244036533436452865,positive,0.9952702946177032
1244036534313107458,negative,0.12174294980978893
1244036534879301636,negative,3.830550875495069e-05
1244036536674516992,negative,0.0004914262714729093
1244036539417595904,negative,0.005079032958160618
1244036543171432456,negative,0.00011591376379591952
1244036543817363456,negative,0.00034604527519984865
1244036544262033408,negative,0.2571826620607748
