Tweet_ID,Sentiment_Label,Probability_pos
1255195071995162626,negative,0.1989748696421043
1255195073710485506,negative,0.058461368469656154
1255195073878376452,negative,1.2404621686240617e-05
1255195073970569217,negative,0.006322625282366279
1255195073983242243,negative,0.016565611925455644
1255195073995771907,negative,0.0001518749683020374
1255195074016796673,negative,0.01721082663021791
1255195074079719426,negative,0.03351499121367992
1255195074159210501,negative,0.025574826809352504
1255195074192912384,negative,0.04264553132435952
1255195074255818753,positive,0.7326411924936863
1255195077024133120,negative,0.00020093770638514183
1255195077967843340,negative,0.00029171330719502943
1255195078038966272,negative,0.1177457927463979
1255195078072492034,positive,0.9548947759817947
1255195078613594114,negative,0.014621019571400596
1255195078664040457,negative,0.004168262296974355
1255195078810677248,negative,0.09706993906401218
1255195081805529089,negative,0.22122210047806304
1255195082111803392,negative,0.1012411845811097
1255195082501783553,positive,0.7875191906046681
1255195082678026242,negative,0.013667752427367088
1255195082845753344,negative,0.0029983013985735354
1255195082887757824,negative,0.07134549591231272
1255195086373044224,neutral,0.3717015919690894
1255195086507462659,negative,0.015486644688506674
1255195086696005632,negative,0.0017407510332964951
1255195086721355778,negative,0.3111004361079255
1255195086863822850,negative,0.006497804096506769
1255195087069491204,negative,0.25804740104150364
1255195087157563399,negative,0.0026351381121308016
1255195089812574210,negative,0.0006674231622751687
1255195090756284416,negative,0.04308438265493427
1255195091137966080,negative,0.00024898939253130376
1255195091590942724,neutral,0.33528303630996714
1255195095097315331,negative,0.024113026847907584
1255195095428730880,negative,0.22103904777312589
1255195095487348737,negative,0.04545863866175366
1255195095747514369,negative,0.05519112770992764
1255195095772479489,neutral,0.4999902946468506
1255195098549293060,negative,0.03581278466590992
1255195098767294469,neutral,0.5438440939703841
1255195098784071680,negative,0.00018053605099948179
1255195098888970240,negative,0.18476977945478396
1255195098960277506,negative,3.960940564875648e-06
1255195099136512000,negative,0.04405786379440176
1255195099161677824,negative,0.004362773901182003
1255195099660779528,negative,0.09279278205926203
1255195103217496072,negative,3.360656890113729e-05
1255195103263678464,negative,0.00025652794266906964
1255199388382760960,neutral,0.38826724185324085
1255199388437282823,positive,0.7828076384410423
1255199388626046977,negative,0.059618657519299054
1255199388634357763,negative,0.006497804096506769
1255199388835762176,negative,0.0013774754523454035
1255199388986757121,positive,0.9995690679007317
1255199389183881218,negative,0.0016893237838039397
1255199389246730244,negative,0.0050782304723360925
1255199389880115202,negative,0.05866566909234524
1255199389922086917,negative,1.5249297040682736e-06
1255199390064693251,negative,0.00015727331708514442
1255199390299492353,negative,0.1100868018023304
1255199390311931905,negative,0.03788124151498674
1255199390580572165,negative,0.00023123349245656648
1255199390882553856,negative,0.02922579504373603
1255199390924443648,negative,0.0041264033521974195
1255199394703515654,negative,0.02118244100128465
1255199395093663744,negative,0.04043244269379373
1255199395211067403,negative,0.31866683334259177
1255199397870264320,negative,0.0003524415431626705
1255199398277066755,negative,0.007451981723171506
1255199398310686720,negative,0.1702962780033741
1255199398319054848,negative,0.08128044470007574
1255199398931369985,negative,0.008358385006025409
1255199399027892224,negative,0.008188006685266053
1255199402521698311,neutral,0.6050871563789704
1255199402555248640,neutral,0.36618491165527856
1255199402635022339,negative,0.018847313461577565
1255199402697818112,negative,0.114240320645971
1255199403029250055,positive,0.999400393611218
1255199403289333761,negative,0.07048969323098077
1255199403444523014,negative,0.1303419440632874
1255199406669934594,neutral,0.3510132462169616
1255199406900551680,negative,0.005381807894397373
1255199406934102017,negative,2.73811099677953e-05
1255199406976118786,neutral,0.42138833359705635
1255199407022235649,neutral,0.39278996811521766
1255199407055818752,negative,0.009494652878210583
1255199407303254016,negative,0.2032147516796439
1255199407387152384,negative,0.0003233310458975222
1255199407601000448,negative,0.01278909093534492
1255199407923843072,negative,0.012876569670644154
1255199410788528128,negative,1.8027686475533916e-06
1255199410964893703,negative,0.14848998222268295
1255199411279409153,negative,0.03799361116762813
1255199411304648705,negative,5.2267307514856765e-06
1255199411484782593,negative,0.0001643598202925817
1255199415322775552,negative,0.2516173447452205
1255199415968677891,negative,0.003307803049891406
1255199416170033154,positive,0.98268474580054
1255199419143774210,negative,7.67634332541271e-08
1255199419357712394,negative,0.08102418315663651
1255199419403833347,negative,0.0706312586509388
1255199419655479296,negative,0.22167288603211366
1255199419697434626,negative,0.00025165206830263004
1255199420062273542,negative,0.0004635298045896776
1255199420146225152,negative,0.0050855207331042
1255199420183969794,negative,7.67634332541271e-08
1255199423380041730,negative,0.02581525526674004
1255199423841406976,negative,0.002220352259869116
1255199427071000577,negative,0.05339383271786465
1255199427876270082,negative,0.015775332322696057
1255199427968540672,negative,0.005435382205853951
1255199427976978432,negative,0.0348079889358497
1255199428123770880,negative,0.00033184664658887457
1255199428526452736,negative,0.1280315225055123
1255199428559986688,negative,0.00042398730312392154
1255199431651188736,positive,0.999664837680653
1255199431907069955,negative,0.010078608211452312
1255199432003518465,negative,0.3253566899420663
1255199432007614464,negative,1.120117185069338e-08
1255199432041209856,positive,0.8551458567662189
1255199432141942785,negative,6.882920134655144e-05
1255199432171302915,negative,0.04056577186783852
1255199432741728257,positive,0.8975429823548345
1255199432758497281,negative,0.01873110662690254
1255199432821350401,negative,0.03758247870175053
1255199433051996162,negative,0.0019439719289587158
1255199435954495488,negative,0.00011714494237091308
1255199436092948483,negative,0.18687341702253465
1255199436109762561,negative,4.937963358469579e-07
1255199436222980097,negative,0.07581842081619306
1255199436654948359,negative,0.00187684929969051
1255199436814323713,positive,0.6814903607156051
1255199436826988552,negative,0.01657513087059564
1255199440115294211,neutral,0.38826724185324085
1255199440236929025,negative,0.0006006575177827085
1255199440501116933,negative,5.345947559355541e-06
1255199440622587904,negative,3.360656890113729e-05
1255199440685522944,positive,0.7420500191731442
1255199440882679808,negative,0.021227442875523944
1255199440920612865,negative,0.27267129176833094
1255199441025409024,negative,0.005497336798123901
1255199444234051586,negative,0.00017200008487741963
1255199444439629831,negative,7.67634332541271e-08
1255199444464594944,negative,0.00025138011106154965
1255199444619976705,negative,0.0011728049479139914
1255199444695425029,negative,0.09955870915817015
1255199444750000128,neutral,0.3358015674063889
1255199444766769153,positive,0.7604720936336389
1255199445135720454,negative,3.601728090012044e-05
1255199448344518656,negative,0.000909875012176723
1255199448470298629,negative,0.00012697814212648162
1255199448835280897,neutral,0.3732621757329614
1255199449346985984,negative,1.564621024780823e-05
1255199449804046336,neutral,0.41626255502265896
1255199452782039041,negative,0.2056152722913402
1255199452857425920,negative,0.0201114043932289
1255199452974940162,negative,0.010085518001795354
1255199453109055488,negative,0.0034469800386210856
1255199453268643846,negative,0.024113026847907584
1255199453776154632,negative,0.0007723555649372483
1255199457244741634,positive,0.9528526755354829
1255199457571938305,negative,0.2109093512966834
1255199457777520641,negative,3.510370575900488e-05
1255199457836220420,negative,0.00010058595211457663
1255199461279752194,negative,0.037653275188851636
1255199461568991232,negative,0.10023690929262893
1255199461674037252,negative,6.953397583458551e-12
1255199462273753091,neutral,0.4015273050382326
1255199462445559808,negative,0.0001998710907226094
1255199465356566529,negative,1.8625820395699197e-06
1255199465482473472,neutral,0.49789225920557484
1255199465780150272,negative,0.0019438589210196756
1255199465851453441,negative,2.4891093028315233e-10
1255199465969004544,negative,0.0006332497962367953
1255199466023522305,negative,0.0005766527796027544
1255199469727092744,negative,2.4759256277713404e-05
1255199469911580673,negative,0.014230212574999164
1255199469949399040,negative,0.00010751670090756043
1255199469961871361,negative,0.00023128816053510164
1255199470192668682,negative,0.027521027677021692
1255199470205239299,negative,0.0004344446824329684
1255199470251376646,negative,0.005640927921831549
1255199470389731329,negative,0.0003019254127228397
1255199470620270593,negative,0.00014097192243513315
1255199473963282436,negative,0.23447461495734764
1255199474055610369,negative,0.0022447603177063245
1255199474105942022,negative,0.0006332497962367953
1255199474114269187,negative,0.14910050305420267
1255199474642612225,negative,5.4201860086641974e-05
1255199477834690563,negative,0.00026593509748129037
1255199477864022016,negative,0.01165301743035277
1255199478266634243,negative,0.025769727509745998
1255199478702899200,neutral,0.41626255502265896
1255199478769831937,negative,0.003902057818333769
1255199478824517632,negative,0.03799361116762813
1255199479109685250,negative,0.00047386540544215133
1255199479118135296,negative,1.2697761665740362e-05
1255199479826919431,negative,4.953235297547842e-08
1255199482314215424,negative,0.04472855728776209
1255199482364473344,negative,0.21921412548362115
1255199482410684419,negative,0.2369710931082333
1255199482733629441,negative,0.19991455312511516
1255199482788098058,negative,0.20251742857816443
1255199483190706181,negative,0.3090174163030208
1255199486302961671,negative,0.0788128160214808
1255199486357504003,negative,0.1279269588228065
1255199486432948224,positive,0.943732298615643
1255199486525222914,negative,0.03308802414083328
1255199486722392066,negative,0.0006332497962367953
1255199486902702088,negative,0.07181045436225471
1255199486961430528,negative,0.00013001754496781413
1255199487011799042,negative,0.0018880903872524563
1255199487255068673,negative,0.024113026847907584
1255199487267569665,negative,0.0038093950333367506
1255199490442694663,negative,0.008656960831350072
1255199490631491586,negative,0.0018640205403032961
1255199490807603201,negative,0.00026593509748129037
1255199490987958283,neutral,0.49789225920557484
1255199494767087619,negative,0.05721059927095532
1255199494804733958,negative,0.14638661867824093
1255199494842519558,negative,0.2006502655301481
1255199495018733568,negative,0.00025652794266906964
1255199495220072449,negative,0.31866683334259177
1255199495257763841,negative,0.01582500307107043
1255199495345725445,neutral,0.6152954668573738
1255199495350034433,negative,0.002448250709007401
1255199495350075392,negative,3.360656890113729e-05
1255199495371046922,neutral,0.37679209754895876
1255199498743296004,negative,0.29625627019328915
1255199498994946049,positive,0.9857684012290844
1255199499598942211,positive,0.9636994265615814
1255199499753938949,negative,0.00044129377689272034
1255199499904933888,negative,0.05255570625160467
1255199503101104128,negative,0.0014000929803758783
1255199503289909251,negative,5.0331706293233095e-06
1255199503436730368,negative,0.0005807332933456241
1255199503654715400,negative,0.1271655744955168
1255199503747080197,negative,0.019258971605633255
1255199507467382794,negative,0.0034910405710156652
1255199511535910918,negative,1.9938545799720013e-05
1255199511628132353,negative,0.021227442875523944
1255199511669964801,negative,0.014333883399727345
1255199512102146050,negative,0.012876569670644154
1255199512127320066,negative,5.267552879348451e-05
1255199512173346820,negative,0.2858269861185578
1255199512290889728,neutral,0.49684880536886133
1255199512517398529,negative,2.2636032062060534e-09
1255199515642118144,neutral,0.45043428733274815
1255199515650465798,negative,0.000194198708187629
1255199515717578752,negative,1.8140683556907772e-05
1255199515746930690,negative,0.1880563236507225
1255199515839258625,negative,0.04507405906803292
1255199516006813697,negative,0.0476031063778328
1255199516225085443,negative,0.003965081135082123
1255199519794434048,positive,0.66211932945756
1255199519807082502,negative,6.442403336822444e-05
1255199520012619777,neutral,0.38572591463914674
1255199520087998465,neutral,0.38826724185324085
1255199520457199621,negative,6.692018289843969e-07
1255199520478167045,negative,0.0037975414328917734
1255199520499077120,negative,0.0034933336570395117
1255199520557879296,positive,0.997385921736828
1255199520662700032,negative,0.002301915177419873
1255199520725635072,negative,0.0007036114054864958
1255199524055851010,negative,0.0006332497962367953
1255199524089466891,negative,0.010944170561811373
1255199524362084354,negative,6.633530313895554e-05
1255199524370382848,negative,0.013382490317963321
1255199524424945671,negative,0.0045233851427335485
1255199524752183296,negative,0.0004889883605020957
1255199528212410369,negative,0.0029249242033294325
1255199528308924420,positive,0.7987477557191034
1255199528459829248,negative,0.024113026847907584
1255199528816390144,negative,0.1663374993402961
1255199528866713605,negative,5.843303525095064e-05
1255199529017774090,negative,0.10411341487312896
1255199529110056967,negative,0.01744478130771351
1255199532503228416,negative,0.2854200869889198
1255199532687724545,neutral,0.5230376530429465
1255199532821995526,negative,0.0009358962176461622
1255199532968742913,negative,0.17491559039727722
1255199533178523649,negative,0.29625627019328915
1255199533191086082,negative,2.4759256277713404e-05
1255199533258113025,negative,0.0009797769416776782
1255199536554876930,neutral,0.38784888844582677
1255199536642957314,neutral,0.41626255502265896
1255199536697524226,negative,3.3789106745758864e-05
1255199536705765376,negative,0.015399527781264133
1255199536768679936,negative,0.0030350643823187063
1255199536773021703,negative,0.15141953598777624
1255199536831705088,negative,0.1442710977012435
1255199536840167425,negative,0.004540117294250166
1255199536944943107,negative,0.2814623313707707
1255199540828930048,positive,0.7624213600376604
1255199540988305410,positive,0.9486308984670692
1255199541042839555,negative,0.00010434432885455824
1255199541177004033,positive,0.8888028715403258
1255199541260947456,neutral,0.3850748772223694
1255199541319684099,negative,0.17870387551553718
1255199541420347392,negative,0.27122219617430116
1255199541432737792,positive,0.8246670428690792
1255199541441318917,negative,0.0008692059833501233
1255199541567074306,negative,0.021476653903972603
1255199541617479680,negative,0.0009118107294250495
1255199545320972294,negative,0.0009809925385992685
1255199545417330689,negative,0.0012177288717806424
1255199545446862849,negative,0.1913625898547193
1255199545522368513,negative,0.17232936478429173
1255199545593491456,negative,0.00014698985339564689
1255199545732083712,neutral,0.45315538990485127
1255199545962758152,negative,3.264931293123224e-05
1255199549230104579,negative,2.3027848262636116e-05
1255199549238456320,negative,0.07535688957540902
1255199549548826626,neutral,0.4830057841246982
1255199549582462976,negative,0.0075209976441769875
1255199549775282181,negative,0.05466423667560754
1255199550148575233,negative,5.345947559355541e-06
1255199550165282817,negative,0.1939174148214489
1255199550299672580,negative,0.0788128160214808
1255199550446407682,negative,1.948698089220099e-11
1255199553546002432,negative,0.001657659326365907
1255199553713831937,neutral,0.38826724185324085
1255199553776746498,positive,0.9667821451746417
1255199554032427008,negative,0.02943246045958924
1255199554141552642,neutral,0.6200563639845105
1255199554166644736,negative,0.07679973347109735
1255199554359697447,positive,0.911573129578788
1255199557421580289,negative,0.005079775806277144
1255199557660663813,negative,0.0003873334564681723
1255199557870407680,negative,0.01062557716023796
1255199558189146116,negative,7.646543362956449e-08
1255199558692454407,negative,0.2598386130281882
1255199558759583747,negative,0.14200928346432862
1255199561842335746,negative,0.005509025078720042
1255199561896701953,negative,0.008763060542829618
1255199562245050368,negative,0.008481917626617952
1255199562257571841,negative,5.345947559355541e-06
1255199562324758529,negative,0.006101951509772596
1255199562328932352,neutral,0.44252288087807384
1255199562987429890,negative,0.08563812982077305
1255199565919277056,negative,0.06103118491650801
1255199566418210816,negative,0.12364551012489199
1255199566506463234,neutral,0.38826724185324085
1255199566527373313,negative,0.00010058595211457663
1255199566640619523,negative,0.0013351609342649496
1255199566728777728,negative,0.039375335685674265
1255199569987723264,positive,0.9899104256261921
1255199570176487428,negative,0.28382487416039104
1255199570461626369,negative,0.00015437532711044572
1255199570885312514,negative,0.022380311177785
1255199574236561413,negative,0.022737550576548048
1255199574337228800,negative,0.046262645041180175
1255199574383304706,negative,0.009512544516189657
1255199574542757892,positive,0.6666916045739756
1255199574710530048,negative,5.20686670027671e-07
1255199574760833025,negative,0.06949367479958504
1255199574945419268,negative,0.00019046647047929656
1255199578535714821,negative,0.001017052979952512
1255199578590187521,negative,1.9763896650976477e-05
1255199578669932546,negative,0.03433079578801101
1255199578724413441,negative,0.03799361116762813
1255199578745430017,negative,3.264931293123224e-05
1255199578820956161,negative,0.1913625898547193
1255199579177435136,negative,0.00423517558716522
1255199579391381507,negative,0.002795175944288157
1255199579395502081,negative,0.007597964638538033
1255199579470999553,neutral,0.6347324452734422
1255199579500433408,negative,0.0014827818107915136
1255199579567341568,negative,0.03090494523919202
1255199583019376645,positive,0.9329537283096406
1255199583157792768,negative,0.1328416278679694
1255199583166062592,neutral,0.4982204191694995
1255199583208181765,negative,0.04056577186783852
1255199583573024769,positive,0.7103876734124368
1255199583648579584,negative,0.15769301002892802
1255199583862501377,positive,0.9323091094748731
1255199583904256000,negative,0.002731934705743837
1255199586865553408,negative,0.008763060542829618
1255199586903261189,negative,0.025159450148121137
1255199587960307713,negative,0.06585723288434442
1255199587968655362,neutral,0.5391448192108468
1255199588174069760,negative,0.1425054506075492
1255199588211974147,negative,0.0004399148729150398
1255199588308353027,negative,0.00023331480786747816
1255199588413083648,negative,0.14521655636382097
1255199588568510464,negative,0.01265263903405999
1255199589742845953,negative,0.002090447930882926
1255199591315759106,negative,0.03799361116762813
1255199591487676423,negative,0.21123064209570294
1255199591584202754,negative,0.16387168805462884
1255199591739404289,negative,0.22383214724571712
1255199592284483586,negative,0.01974521620606739
1255199592288829443,negative,0.07773240830722908
1255199592347549696,neutral,0.5145571768629364
1255199592418816001,positive,0.9766426575608114
1255199592641179649,negative,0.00025652794266906964
1255199592712372224,negative,0.05637966803778885
1255199595614867462,negative,0.0005299038697425646
1255199595644227585,negative,0.15197558346912765
1255199595770122243,negative,0.0029478044090377516
1255199596306972675,negative,0.004926449499402955
1255199596311175168,negative,2.6397284964658337e-08
1255199596365651969,negative,1.4385790230398462e-05
1255199599544983554,negative,0.00525596988540408
1255199599612043264,negative,0.00036845758402485803
1255199599796551681,negative,0.0053477254389195554
1255199599872131073,negative,0.00011714494237091308
1255199600023162883,negative,1.7723098371844653e-05
1255199600262164483,negative,0.0464733117864577
1255199600325070855,negative,0.0030350643823187063
1255199600388050946,negative,0.0036043640179590705
1255199600404688897,negative,0.2687617094385042
1255199600538980352,negative,0.0046024305523923534
1255199603571544066,negative,0.10154690973633679
1255199603735048192,negative,0.011791400473263134
1255199603978272768,neutral,0.5813821862845324
1255199604485894144,negative,0.03771800554179327
1255199604510994434,negative,0.003282239487178426
1255199604628434945,negative,0.015977674023607547
1255199607862243328,negative,0.024113722060110785
1255199608109772800,negative,1.4499996651178902e-05
1255199608134868993,negative,0.03308802414083328
1255199608147329024,negative,0.07679973347109735
1255199608256503809,negative,0.3187488523182651
1255199608285859847,negative,0.014230212574999164
1255199608625602560,negative,0.04784485205073175
1255199608772399109,negative,0.02195403604303047
1255199612157247496,negative,2.17039398114748e-06
1255199612375314435,negative,0.1820413056349972
1255199612547235840,negative,0.09176495166345092
1255199612576706561,positive,0.7604644222552174
1255199612652093441,negative,0.08950814973153398
1255199612828373000,negative,0.0007866279286410112
1255199612924764162,negative,0.0224544026823782
1255199613629476871,neutral,0.39988636102213404
1255199616452214784,negative,0.005435382205853951
1255199617219780608,negative,0.0006661554927581368
1255199617324630016,positive,0.9999401565241011
1255199619937697795,neutral,0.42236928665209006
1255199620403167232,neutral,0.6366247848785992
1255199620700835841,negative,0.3195898259013421
1255199620726165504,positive,0.9027572597287014
1255199620755525632,negative,4.7758542281557616e-05
1255199621133094913,negative,0.2104859751351535
1255199621351124993,neutral,0.36330096199559003
1255199621493686272,negative,0.015011471331884168
1255199621506314245,negative,3.686071121764575e-11
1255199621510504449,positive,0.6727267336044819
1255199624664625160,negative,0.0035486418243006316
1255199624731779072,neutral,0.48059253754607345
1255199624882728963,neutral,0.47903401771236387
1255199624912162821,negative,0.2387739855667466
1255199625201561601,negative,0.011753151248407282
1255199625222524928,negative,0.0006994543229859304
1255199625696497666,negative,0.0013351609342649496
1255199625818112002,negative,0.09411181760628826
1255199625872420866,positive,0.8624535531990318
1255199629102153730,negative,0.1967799641638223
1255199629290987521,negative,0.1925475647049269
1255199629811036162,negative,0.00020942301039563642
1255199632969400321,neutral,0.43481168191019
1255199633136955394,negative,0.05941030707643701
1255199633158135809,negative,0.15655121808768574
1255199633174904832,negative,0.0019439719289587158
1255199633250422784,negative,0.0003019254127228397
1255199633334325249,negative,0.03568189609208523
1255199633342476289,negative,0.0027615836082800155
1255199633892130816,negative,0.25983375692730437
1255199637310443521,negative,0.033608482542431053
1255199638174474240,neutral,0.41626255502265896
1255199638514212866,neutral,0.49789225920557484
1255199638514216960,negative,0.02172967876386337
1255199641748082691,negative,0.0005432420577269534
1255199641924239367,negative,7.482627467083752e-06
1255199641932611584,negative,0.05405027586389356
1255199642062598148,neutral,0.5974735152684654
1255199642427539457,negative,9.893809910614474e-05
1255199645741002752,negative,0.10324623528532588
1255199645782941696,negative,0.01703370881900714
1255199645904572416,negative,0.15387548855777447
1255199646332391425,negative,0.0072052967892646536
1255199646516940800,negative,0.11349130574991799
1255199646604984321,negative,0.17232936478429173
1255199646730924037,negative,0.02172967876386337
1255199646772797440,negative,0.014230212574999164
1255199649528516609,negative,0.012625026789303216
1255199650132512770,negative,0.08925840937520216
1255199650145021954,positive,0.8619084794855766
1255199650170232834,negative,3.321227729659085e-06
1255199650463834119,negative,0.11122737559047469
1255199650497409029,negative,0.2297798077250822
1255199654280433667,negative,0.1649317224565791
1255199654595178496,negative,3.2335172289591126e-06
1255199654867763200,negative,0.3088602189114986
1255199654955880450,negative,0.00031046171522013105
1255199655153012736,negative,0.19113638722590343
1255199658433019906,negative,0.016481552248170783
1255199658735013888,negative,0.0006332497962367953
1255199658852454405,neutral,0.6165231833858643
1255199659276066817,negative,0.0008692059833501233
1255199659347320834,negative,0.15947135625263822
1255199659510947844,negative,0.03461061636546334
1255199662421815298,neutral,0.49789225920557484
1255199662442602497,negative,0.008811862535717432
1255199662937485312,negative,0.04726450628279521
1255199663004811266,negative,0.01165301743035277
1255199663147216896,negative,0.019860550771212883
1255199663164194817,negative,0.0007645716693757725
1255199663189344256,negative,0.1850091468714188
1255199663264800768,neutral,0.3667636510809244
1255199663369658368,negative,0.08611059430231034
1255199666733490177,negative,0.00278329392420789
1255199666830036992,negative,0.008656960831350072
1255199667215839238,negative,0.12543500609466152
1255199667257839617,negative,2.041318147884225e-06
1255199667647918083,negative,0.3174861601033884
1255199671238242305,negative,7.482627467083752e-06
1255199671259185152,negative,0.017252080107441475
1255199671309545473,negative,1.9434342838532397e-11
1255199671443750915,negative,0.00023144499881503722
1255199671703699457,negative,0.0007143939565654767
1255199671846387712,negative,0.000197693888042394
1255199675080216576,negative,0.0018640205403032961
1255199675214413826,negative,0.22573840148498744
1255199675587727372,negative,0.0030350643823187063
1255199675587735555,negative,0.16046436572951836
1255199675805831168,negative,0.2508875997277282
1255199675864485893,negative,0.00010987955573318714
1255199675935633409,negative,0.0007412567080917186
1255199676044722176,negative,0.21125085240066965
1255199679110721536,negative,3.7748016006140415e-05
1255199679119310848,negative,0.0015205314164997367
1255199679211503618,negative,0.0038595677847715
1255199679760875520,negative,0.15504087507857467
1255199679928729601,negative,0.0009370708570470361
1255199680025300996,negative,0.0043765745462335985
1255199680104992768,negative,0.005640927921831549
1255199683393323012,negative,0.2718710443793309
1255199683489611777,negative,0.06053907479759249
1255199683657502723,positive,0.9272724490308681
1255199683770634241,negative,0.045823516071148526
1255199683833716736,neutral,0.619514846124858
1255199683900633088,neutral,0.49789225920557484
1255199683921817600,negative,0.005917454279183373
1255199683934371847,negative,0.012295310816561721
1255199684106256384,negative,0.01992505821560563
1255199684257349634,negative,0.00019138268723425123
1255199684336988160,positive,0.7478968786748423
1255199684345430017,negative,0.00014522399567157775
1255199684353757184,negative,0.014621019571400596
1255199684370599937,negative,3.2175372703210107e-06
1255199686132105217,neutral,0.3448854411109741
1255199687604342785,neutral,0.4544680537068832
1255199687604350976,negative,0.011719229692289156
1255199687839232001,negative,0.2618383061231052
1255199688174768130,negative,0.06319691674948735
1255199688501932032,negative,0.10963977201916392
1255199688527052801,negative,2.1756901955976956e-06
1255199688963358721,neutral,0.46153955059162766
1255199691865837571,negative,0.018083736479109307
1255199692545314817,neutral,0.473253974794598
1255199693102936064,negative,0.00026590798028855786
1255199693107277825,positive,0.8379100774171242
1255199696177553411,positive,0.7702611958821776
1255199696185896960,negative,0.18687341702253465
1255199696366206980,negative,0.11204340204957307
1255199696420831233,negative,0.20422103767040006
1255199696638939136,negative,7.111288447032385e-05
1255199700296368133,negative,0.00015184586785132117
1255199700300345344,neutral,0.5938783439671004
1255199700539658240,negative,0.00984428784737967
1255199700657078273,negative,0.08267457548638837
1255199703819526144,negative,0.0009374905882259551
1255199704356474880,neutral,0.44252288087807384
1255199704411000834,negative,0.18751673465306398
1255199704520015880,negative,0.0002871920192385776
1255199704645799936,negative,0.0009370708570470361
1255199708718432256,negative,0.10679117727374833
1255199708760457216,negative,0.00040072656064632094
1255199708802363393,negative,0.0013351609342649496
1255199708953403396,negative,0.059040894788305286
1255199709154639872,negative,0.01165301743035277
1255199709284663296,neutral,0.45619143707531534
1255199709297344514,negative,0.1829563153738216
1255199709318328320,negative,0.040419431741661606
1255199712682131457,negative,0.22573840148498744
1255199712795394053,negative,0.28186422353994633
1255199713013399554,neutral,0.379611556832951
1255199713172901894,negative,0.08632167228795892
1255199713197985795,negative,0.008481917626617952
1255199713323859970,negative,0.15947135625263822
1255199713332264961,negative,0.00016811399397997676
1255199713520840704,neutral,0.3852066235098673
1255199713554464773,negative,0.1062696965774812
1255199716452769795,negative,0.2681291212900626
1255199717140713472,negative,1.7602935148031294e-07
1255199717241257988,negative,0.011756803270771382
1255199717413224448,negative,0.0003406878587310304
1255199717706825735,negative,0.32889981717468647
1255199717870493697,negative,0.0003832951421779551
1255199717883076608,negative,0.0016424443403819427
1255199718017101824,negative,0.18758184379176132
1255199721146257408,negative,0.0040149833957824526
1255199721418866688,negative,0.005205965361795324
1255199721628536835,negative,0.1179168089353279
1255199722089910272,neutral,0.4871491568719035
1255199722215800843,negative,0.01992505821560563
1255199725311180801,positive,0.9143061592964243
1255199725369917441,positive,0.8406913883691691
1255199725516554241,negative,0.03590071025385178
1255199725520916481,negative,0.003965081135082123
1255199725587857408,negative,0.10937492302939776
1255199725739028484,negative,0.0029856546973028174
1255199725831303169,negative,0.003174857250544372
1255199725999075330,negative,0.08351602642226524
1255199726087081988,negative,8.204536458836285e-08
1255199729656434689,negative,0.0006472820195917667
1255199729698385920,positive,0.7086495853119404
1255199729970970625,negative,0.028085207313445357
1255199730067550210,negative,0.006087066361239501
1255199730197565442,negative,0.3187488523182651
1255199730344263680,negative,0.19389881439367027
1255199730377908230,negative,0.002380632122382263
1255199730604392451,negative,0.06690825159560972
1255199730725945348,negative,0.05015321769928622
1255199733737553929,neutral,0.3545395533984985
1255199733804609536,negative,0.00023939606228858676
1255199733859201025,negative,0.0011627164207503287
1255199734127616001,negative,0.2393448455510586
1255199734412857345,negative,0.11567255004426444
1255199734429626369,negative,0.0017108181230848624
1255199734509297665,negative,0.008745079422028712
1255199734681292800,negative,0.04684675070212678
1255199737772486661,negative,0.21336077459065783
1255199737952776193,negative,0.029504036681376217
1255199738187649025,negative,0.042018561343535994
1255199738204426242,negative,0.00579323221994865
1255199738321911811,negative,2.696371358458807e-07
1255199738355347456,negative,0.0008219456211579597
1255199738539974657,negative,0.0026417573484923654
1255199738636447744,negative,0.006497804096506769
1255199738716213248,neutral,0.3417045014954528
1255199738724524034,negative,0.0015899779472065634
1255199742323277834,negative,0.0002871920192385776
1255199742684024833,negative,0.2528094715719759
1255199742767890432,negative,1.850510704313299e-05
1255199742805471232,neutral,0.5467843941216581
1255199742964924416,negative,0.09307491857109014
1255199743157972994,negative,4.663480859234031e-06
1255199743266914304,negative,0.0034620439971067497
1255199743426408452,negative,0.04308438265493427
1255199743484915712,negative,0.014621019571400596
1255199746605621249,neutral,0.38826724185324085
1255199746668593156,negative,0.03799361116762813
1255199746760810500,negative,0.20923815370592333
1255199746790170629,negative,4.3142809866383424e-06
1255199746916048900,negative,4.748696823252438e-14
1255199746953707521,negative,0.0005232301524607435
1255199747138359300,negative,0.036964981513331455
1255199747192819713,negative,0.047235774426446706
1255199747280789504,negative,0.08604936986336224
1255199747322896384,negative,0.1853475819122549
1255199747385720834,negative,0.017252080107441475
1255199750275694599,negative,0.0013465674428875447
1255199750825086979,negative,0.008980211169784647
1255199750879666176,negative,0.12922741510377908
1255199751198461952,negative,0.05730249881963182
1255199751299006467,negative,0.040867820721821484
1255199751412289536,negative,0.025015188723353888
1255199751445889025,negative,0.3187488523182651
1255199751466881025,negative,1.4499996651178902e-05
1255199751504637954,negative,0.05721059927095532
1255199754633580545,negative,0.06815681532572061
1255199754759348227,negative,0.12129087970623575
1255199754801295364,negative,0.000649591838153545
1255199754839035905,negative,0.0002775385069641547
1255199754927198208,neutral,0.49789225920557484
1255199755258429441,neutral,0.49684880536886133
1255199755283632131,neutral,0.41626255502265896
1255199759050178562,negative,0.0003783280707592962
1255199759297654786,neutral,0.545408914000439
1255199759557627905,negative,0.003174857250544372
1255199759742177282,negative,0.06856848532299359
1255199759851311110,negative,0.00016503191023671873
1255199759876288514,negative,0.0005898782666825006
1255199759930966025,negative,0.008833883819432637
1255199762904690691,neutral,0.38826724185324085
1255199763844268034,negative,0.0051428880623977215
1255199764062310404,negative,0.011269949758803398
1255199764372697088,negative,5.345947559355541e-06
1255199767317151745,negative,0.02856864832940814
1255199767359115269,negative,0.07628951061606243
1255199767438725121,neutral,0.38826724185324085
1255199768059490306,negative,0.2665977899099637
1255199768734728194,negative,0.07749672170349046
1255199771482107906,negative,0.1820413056349972
1255199771679174675,positive,0.8620785846176686
1255199771700219904,negative,0.03799361116762813
1255199771943370754,neutral,0.36618491165527856
1255199772283154436,negative,0.05231668925210102
1255199772383862785,negative,0.06585723288434442
1255199775990956032,neutral,0.6111562063668464
1255199776481697798,negative,0.04040845191859018
1255199777001799681,negative,0.00020923786727552953
1255199777026957312,negative,7.67634332541271e-08
1255199777043734528,negative,0.0030350643823187063
1255199777047937024,neutral,0.4667832200963461
1255199777052033025,negative,0.05109417160843763
1255199779472146440,negative,1.2468974956679583e-06
1255199780675993600,negative,0.1706715907175999
1255199780688592901,negative,0.0006810508658531804
1255199784006230016,negative,7.099976982958538e-05
1255199784056623110,negative,0.06204856621462012
1255199784098504705,negative,0.0003783280707592962
1255199784211812352,negative,0.22861954191474046
1255199784601780228,negative,7.500400583222317e-06
1255199784878649344,negative,0.00841390889264235
1255199784933171202,negative,0.11426592894491573
1255199785184788486,negative,0.06585723288434442
1255199788326412289,negative,0.1939174148214489
1255199788359966722,negative,0.014732468820347452
1255199788406059009,negative,7.823724558468088e-14
1255199788427075589,negative,0.0035304758205982837
1255199788691329025,negative,0.024113026847907584
1255199792575250432,negative,0.0030350643823187063
1255199793283862528,negative,0.18758184379176132
1255199793338626049,negative,0.010537441213343868
1255199793455919104,negative,0.2178100365464682
1255199796601774081,negative,0.07288739165688618
1255199796639367169,negative,0.14239993466176995
1255199796744409094,negative,0.006465628362666202
1255199796891201548,neutral,0.6309694938180478
1255199796970782722,negative,0.001952374944941637
1255199797058953219,negative,0.3179489284839391
1255199797478404097,negative,0.0010371950151694797
1255199797558083584,negative,0.09716068830966067
1255199797746769930,negative,0.0006332497962367953
1255199798032060420,negative,0.22160087098100884
1255199800808669185,negative,3.360656890113729e-05
1255199800896585729,negative,0.019815334220561996
1255199801089691648,negative,0.012692631901214125
1255199801370726404,negative,0.011719229692289156
1255199801572032518,negative,0.011144992939638521
1255199804830990336,negative,0.31732489718339985
1255199805271228416,negative,0.05466423667560754
1255199805346701312,negative,0.0028047736847831143
1255199805963415555,negative,0.0005807332933456241
1255199805997023233,negative,0.1565467089307973
1255199806001209350,positive,0.711322573973618
1255199806064115714,negative,0.03173261878889813
1255199809084051458,negative,0.2736090443665929
1255199809335635969,neutral,0.5630410866502906
1255199809478238208,negative,0.06585723288434442
1255199809557925888,negative,0.00036222575089821127
1255199809599934465,negative,0.007524602090198582
1255199810233262080,negative,0.02381356055660411
1255199810459664385,negative,0.30226198115628683
1255199813408370689,negative,4.580837532760661e-08
1255199813597048832,negative,1.0614289919662685e-08
1255199813773246465,negative,1.251483257122959e-07
1255199814419206144,negative,6.785744420499216e-06
1255199814490480640,negative,0.00503126713750955
1255199814511464453,negative,0.0008814947249570607
1255199814628904965,positive,0.9488499774394343
1255199814649647104,negative,0.006905171265216592
1255199814708596736,neutral,0.5551700143846944
1255199817606758401,negative,0.18930408636473328
1255199817682345986,negative,1.209137865926918e-05
1255199817799741441,neutral,0.3510132462169616
1255199818365861889,positive,0.7913730582023359
1255199818680602633,negative,0.001062733083330001
1255199818693083137,negative,9.15858717629161e-09
1255199818739265542,negative,0.10023690929262893
1255199822312878083,neutral,0.49789225920557484
1255199822757400576,negative,0.05363021748994253
1255199822816186369,negative,0.041440625068477385
1255199822832943104,negative,0.004173592327083275
1255199825970298880,negative,1.3928720386755638e-11
1255199825991282689,negative,0.08351602642226524
1255199826217754625,neutral,0.5073309092566495
1255199826289004546,negative,0.015860935453793846
1255199826465247233,negative,0.0993033688590763
1255199826557501442,positive,0.9749739416467996
1255199826674880517,negative,0.003927580990048444
1255199826825883656,negative,0.053703747228662904
1255199830395232257,negative,0.06065731599498383
1255199830462345222,negative,3.264931293123224e-05
1255199830915366913,negative,0.0018640205403032961
1255199831234142210,negative,0.00023144499881503722
1255199834459512832,positive,0.9374142029101226
1255199834514038787,neutral,0.48490525416934854
1255199835235463168,negative,0.11688823836228573
1255199835424034822,positive,0.9423434009450028
1255199838234443776,neutral,0.3980667931365237
1255199838444101632,negative,0.00991400683035867
1255199838574202883,negative,0.21921412548362115
1255199838729355267,negative,0.1644993842828999
1255199838754480142,negative,0.00032188960774598565
1255199838976774145,negative,5.354180225955169e-06
1255199839161217025,negative,0.13615940852387812
1255199839479971846,negative,0.00042272141384812155
1255199839559745537,negative,0.2807142504363007
1255199839568134148,negative,0.012876569670644154
1255199842441232385,negative,4.024899497892812e-06
1255199842898530305,neutral,0.49789225920557484
1255199843103977474,negative,4.843208259706245e-14
1255199843372408838,neutral,0.49789225920557484
1255199843389075456,negative,3.9702273387169485e-07
1255199843456176128,negative,3.360656890113729e-05
1255199843561111553,negative,0.04101197512943503
1255199843678670848,neutral,0.36126655398901975
1255199843762556928,negative,0.001517059643067815
1255199843821256706,neutral,0.3996580091506196
1255199847042473984,positive,0.8023883466140403
1255199847340290056,negative,0.025672156194776266
1255199847629504512,neutral,0.5984877870241315
1255199847998685184,negative,0.014167365193284766
1255199848170651651,negative,0.05901811430950781
1255199851593285632,negative,7.56843674731172e-08
1255199851618267136,negative,0.0008521078846966026
1255199851798806529,negative,0.0006767086403740277
1255199852100833280,negative,0.001017052979952512
1255199852234977281,neutral,0.45639640001694487
1255199853635948545,negative,0.08250361558042457
1255199854558621696,negative,0.1702962780033741
1255199855498182656,negative,0.000545277538020296
1255199855733071875,negative,0.18555980130432304
1255199856106364933,positive,0.7713496610146935
1255199856173481984,negative,0.0012678957670529103
1255199856437735424,negative,0.005681118061669411
1255199859562479621,negative,0.0517473352399293
1255199859663126533,neutral,0.36716900828275767
1255199859709054976,negative,0.008188006685266053
1255199860015448065,negative,0.1224069407869839
1255199862896951307,negative,0.0010209423960186412
1255199863643439105,negative,0.23283131833762238
1255199864151068684,negative,0.03799361116762813
1255199868005617664,negative,5.627898705660427e-07
1255199868148224002,negative,0.011753151248407282
1255199868353753090,negative,0.08482039342800302
1255199868412407808,negative,0.0412742113581251
1255199868735197184,negative,0.052874851524284956
1255199872191471617,negative,0.0430434659446396
1255199872254464001,negative,0.03799361116762813
1255199872409624576,negative,0.04056577186783852
1255199872426348544,negative,0.1034819518732104
1255199872556425217,negative,0.1933311826096359
1255199872694784003,neutral,0.550001673393123
1255199873021992960,negative,0.00938848515099355
1255199876469731333,negative,0.00019309451591470765
1255199876494868481,negative,0.011159513807907862
1255199876658483201,negative,0.2625966362650914
1255199876721360896,negative,0.0035759970310771006
1255199877014925312,negative,0.1100868018023304
1255199877354729473,negative,0.07679973347109735
1255199880236105728,neutral,0.49789225920557484
1255199880643063808,negative,1.2031998783829052e-06
1255199881104445450,negative,1.2238946417766392e-06
1255199881200877571,negative,0.00010919009001222688
1255199881251164161,negative,0.006879328782386713
1255199881255424000,negative,0.008763060542829618
1255199881326723074,negative,0.06322666502335057
1255199881532190722,negative,0.0025407505865777066
1255199881649704962,negative,0.21571968845262537
1255199884162056194,negative,0.00036932863246848474
1255199884677767168,negative,0.004021015358137815
1255199884707270667,negative,0.0022435241923497245
1255199884879200256,neutral,0.3595172321279439
1255199884963188747,neutral,0.355238409717608
1255199885340618755,negative,0.31286153156476204
1255199888830160897,negative,0.3121037422022483
1255199889190944768,negative,0.033661749239845634
1255199889446731776,negative,0.0015257390354380639
1255199889568522248,negative,0.00933745899230888
1255199889606217728,negative,0.003009222389173891
1255199893167226883,negative,7.235929204794779e-08
1255199893284511744,negative,0.27122219617430116
1255199893351739392,negative,0.21619192908853951
1255199893746069507,negative,0.0041159896169088534
1255199893813166081,negative,0.000115165635208372
1255199897797550080,negative,0.0072052967892646536
1255199897936171008,neutral,0.517664206840629
1255199898045014016,negative,0.0089702245700967
1255199898061934597,negative,0.0930736747293366
1255199898074583041,negative,0.22375847875967536
1255199898158403584,negative,1.048890229048941e-06
1255199898275807232,negative,0.046405436890685145
1255199901581029382,negative,0.24348287634497756
1255199901656416258,neutral,0.3575125646221422
1255199901773967360,negative,0.055164455433405674
1255199902013042688,negative,0.023149316727216707
1255199902033903617,neutral,0.6165231833858643
1255199902088531976,negative,0.014230212574999164
1255199902172413957,negative,0.012876569670644154
1255199902235332608,neutral,0.4402571704036702
1255199902398726145,negative,0.17186426940105748
1255199902432407557,neutral,0.4698206428828577
1255199904802234370,negative,0.0003247860461612438
1255199905292808193,neutral,0.5020320577231361
1255199905536245769,negative,0.1034819518732104
1255199906203086849,negative,0.007214620573094147
1255199906370748416,negative,0.16387168805462884
1255199906408660995,negative,0.004668180734355546
1255199906764976128,negative,5.862355238731433e-05
1255199910233878528,neutral,0.38059056363282034
1255199910246281216,negative,0.005203959930311719
1255199910489657344,negative,0.008733859908852198
1255199910900772864,negative,0.0669768607472204
1255199911190114304,negative,0.03172557879666057
1255199911244476416,negative,0.006905171265216592
1255199913962541062,negative,6.001189080928397e-07
1255199914017132547,negative,0.01630101772831148
1255199914142904327,negative,0.038520565964134404
1255199914176413700,negative,0.00040072656064632094
1255199914285465607,negative,0.021811639567775952
1255199914616745985,negative,3.874714807382041e-08
1255199914642022401,negative,1.9434342838532397e-11
1255199914776297474,negative,0.0007777174715264204
1255199914881097730,negative,0.10392803785467522
1255199914952462337,negative,0.0005305994487224984
1255199918073012224,negative,4.882992730998376e-05
1255199918416936961,negative,7.491369557245305e-05
1255199918450446336,negative,7.67634332541271e-08
1255199918551109633,negative,0.027616141897709574
1255199918878318593,negative,4.1473907299169944e-07
1255199918987317253,negative,0.00014522399567157775
1255199918995709954,negative,0.039522922540574316
1255199919054491649,negative,0.12232883990242956
1255199922346958850,positive,0.7801156422947862
1255199922489643011,neutral,0.38826724185324085
1255199922602868736,negative,3.3577183478603502e-06
1255199922607054855,negative,0.11993948013299327
1255199922728701953,negative,0.015545384478791875
1255199922942545929,negative,5.364355224465586e-05
1255199923462639616,negative,4.050772859144139e-06
1255199927254355973,negative,0.014603346600041232
1255199927304585223,negative,0.12117054819794279
1255199927392747522,negative,0.0052412384791140415
1255199930777505795,negative,0.2516173447452205
1255199930999803906,negative,0.0065994845040087385
1255199931138072576,neutral,0.41603806017120515
1255199931410702337,negative,0.015685290056032256
1255199931490590720,negative,0.10223070262470658
1255199934913134595,negative,1.2956414700673069e-05
1255199934921560064,negative,4.7758542281557616e-05
1255199935244439559,negative,0.0008692059833501233
1255199935592574976,negative,0.13926351596820827
1255199935655485445,negative,0.0015012901536254788
1255199936037060608,negative,0.00016811399397997676
1255199939304488961,negative,0.23447461495734764
1255199939338006530,negative,0.02640550650267815
1255199939698798592,negative,0.007207567772944124
1255199939891691520,negative,0.004831314686791589
1255199940088750080,negative,0.013892275011435374
1255199940227317760,negative,0.006911924299826643
1255199942844592134,negative,0.11832105224941798
1255199943729516545,negative,4.050772859144139e-06
1255199943851151363,negative,0.08792519769079986
1255199944102854656,negative,0.1663374993402961
1255199944123785218,negative,0.006812635121570166
1255199944178315265,negative,0.0020955888618818704
1255199944199352322,negative,0.06204856621462012
1255199944220254208,negative,0.057026367046897564
1255199944291557378,negative,1.018925739856665e-07
1255199944509657088,negative,0.0020546359410233903
1255199947194077184,negative,0.10012444896100699
1255199947768705025,negative,0.1202331946681268
1255199948028723206,neutral,0.3310137876966642
1255199948108267521,negative,0.23447461495734764
1255199948238401537,negative,0.00012504359536333852
1255199948343316480,negative,0.15679541018385973
1255199948364267523,negative,0.023194964086569368
1255199952021618693,negative,2.1775054024708907e-09
1255199952025813002,negative,3.4726789932232187e-06
1255199952046874625,negative,0.15112261251463602
1255199952051097600,negative,0.16865490824287654
1255199952432660483,negative,0.0002732820892018991
1255199952583766017,negative,0.05113119284425434
1255199952785018880,negative,2.7340151184851645e-05
1255199952860581888,positive,0.9999997288857484
1255199952894144514,negative,0.0021294100127178294
1255199953091248130,negative,0.17391157551054282
1255199953099644928,negative,0.002746137025656127
1255199956102721540,negative,0.10153526737955836
1255199956375416832,negative,0.15903509707637892
1255199956522147846,negative,0.004372939315189474
1255199956673204224,negative,8.531375057048515e-05
1255199956803223557,negative,0.1886427982631354
1255199956807360513,negative,0.0040727438558411004
1255199956853497859,positive,0.6764888369315791
1255199957193158656,negative,0.007315765673353056
1255199960255037441,negative,1.0283879605343718e-06
1255199960326422531,positive,0.9084250188159658
1255199960586387458,negative,0.26173563702389163
1255199960930357248,negative,0.028853075742976096
1255199961412665344,negative,0.010828179799241017
1255199964399009794,negative,0.2267558092208726
1255199965091106824,negative,0.0012727983931160869
1255199965103771649,negative,0.03171721727718693
1255199965133058048,neutral,0.37123913154639504
1255199965237981185,negative,0.2979018339282753
1255199965321801729,negative,0.08947376640679541
1255199965367984133,negative,0.012705835674964175
1255199968450789377,negative,0.13644157361089168
1255199968530497537,negative,0.00012450850439308042
1255199968597606410,negative,2.689603362048445e-05
1255199968639561728,neutral,0.4392218828223975
1255199968652034054,positive,0.9999401565241011
1255199968828305414,negative,0.27122943279739703
1255199968916316160,negative,0.12371590192676457
1255199969017020419,negative,5.345947559355541e-06
1255199969226616833,neutral,0.4677386145894187
1255199969243529217,neutral,0.48022725225518914
1255199973039276034,negative,0.06741535638128758
1255199973140049923,negative,0.10912222463279383
1255199973165203456,negative,0.09614157714213221
1255199973370662917,negative,0.05315510690847984
1255199973399986176,negative,3.47909480954592e-11
1255199973551022082,negative,0.009082503782084934
1255199975157518336,negative,1.107605661276638e-08
1255199976956874754,negative,0.00017844618860062112
1255199976973615108,negative,0.0003019254127228397
1255199976981966848,negative,3.2175372703210107e-06
1255199976986234887,negative,0.1725017857511074
1255199977208344578,negative,0.0018549247236203578
1255199977502052352,negative,0.007709842021205619
1255199977774764033,negative,0.0010268816501384332
1255199981268545537,negative,1.0924807944706041e-05
1255199981297733632,negative,3.360656890113729e-05
1255199981524389890,neutral,0.5310674704574789
1255199981813878784,negative,0.08351602642226524
1255199982409396224,negative,0.002015630433834092
1255199982514253825,negative,0.27122219617430116
1255199984791597058,neutral,0.3714675646670576
1255199985584558080,negative,0.019592639597051695
1255199986423300097,neutral,0.48833134204736406
1255199986574192641,negative,0.04018185644284431
1255199989934051328,negative,0.120256394112022
1255199990005338114,negative,0.00016052880063947015
1255199990386954246,negative,0.005509025078720042
1255199990584049664,negative,0.0001461914725612845
1255199993943568384,negative,0.02967860675259794
1255199994044461057,negative,3.360656890113729e-05
1255199994258300931,neutral,0.3658880587243706
1255199994321092609,negative,0.008188006685266053
1255199994329608192,negative,0.0008381473706742319
1255199994413547521,negative,0.061874855011505706
1255199994727952384,negative,0.009256628657607662
1255199998008012802,neutral,0.48833134204736406
1255199998234460166,negative,0.18648532113976993
1255199998519762947,neutral,0.6542107875168738
1255199998570115073,negative,0.2387739855667466
1255199998641344513,negative,0.05394629552239188
1255200002084831232,neutral,0.5637559221336547
1255200002151985152,negative,0.0017871084670288255
1255200002219130882,negative,0.002019981222289245
1255200002521083906,positive,0.9974526243677465
1255200002525323266,negative,0.05363021748994253
1255200002537816073,negative,0.17232936478429173
1255200002571415553,negative,4.050772859144139e-06
1255200002579795972,negative,0.0007143939565654767
1255200002890256389,negative,0.04391836973965114
1255200003037057026,negative,0.022794382609523604
1255200003313799168,negative,0.009715252983193118
1255200006337896448,negative,0.07048969323098077
1255200006497157121,negative,3.360656890113729e-05
1255200006916780038,negative,0.022316512483676918
1255200006954463233,negative,1.0466271363594286e-05
1255200006971277312,neutral,0.37028600367937203
1255200007260712961,negative,1.8021885842733114e-08
1255200007348772867,negative,0.19677151358389233
1255200010586775556,negative,0.007130170550539474
1255200010846695425,negative,0.02111583492351443
1255200010880397314,negative,0.0010268816501384332
1255200011060535297,negative,0.027323331681195592
1255200011270356993,negative,4.198872589273464e-05
1255200011295559680,negative,0.0010268816501384332
1255200011316592643,negative,0.20235324514528574
1255200011471724545,negative,2.87300871967841e-06
1255200011501142018,negative,0.1303419440632874
1255200014755913734,negative,0.00036421882446466676
1255200014873362433,negative,0.20536033858082256
1255200014885965828,negative,3.833716982548564e-06
1255200015074631682,negative,0.18444659959824014
1255200015125024775,negative,0.0009447484967235463
1255200015137378309,negative,0.23447461495734764
1255200015137624064,negative,0.005171195655321675
1255200015242399744,negative,0.13934564956579326
1255200015263371267,negative,0.0007247534321504785
1255200015519285249,negative,0.0006332497962367953
1255200015598989313,negative,0.000328988818216074
1255200019142983680,negative,0.0005009668990923984
1255200019205898240,negative,0.062222125317390124
1255200019361267712,negative,4.050772859144139e-06
1255200019390640128,negative,0.062248341964321545
1255200019453546496,negative,0.0012212370664249014
1255200019524866051,negative,0.01400395469519007
1255200019566809091,negative,0.2061850116127171
1255200019604484098,negative,0.20771934817642312
1255200019730313218,neutral,0.47551600714783054
1255200019990315014,positive,0.99978326812321
1255200023815622659,negative,0.02457562703501712
1255200023853359106,negative,0.00525596988540408
1255200023865942016,neutral,0.5533970533999424
1255200023870083072,negative,0.2393448455510586
1255200023949840384,negative,0.010295768990168114
1255200027288485890,negative,0.08408222666862285
1255200027351408641,negative,0.099717744126174
1255200027384909826,negative,0.03407708767353033
1255200027657613313,negative,0.16387168805462884
1255200027972112384,negative,1.9434342838532397e-11
1255200031591862274,negative,0.00018200051955820362
1255200031654715394,negative,0.00010233704099044518
1255200031889436672,negative,0.23447461495734764
1255200032665604096,negative,0.00023582412404931985
1255200035811328000,negative,0.003174857250544372
1255200035828105218,negative,0.14521655636382097
1255200036201234434,neutral,0.5715359433433707
1255200036478169089,negative,0.21156950052775447
1255200036708909056,negative,0.17007568505269607
1255200036734013440,positive,0.9995690679007317
1255200036805320705,neutral,0.38826724185324085
1255200036889202690,negative,0.0012914439208808169
1255200037019291648,negative,0.06125935380323157
1255200039581908994,negative,0.0007555141114591639
1255200039858814977,negative,0.00014522399567157775
1255200039913361409,negative,0.004897586857163012
1255200039925841927,neutral,0.4299371657496221
1255200040110493701,negative,6.065203358363948e-06
1255200040265625600,negative,0.0038595677847715
1255200040269811712,neutral,0.3850748772223694
1255200040622206979,negative,1.5062722458486966e-06
1255200040705982470,negative,0.05789459221516533
1255200040747925507,negative,0.017813400716881173
1255200044443189248,negative,0.0023030582996596896
1255200044535492609,positive,0.9668224386953561
1255200044615073792,neutral,0.34075393683563304
1255200044870823936,negative,0.0035759970310771006
1255200044912979982,negative,8.692075455535255e-08
1255200048566145024,negative,8.46047596212416e-05
1255200048675258369,negative,0.0001333450030306337
1255200048687779842,negative,0.2090727774499109
1255200048721379329,negative,4.050772859144139e-06
1255200049467920387,neutral,0.4982204191694995
1255200049497280513,negative,0.00011992435642999645
1255200052307509248,negative,9.872213225321017e-05
1255200052676526080,neutral,0.37656626452563446
1255200052680757248,negative,1.549096513955578e-07
1255200052693413888,negative,0.003537571397054734
1255200052915691520,negative,0.0009648936234697014
1255200053129601024,negative,7.67634332541271e-08
1255200057307037703,neutral,0.5717209441612684
1255200057340690437,negative,0.025642354206052237
1255200057600679936,negative,0.0005824928874868972
1255200057684455425,negative,0.26516818284748805
1255200057932034051,negative,0.02323908861025955
1255200058095669250,negative,4.245970724431327e-05
1255200060985483265,negative,0.0002732820892018991
1255200061128089601,neutral,0.49789225920557484
1255200061153316865,negative,0.1692194767195304
1255200061354586112,negative,0.2040763181805595
1255200061669224448,negative,0.00525596988540408
1255200061715296257,negative,0.10679117727374833
1255200062017163264,negative,0.02967860675259794
1255200064898818048,negative,5.8766079868020506e-12
1255200065070735361,negative,0.09484345163552482
1255200065112674304,negative,1.4143895651454258e-08
1255200065288679424,negative,0.09733519548339967
1255200065481838592,negative,0.07048969323098077
1255200065678970882,negative,0.01992505821560563
1255200065783644160,negative,0.011323509954043692
1255200069202006016,negative,0.025006559972526335
1255200069353123840,negative,0.016199578600945553
1255200069483200513,negative,0.0917081170965452
1255200069554487297,negative,5.1444723215242e-06
1255200069697052673,negative,0.2387739855667466
1255200069869023236,negative,0.3170929484978244
1255200069881606144,negative,0.21116026741934008
1255200070108143621,negative,0.19013351097150683
1255200070372339713,positive,0.9182199069508911
1255200073421590529,negative,0.0003019254127228397
1255200073467731971,negative,0.099717744126174
1255200074059132930,negative,0.04308438265493427
1255200074105335809,neutral,0.4918332213816375
1255200074352726022,negative,0.10327811661696733
1255200077049671683,neutral,0.3349362801922581
1255200078018433024,negative,0.00802597144291362
1255200078135848961,negative,0.014798586297255613
1255200078240907265,negative,0.05638780519360706
1255200078450524160,negative,0.0005831051768034573
1255200078555484164,negative,0.2595000277857594
1255200078970548224,negative,0.23447461495734764
1255200082418376711,negative,0.05207051158508805
1255200082586218502,negative,5.345947559355541e-06
1255200082703638528,negative,0.02856864832940814
1255200082707824650,negative,0.004758462727785276
1255200086302302208,negative,0.03671407624616583
1255200087006904330,negative,0.0040968863721034116
1255200088747659265,negative,0.00018495165077391917
1255200090295279616,positive,0.911573129578788
1255200090416992270,neutral,0.5505550505941735
1255200090471510016,negative,1.0243305539345196e-08
1255200090500804610,neutral,0.38826724185324085
1255200090702188544,negative,0.00017274985946272726
1255200090752417796,negative,0.010436748496652812
1255200090773491713,negative,3.7721248097913583e-06
1255200090781868035,negative,0.0017446734955344672
1255200091553619975,negative,0.1702962780033741
1255200094414155779,negative,0.04551117709530909
1255200094615408641,neutral,0.37902711888048685
1255200094707744778,neutral,0.545408914000439
1255200094942400513,negative,0.04252865516897516
1255200095156477953,negative,0.0006732112360789841
1255200095206887425,negative,0.2172170071544356
1255200095349485569,negative,9.645517533112668e-09
1255200095395602433,negative,0.23447461495734764
1255200095601131522,positive,0.7951792188585226
1255200099099082754,negative,0.012876569670644154
1255200099342434305,negative,1.853892871167341e-06
1255200099568926720,negative,0.0009699902725623226
1255200099732520961,negative,0.0517473352399293
1255200102362349571,negative,0.0007420875026713452
1255200103117316099,negative,0.039452381887384744
1255200103461076992,negative,0.0002463453330533843
1255200103473823755,negative,7.432986086417319e-05
1255200103490519040,positive,0.9281227433220516
1255200104052596743,neutral,0.49789225920557484
1255200104073609217,negative,0.0013351609342649496
1255200107244539909,negative,0.016199578600945553
1255200107466821632,neutral,0.40130633444263897
1255200107609370627,negative,0.0008692059833501233
1255200107915620355,negative,0.0930736747293366
1255200107919802377,negative,0.06735006385662112
1255200108133715968,negative,0.1649317224565791
1255200108167213056,negative,0.004315995037621947
1255200108175659009,negative,0.25510586853062006
1255200108297236481,neutral,0.44718143272405014
1255200108406333441,negative,0.0011136314910780013
1255200108427333638,negative,0.1230267324921662
1255200108515332097,negative,0.18758184379176132
1255200108544774144,negative,0.02771196172773896
1255200108565725184,negative,0.16932881365456315
1255200111384289281,negative,2.0705923461245995e-05
1255200111619121152,negative,0.017265156832613447
1255200111916978177,neutral,0.5057494014207679
1255200112080375809,negative,0.0003556902454696423
1255200115754704903,negative,0.005755026618951163
1255200115846983680,neutral,0.49789225920557484
1255200116304216064,negative,0.00040072656064632094
1255200116522262529,negative,0.21230890691649143
1255200119525425159,negative,0.08757344796261662
1255200119542210567,negative,1.2108532151414009e-05
1255200119814750209,negative,0.00501114667430125
1255200120343232514,negative,0.06563118500458962
1255200120527745025,positive,0.9227863413729266
1255200120574021637,negative,0.005241881303211411
1255200123950415878,negative,0.0004524902802832963
1255200124017524737,negative,0.05402723578361299
1255200124055089152,negative,0.00022105517611372387
1255200124101427201,positive,0.7716820458691103
1255200124172734464,negative,0.020649538017814602
1255200124197691392,neutral,0.3390281826440842
1255200124319473665,negative,0.0036876637937192955
1255200124504080385,negative,0.02836275476206539
1255200128316604422,negative,0.004362773901182003
1255200128341815297,positive,0.7604644222552174
1255200128618692608,negative,0.0033666060825550573
1255200128681627650,negative,8.141104740630642e-08
1255200128861962241,negative,1.4442128817975084e-05
1255200132141899778,negative,1.9434342838532397e-11
1255200132246765569,negative,0.00039554145277282814
1255200132380995585,negative,0.03799361116762813
1255200132397703168,negative,3.805453713851871e-05
1255200132469006337,negative,0.1702962780033741
1255200132796166151,negative,0.013851427717568386
1255200136537559040,negative,2.2957294695259664e-05
1255200136592048133,negative,2.3535424132344597e-09
1255200136675950593,negative,0.05015321769928622
1255200137015631873,neutral,0.47660218128813836
1255200137032470529,negative,0.0022780564203330757
1255200137103712259,neutral,0.3577312427036041
1255200140345909248,negative,0.03867592450130263
1255200140652142592,neutral,0.448613166877171
1255200140840677376,negative,0.10186889413627605
1255200141549678593,neutral,0.6406948198335634
1255200144737415173,negative,4.776664631982764e-09
1255200144808710146,negative,4.050772859144139e-06
1255200144955490304,negative,0.0011847985497261241
1255200144959639559,negative,0.017252080107441475
1255200145186193415,negative,0.0007607176257550663
1255200145299234816,negative,0.18211808539219757
1255200145471410177,negative,1.4143895651454258e-08
1255200145475502083,negative,0.012227025532787242
1255200145559470081,neutral,0.3569664763523724
1255200145605644288,neutral,0.6165231833858643
1255200145739853829,negative,0.17232936478429173
1255200148789047296,negative,0.06843553403232777
1255200148965208067,negative,8.692075455535255e-08
1255200149468524545,negative,0.2765137846876739
1255200149724422147,positive,0.8023883466140403
1255200149808300032,negative,0.005316112669711903
1255200149892026368,negative,0.008763060542829618
1255200149929771008,negative,0.00023845170097280366
1255200153373298689,negative,0.00042398730312392154
1255200153423818755,negative,0.050662662279085585
1255200153478344704,neutral,0.38748654104589475
1255200153503498246,positive,0.9182199069508911
1255200153528565763,negative,0.000824834884291163
1255200153528610820,negative,0.0046024305523923534
1255200153541259270,negative,0.007019157569641155
1255200153918636033,negative,0.0005009668990923984
1255200153943846917,neutral,0.35027242309457735
1255200154044555264,negative,0.06534047220686338
1255200154354925568,negative,0.02172967876386337
1255200157416579079,negative,0.03380925018984634
1255200157601161217,neutral,0.35190979408974726
1255200158062690306,negative,0.0003019254127228397
1255200158129754113,negative,0.0014447301795846147
1255200161774669825,negative,0.06585723288434442
1255200161871118338,negative,3.013373517091437e-07
1255200161975816192,negative,1.6421056355994195e-06
1255200162319867906,negative,8.207693976757567e-05
1255200162391212034,negative,0.0008046270435901418
1255200165507588097,negative,0.018083736479109307
1255200165734100994,negative,0.2860465465463202
1255200165914435587,negative,0.09622902534584085
1255200166082236417,negative,4.050772859144139e-06
1255200166103130125,negative,0.09729472451065418
1255200166199558146,negative,0.2558898783859035
1255200166451306496,neutral,0.6388862235531549
1255200169735458834,negative,0.0026703298003662754
1255200170058416128,negative,0.0013351609342649496
1255200170180034561,negative,0.09619609563103733
1255200170481836037,negative,0.0006891840295078348
1255200170486181889,negative,4.8432621997990206e-11
1255200170817527808,negative,0.06655561334319228
1255200170821783560,negative,0.015631299541876465
1255200174239936512,negative,0.3029968537174699
1255200174432907264,negative,0.115464791346189
1255200174474956802,negative,0.0002775385069641547
1255200174735069186,negative,0.03475325437503705
1255200175078899712,negative,0.001240460444165511
1255200178317021185,neutral,0.49789225920557484
1255200178354692098,negative,0.1645460540725558
1255200178413371397,negative,0.000912536234629848
1255200178589642757,positive,0.8087286882343708
1255200178652491779,negative,0.000530188674602541
1255200178941943808,negative,0.1358505789997691
1255200179004878849,negative,0.00011714494237091308
1255200179252277248,neutral,0.4663727557282275
1255200182620139520,positive,0.8982865836841453
1255200183106695168,negative,0.049930795370087155
1255200183169757193,negative,0.06922924675732972
1255200183685722114,negative,0.05312719604441314
1255200186814681088,negative,6.572348628036193e-05
1255200187028516865,negative,0.18018598012384088
1255200187062145024,negative,0.021127998312651875
1255200187141644288,negative,0.009459313089102816
1255200187426865154,negative,0.27462023077919656
1255200190803345408,negative,0.008121535439344919
1255200190908301317,negative,0.2820423559463721
1255200190987939851,negative,0.026734264713662182
1255200191034068992,negative,0.017531190797380282
1255200191633780737,negative,0.0430434659446396
1255200194922242049,negative,0.00024410969792700547
1255200195085832194,neutral,0.43481168191019
1255200195261980672,negative,0.10066776932631186
1255200195568173057,negative,6.86602713049755e-05
1255200195886923776,neutral,0.6434707706513327
1255200195916247041,negative,0.015525893891663745
1255200196054732802,negative,0.0009399242675743734
1255200199330484231,positive,0.6853797296136411
1255200199410139138,positive,0.8515065662236007
1255200199460425728,negative,0.12624216228581006
1255200199703695360,positive,0.8637532277742664
1255200200001556480,negative,3.264931293123224e-05
1255200200030814208,negative,0.029256900837297612
1255200200173420545,neutral,0.3732621757329614
1255200200177651712,negative,0.0005815445381506186
1255200200232185862,negative,1.809932345157909e-06
1255200200253210628,negative,0.1527854697105911
1255200203415658497,negative,0.0028806657173036684
1255200203558326272,negative,5.80645107934147e-06
1255200203646423047,negative,2.7774317581349502e-06
1255200203700867075,negative,0.22861954191474046
1255200203910590464,negative,1.1378944092534554e-05
1255200203956682752,negative,0.0009711132624712221
1255200204241993733,neutral,0.5945984637359556
1255200204548169734,negative,0.00047250428828628406
1255200207211507713,negative,0.0034354364422574694
1255200207777792003,neutral,0.5755436691302463
1255200207790313472,neutral,0.3814723966756057
1255200208239104002,negative,0.06534831545025209
1255200208436162560,negative,2.190466664440683e-05
1255200208738299904,negative,0.05993850677625271
1255200211938443266,negative,0.2369710931082333
1255200212290875393,negative,0.002986703728632309
1255200212429266944,negative,0.000883539678744366
1255200212961853440,negative,0.16087173754179865
1255200216179003395,neutral,0.6110612951219896
1255200216485068800,negative,0.29341760030593983
1255200216506077191,negative,0.025054439355712315
1255200216619384832,negative,0.02141338567461361
1255200216728272896,neutral,0.49789225920557484
1255200216770400256,negative,0.0013351609342649496
1255200220381577217,negative,0.28886360755183993
1255200220440297472,negative,0.13328168878288585
1255200220452970496,negative,0.3213839965867844
1255200220457193474,negative,4.050772859144139e-06
1255200220490665987,negative,0.00021483284582325462
1255200220549431297,negative,0.2412442579810437
1255200220725612547,negative,0.18521336273690492
1255200220943716353,negative,0.02856864832940814
1255200221124014081,negative,0.0020342465910820513
1255200224420790274,negative,6.80228238396034e-05
1255200224429162498,negative,0.004021861172946618
1255200224458477568,negative,0.14115760831904997
1255200224785686530,negative,4.050772859144139e-06
1255200224877961218,negative,0.0005766527796027544
1255200225418829824,negative,7.037906398672923e-05
1255200225574236169,negative,0.103396492880523
1255200225687490560,negative,0.0022435241923497245
1255200225771298819,neutral,0.4878508611636097
1255200228673753091,negative,0.0007946202815584159
1255200228996796416,neutral,0.42138833359705635
1255200229135134722,negative,0.13729542986976617
1255200229172936711,negative,3.3929762546506014e-05
1255200229206474756,negative,0.28886360755183993
1255200233082032131,negative,0.027859726337879535
1255200233526628355,negative,8.38288497015119e-08
1255200233568505859,negative,0.00122319939136303
1255200233727733760,negative,3.360656890113729e-05
1255200236080967684,negative,0.05466423667560754
1255200237284732928,negative,7.560800782143418e-06
1255200237376978945,negative,3.833716982548564e-06
1255200237741891586,neutral,0.41626255502265896
1255200237754503171,neutral,0.3350346809373648
1255200237792133123,negative,0.006087066361239501
1255200237863399424,negative,0.009096781114532538
1255200237989138432,negative,0.0017871084670288255
1255200238090047488,neutral,0.41702778506684296
1255200241348866048,neutral,0.3880459356690109
1255200241365762050,negative,0.04194223521302585
1255200241470619648,negative,0.22861954191474046
1255200241575497728,neutral,0.47660218128813836
1255200241638273025,negative,0.015011471331884168
1255200241659322369,negative,0.23979871461248267
1255200242070425603,negative,2.7066592383470166e-05
1255200245308243974,negative,6.857181287013208e-05
1255200246491217921,negative,0.07719074904667564
1255200246575046657,negative,0.03171721727718693
1255200246738685952,negative,0.016199578600945553
1255200246805794832,negative,0.25843108496925643
1255200249511018499,negative,0.0013351609342649496
1255200249796329476,negative,0.12812755897098518
1255200249825632262,neutral,0.49578726302484993
1255200249896976384,neutral,0.3838438431072414
1255200249964048385,negative,0.13019810192275325
1255200250228285442,negative,0.0003019254127228397
1255200250492526600,negative,0.12974897143418754
1255200253957062663,negative,0.0037392921182571844
1255200254200291328,negative,5.345947559355541e-06
1255200254439366659,negative,1.1755102256931684e-05
1255200254464589825,negative,0.04056577186783852
1255200258038079494,negative,0.12703271384507175
1255200258054897668,negative,0.04953078533700965
1255200258084098050,negative,0.03545840875782359
1255200258092675073,negative,0.0012375055962981411
1255200258277150720,negative,0.17497269106121152
1255200258801442824,negative,0.0030350643823187063
1255200258826465280,negative,0.22020404774904973
1255200258923077634,negative,0.31866683334259177
1255200259111821312,negative,0.012618309579696759
1255200262114938882,negative,0.00383366511444614
1255200262232342532,negative,0.016264669070110028
1255200262253355010,negative,0.0013351609342649496
1255200262257508358,neutral,0.5945984637359556
1255200262320467974,negative,0.014671396454893007
1255200262328856576,negative,2.1932276609915975e-10
1255200262341394433,negative,0.30226198115628683
1255200262375059456,negative,0.04887281909133827
1255200262421127176,negative,0.23550387457054844
1255200262500876288,negative,0.3213839965867844
1255200262513463296,negative,0.30210946181605836
1255200262651817984,negative,0.00010058595211457663
1255200266858758145,negative,0.024819070991200547
1255200267148185601,negative,0.10544351632042621
1255200270713335813,negative,4.050772859144139e-06
1255200270805581825,negative,0.024113026847907584
1255200271136886784,negative,0.27122943279739703
1255200271208251396,negative,3.833716982548564e-06
1255200271376015362,negative,0.00011853397945567406
1255200274869878789,negative,0.07628951061606243
1255200274920034304,negative,0.0003218668272668004
1255200274936930307,negative,0.00042301371110814077
1255200275650002945,positive,0.7281782287756045
1255200275817783299,negative,0.05200889662629243
1255200279060000768,negative,0.25510586853062006
1255200279370387457,negative,0.0006332497962367953
1255200279420600321,negative,0.2104859751351535
1255200279873703944,negative,4.050772859144139e-06
1255200279886286848,negative,0.10311424298203141
1255200280066564099,negative,0.021689088374455788
1255200283354976256,neutral,0.49673439901529404
1255200283539447809,negative,0.10679117727374833
1255200283891838977,negative,0.13818520481811158
1255200287394054150,negative,0.04953078533700965
1255200287498829825,neutral,0.49789225920557484
1255200287658258435,positive,0.8521379491286932
1255200287993847814,negative,0.00018537319386517566
1255200288035811329,negative,0.19575739591757732
1255200288039997440,negative,0.00014180961567323758
1255200288048324610,negative,0.2979018339282753
1255200288287358983,negative,6.847086895699766e-10
1255200288388112386,negative,7.299603345181596e-08
1255200291278016512,negative,7.63227634012969e-08
1255200291881918467,negative,0.011190521176828498
1255200291944828929,negative,0.0019240950771171803
1255200292074934275,negative,0.0019232789661199647
1255200292095885312,positive,0.9962811809126033
1255200292116877312,negative,0.014167365193284766
1255200292133433344,negative,0.1908942153374937
1255200292360146948,negative,0.03799361116762813
1255200295551930370,negative,0.032549471837033085
1255200295560327174,negative,0.0012997448493753682
1255200295698735105,negative,1.1088823403460269e-05
1255200295845494785,neutral,0.3353500257179539
1255200296168554498,negative,0.0008692059833501233
1255200296176889856,negative,0.07048969323098077
1255200296189509632,negative,0.2687191030811233
1255200296231481350,negative,0.014073539154511141
1255200296504119296,neutral,0.6590768565814243
1255200296575340545,positive,0.9999964832574355
1255200296638218240,neutral,0.48892865678930897
1255200300035604491,negative,0.03295695031253926
1255200300316622852,negative,0.14912895808832907
1255200300400607234,negative,0.24624387097964293
1255200300459331584,negative,0.1702962780033741
1255200300866113536,negative,2.914194241852415e-06
1255200300937416706,negative,4.050772859144139e-06
1255200304087384065,negative,0.09936093351478831
1255200304297107463,negative,0.01560151359476754
1255200304406188033,negative,0.0026201253655970444
1255200304464900098,negative,0.0006332497962367953
1255200304825581573,negative,0.0004344446824329684
1255200308772458498,negative,4.050772859144139e-06
1255200308806012931,negative,0.0035304758205982837
1255200309036625922,negative,0.08426933078915731
1255200309166641164,negative,0.0068561571386156935
1255200309208649730,positive,0.836692152708546
1255200309246296066,negative,0.0010268816501384332
1255200312480206850,negative,0.19273995187647827
1255200312715083776,negative,6.681211701415173e-05
1255200312962560004,negative,0.10823005229678737
1255200313000095749,negative,0.021513702498767415
1255200313033752590,negative,0.00036691775862903527
1255200313096777728,negative,1.0924807944706041e-05
1255200316938752002,positive,0.9712188800020539
1255200316972302338,negative,0.21310228955568775
1255200317072957444,negative,0.0115995243773664
1255200317161029634,negative,0.02418365300466189
1255200317484011520,negative,3.7452829745788105e-06
1255200317597237250,neutral,0.36618491165527856
1255200320394846215,negative,0.08220962573699575
1255200320885579778,negative,0.00033013599210190677
1255200321191776259,neutral,0.36618491165527856
1255200321720156161,negative,3.833716982548564e-06
1255200321724395521,negative,0.008816503968406428
1255200321908944899,negative,0.0004681385398225724
1255200322013802496,negative,6.023824960298581e-05
1255200322194202624,negative,0.008896481126631342
1255200322261102592,neutral,0.3575125646221422
1255200322311593984,negative,2.3541314680390033e-07
1255200322491949069,negative,8.864825871157848e-09
1255200325688049666,neutral,0.48728019602140255
1255200325927043072,neutral,0.4670100671583925
1255200329311928325,positive,0.8628506823464911
1255200329341317120,negative,0.00014522399567157775
1255200329483931654,negative,0.00043410166792689294
1255200329500512256,negative,0.093579684497209
1255200329517408258,negative,0.005452748595988478
1255200329681027076,negative,2.8974270002045838e-08
1255200329739747330,negative,0.010789638298224807
1255200333673959425,negative,0.294058368722489
1255200333850120192,negative,0.0699362052529048
1255200333875351555,negative,0.005971107419276258
1255200333992562689,negative,0.16777401489548158
1255200334005383170,negative,0.03157562062650865
1255200334147981315,negative,0.005178911528264457
1255200337834713089,negative,0.030977458735434713
1255200338099011592,negative,0.01971695426125374
1255200338132557835,negative,0.006911924299826643
1255200338208047106,negative,0.002996651725556865
1255200338426105862,negative,1.607980798236517e-05
1255200338451353603,negative,0.027859726337879535
1255200338472304640,negative,0.0023422081624007883
1255200338489081856,negative,0.02172967876386337
1255200338589736962,negative,0.03799361116762813
1255200338644283397,neutral,0.5017543432377519
1255200341932605442,negative,0.00025510362545626015
1255200341991309313,negative,0.037653275188851636
1255200342720966657,negative,0.26388439654319684
1255200342914056192,negative,0.06406539915802986
1255200343010562050,negative,0.16719187637940483
1255200343438307328,negative,0.00031871077013625765
1255200346290470919,negative,0.02756569660542777
1255200346307284994,negative,0.17870387551553718
1255200346382704643,neutral,0.43208040466235303
1255200346944782336,negative,0.11613542127649579
1255200347204788225,negative,0.013382370256319543
1255200350413479940,negative,0.09294877767085549
1255200350530920448,negative,0.04315421260852356
1255200350736441349,negative,3.360656890113729e-05
1255200350908252160,negative,3.360656890113729e-05
1255200354918109184,negative,0.017252080107441475
1255200355023032320,negative,0.023142403843908234
1255200355287216129,negative,0.0003019254127228397
1255200355358371840,positive,0.7604644222552174
1255200355408924674,negative,0.16199324881102514
1255200355606040579,positive,0.8507627551004964
1255200358692990977,negative,0.003174857250544372
1255200358772756480,negative,1.120211484259401e-06
1255200358864875520,positive,0.929649213038344
1255200358940291074,neutral,0.35190979408974726
1255200359342944256,neutral,0.4507454498615163
1255200362807656449,negative,0.0003293502502883027
1255200362878902275,negative,0.019996177512617366
1255200363231182848,negative,0.05043231199396146
1255200366930649088,neutral,0.46127768308170247
1255200367060692995,negative,0.22758738718083388
1255200367207493634,neutral,0.38053133996807387
1255200367350030336,negative,0.28886360755183993
1255200367517863946,negative,0.01265263903405999
1255200371120668672,negative,3.3757638143153936e-05
1255200371514933254,negative,0.021884110990830336
1255200371565346817,neutral,0.5374389889026299
1255200371737350144,negative,4.050772859144139e-06
1255200372207095808,negative,7.120670133693203e-06
1255200374903894016,negative,0.043117358743346025
1255200375449235456,negative,0.02804435990879031
1255200375487049728,negative,0.024113026847907584
1255200375491133441,negative,0.0019912072873141578
1255200375549935622,negative,0.0003523498008621085
1255200375579295751,negative,0.022380311177785
1255200375587565568,neutral,0.4384527907236329
1255200375730327559,negative,0.017252080107441475
1255200375797358593,negative,0.05789529363060294
1255200375893823491,negative,0.055358002592316796
1255200376212553728,negative,0.00023582412404931985
1255200379085762563,negative,0.20978150786214256
1255200379895242753,negative,0.018830276664521958
1255200380121645057,neutral,0.3858627848062226
1255200380272758786,positive,0.6990403198404473
1255200380679598083,negative,6.695046673387765e-05
1255200383959543810,negative,0.001317350740019092
1255200384022429702,positive,0.8687546223252843
1255200384257126402,negative,0.103396492880523
1255200384546734080,neutral,0.5572118871719965
1255200384550793216,negative,0.21427691490079018
1255200384563458048,neutral,0.41462866415767574
1255200384689242114,negative,0.011323509954043692
1255200384731275264,negative,0.005971107419276258
1255200384836145155,negative,0.2618383061231052
1255200387952529412,negative,0.14224502092282862
1255200388048924674,negative,0.221627480612554
1255200388128681986,negative,0.11346695822683692
1255200388204171264,negative,0.030833491505522753
1255200388229156866,neutral,0.5157649043294618
1255200388279648257,neutral,0.39148555583824224
1255200388279685124,negative,0.000924913386862308
1255200388350971904,negative,0.001017052979952512
1255200392272642057,negative,0.025527589564474408
1255200392293634049,negative,0.03647872112248579
1255200392415252485,negative,0.003903517569024697
1255200392725618688,negative,0.00010919009001222688
1255200392796868608,negative,0.14826381880088338
1255200393094737920,positive,0.8839358913364176
1255200393107210240,negative,1.0243305539345196e-08
1255200393140645888,negative,0.0013351609342649496
1255200396353699840,negative,0.15759228411902373
1255200396441772038,positive,0.9580607909351962
1255200396559122436,negative,9.714907604780134e-07
1255200396634730496,negative,0.014230212574999164
1255200396664090625,negative,0.0006891840295078348
1255200396877783042,negative,3.264931293123224e-05
1255200397150560256,neutral,0.5304993298648991
1255200397318402049,negative,1.3349355910898045e-05
1255200400845635584,negative,3.4663340819577976e-07
1255200401000931329,negative,0.08501265811505371
1255200401034563584,negative,0.2170865384956515
1255200401143377920,negative,0.05015321769928622
1255200401261039622,negative,0.059191722972494955
1255200404855455744,negative,0.0908337095517782
1255200405019144193,negative,5.345947559355541e-06
1255200405195239424,negative,3.2175372703210107e-06
1255200405384040450,neutral,0.44252288087807384
1255200405430120457,negative,0.0007677028964227305
1255200405564383234,negative,0.0013351609342649496
1255200405857828866,negative,0.04252865516897516
1255200408965910528,neutral,0.35260645511960426
1255200409376960512,negative,0.0027480878370321695
1255200409502842880,positive,0.8582737309508691
1255200409536397314,negative,0.021227442875523944
1255200409607647234,negative,0.011144992939638521
1255200409620295680,negative,0.048077841757323735
1255200409934794754,negative,0.0008692059833501233
1255200412963147776,negative,4.050772859144139e-06
1255200413156024324,negative,0.0004240093417117508
1255200413189619719,negative,0.0002836642159302024
1255200413223202818,neutral,0.3740002015950025
1255200413847977984,negative,0.015887057285819517
1255200413852319746,positive,0.8040092125526687
1255200414129106948,negative,0.001218622263986881
1255200414133354502,neutral,0.3877559878167118
1255200414225428481,negative,0.05312812990062522
1255200414326292481,neutral,0.4378866912821572
1255200417383944199,neutral,0.49789225920557484
1255200417425903616,negative,0.00036421882446466676
1255200418008895493,negative,0.0739378355915128
1255200418084388867,negative,0.00025652794266906964
1255200418088484864,negative,0.014794465738394368
1255200421813125125,negative,0.0034933336570395117
1255200422362517505,negative,0.0020955888618818704
1255200422656122881,negative,3.209482862842551e-05
1255200422756847619,negative,0.01070541033045432
1255200425453801473,neutral,0.40215665737262357
1255200425671716864,negative,0.003790101626572813
1255200425860530176,negative,0.0062137995911027795
1255200426007429122,negative,0.08600301544497607
1255200426346999809,neutral,0.44252288087807384
1255200426426761218,neutral,0.473253974794598
1255200426598825984,negative,0.31866683334259177
1255200426607226880,negative,0.016908316898159904
1255200426636587008,negative,0.003965081135082123
1255200430038155264,negative,0.050305815020972935
1255200430428225544,negative,0.03799361116762813
1255200430688256001,negative,0.0006108460688154343
1255200430734430208,negative,0.0015988562672958522
1255200430847520768,negative,0.038322083489034625
1255200430910570497,negative,0.0008692059833501233
1255200434173677569,negative,2.2824810341809493e-05
1255200434245046272,negative,0.003174857250544372
1255200434345607168,negative,0.0014437859045587638
1255200434723196929,positive,0.8023883466140403
1255200438749667328,negative,0.019597536480718828
1255200438816772096,negative,0.23447461495734764
1255200439127216131,negative,0.0008046270435901418
1255200439227858950,negative,0.0010111025190367828
1255200439311704065,negative,0.00035461773216366314
1255200439370424320,neutral,0.44054615157121163
1255200439378694144,negative,2.3734161826275528e-06
1255200442700763137,negative,0.0018640205403032961
1255200442906226691,negative,5.813218842705026e-06
1255200442969206787,negative,7.380209444624945e-06
1255200443111747586,negative,0.08792519769079986
1255200443128516610,negative,0.007622795004092197
1255200443183108096,negative,0.0007580156047128432
1255200443417968640,negative,0.03799361116762813
1255200443472494598,negative,3.360656890113729e-05
1255200443623444481,negative,0.00022430678566595687
1255200447230599175,neutral,0.35080815536327137
1255200447310245891,negative,7.380209444624945e-06
1255200447335403523,negative,0.25804740104150364
1255200447436148737,negative,0.0308263828768361
1255200447624892416,negative,0.12688261316205257
1255200447805210624,negative,0.26308919321804686
1255200450967736320,negative,5.149128637298028e-05
1255200451085156354,negative,0.00038159732768256046
1255200451156480001,negative,0.016393735594676405
1255200451185840128,negative,0.09926592449587228
1255200451437498369,negative,7.67634332541271e-08
1255200451663990790,negative,0.015322601345553622
1255200455120113664,negative,8.786426205772049e-05
1255200455174619143,negative,0.0035759970310771006
1255200455216566272,negative,0.031018930935526153
1255200455224893440,negative,0.11346695822683692
1255200455241711616,negative,0.0015190193851145617
1255200455292006401,negative,3.561914885177584e-08
1255200455346577411,negative,0.0006443521871970596
1255200455967244291,negative,0.02480080990701645
1255200458911686658,negative,0.10731920269513781
1255200459226316801,negative,0.0034890071245090894
1255200459368914945,negative,3.833716982548564e-06
1255200460069355520,negative,0.00044833847037068826
1255200460140658694,negative,0.00808875319231925
1255200463525425152,negative,0.21619192908853951
1255200463538053120,negative,0.06384972657441698
1255200463697346563,negative,0.0022819629336508257
1255200464284471297,negative,0.0002025717529124582
1255200464347504647,negative,0.00012311553917447067
1255200464393531392,negative,2.8085046706546653e-05
1255200464435544066,negative,0.0013351609342649496
1255200467988119553,negative,0.12543500609466152
1255200468227293185,neutral,0.365093833327181
1255200468231282688,negative,0.2979018339282753
1255200468264984577,negative,7.130639569454003e-05
1255200468382384129,negative,0.21073129381376637
1255200468441141252,negative,0.0003019254127228397
1255200468592209920,negative,0.0009771502131998167
1255200468789334018,positive,0.9027572597287014
1255200471922376710,negative,0.058317731843566666
1255200472111157253,negative,0.10202933806494852
1255200472132128769,negative,0.17067427701432134
1255200472140562436,negative,0.0003783280707592962
1255200472308363268,positive,0.8944309914749211
1255200472488480768,negative,1.6421056355994195e-06
1255200472576786434,negative,3.043842242270779e-05
1255200472824197127,negative,0.00024316714680635868
1255200472841027587,negative,0.03536288269396868
1255200476263407616,negative,0.19571638365543492
1255200476649459713,negative,6.911591152668941e-10
1255200476666236929,negative,0.18687341702253465
1255200476997484545,negative,0.005171195655321675
1255200477047857154,negative,0.010218216344800869
1255200480306827270,negative,1.8079808500874683e-05
1255200480327806978,negative,4.7758542281557616e-05
1255200480373997570,positive,0.6956110559101671
1255200480432717825,negative,0.0930736747293366
1255200480457887744,negative,0.009977549892457317
1255200480852090880,negative,0.002746137025656127
1255200481028329472,negative,0.1685454182358465
1255200481053257728,neutral,0.3658880587243706
1255200481313464321,neutral,0.6068858072490284
1255200483972657157,negative,0.0575187775936785
1255200484786307072,positive,0.8894793514285223
1255200484815540225,negative,0.025340720566241565
1255200485197447169,negative,0.039560034962879215
1255200485579132932,negative,0.16888984637968532
1255200488699592709,negative,0.009793883576261193
1255200488716304384,negative,7.130861776536514e-05
1255200488938786819,positive,0.7673720430431459
1255200489186230273,neutral,0.40912831078694717
1255200489303613440,negative,0.15405867079762733
1255200489416749056,negative,7.111288447032385e-05
1255200489605603328,negative,0.2879839208952318
1255200492881395718,positive,0.9295495746140682
1255200493468446720,negative,0.103396492880523
1255200493489586178,negative,0.0692767217837775
1255200493846048768,negative,0.3286233187240971
1255200497126031362,neutral,0.3607149424113529
1255200497574612993,negative,0.0014033746669225432
1255200497591619585,negative,0.12209277613222011
1255200497859997696,negative,0.018499949269087268
1255200498094706688,negative,0.31866683334259177
1255200498120097797,negative,0.09294877767085549
1255200501513310223,negative,0.0014164053776896167
1255200501613953024,negative,0.011719229692289156
1255200501706240001,positive,0.9125821621359309
1255200501764968448,neutral,0.37332567028139446
1255200501865603072,negative,0.0006031232603182861
1255200502175891457,neutral,0.35260645511960426
1255200502264016896,negative,0.00991400683035867
1255200502582857733,negative,0.0014517456286947915
1255200502658318343,negative,0.0011508117079253384
1255200505556537347,negative,0.18409121938374334
1255200505703419904,neutral,0.4826709377783345
1255200506349334528,negative,0.027155725588761465
1255200506387091457,positive,0.9743500263886764
1255200506424832004,negative,0.3195898259013421
1255200507049775104,negative,0.003965081135082123
1255200509272743938,negative,0.20235976287525825
1255200509532803077,negative,0.0025007217281540037
1255200509557985281,negative,0.0001479224742927603
1255200509708980224,negative,0.014333883399727345
1255200509759193089,negative,0.11440079988985681
1255200509805375492,negative,0.10371365372867947
1255200510069669890,negative,0.0001808189183908
1255200510107439108,negative,3.833716982548564e-06
1255200510480695296,negative,0.0236511816708013
1255200510589784065,negative,0.21921412548362115
1255200513647349768,negative,2.253817005512563e-06
1255200513961926658,negative,0.10906559608758111
1255200514310012929,negative,0.0013351609342649496
1255200518051368960,negative,0.08192924096201444
1255200518374412292,negative,0.17100931456689694
1255200518596628481,negative,0.002369328584839273
1255200518789648396,negative,0.1596813005844013
1255200518890274816,negative,0.024113026847907584
1255200522220568579,negative,0.07368667309724944
1255200522316939264,negative,0.057930320595361635
1255200522384048128,negative,0.038357082110810334
1255200522723876871,negative,4.5380715910205734e-05
1255200522837114880,negative,0.026073535436234013
1255200522853908483,negative,0.028019702529066087
1255200522883280909,negative,1.0571119246346451e-05
1255200522975342593,negative,0.10131772304086874
1255200523038461954,negative,4.050772859144139e-06
1255200526452621318,negative,4.966032025802345e-05
1255200526993690635,negative,0.0010348056303449264
1255200527081771010,negative,0.17342118252577834
1255200527232774148,negative,0.07498948065110413
1255200527291502595,negative,0.0019367287906148281
1255200527303966722,negative,0.0011621575368441646
1255200527312396289,negative,0.00010058595211457663
1255200527371186178,negative,0.007991344309858478
1255200527404748808,positive,0.8829559735160154
1255200530562981888,negative,0.00047695911372606437
1255200530865020930,negative,0.19631675276638483
1255200531259195392,neutral,0.49789225920557484
1255200531364143107,negative,0.1004917962343577
1255200531758399489,negative,0.00047386540544215133
1255200531766706180,negative,9.385018955573553e-06
1255200531766747138,negative,0.014616652038765238
1255200531888377857,negative,0.00302248894500425
1255200534967078912,neutral,0.35190979408974726
1255200535176712194,negative,0.14518034984693515
1255200535407362049,negative,0.20422103767040006
1255200535474589702,neutral,0.49789225920557484
1255200538985185287,negative,0.20235324514528574
1255200539190714370,negative,0.01265263903405999
1255200539698237444,negative,0.03692020747123469
1255200539756900355,negative,9.845267162604427e-05
1255200540344176644,negative,0.19418604775287382
1255200540469977089,neutral,0.35190979408974726
1255200540495097860,negative,0.04056577186783852
1255200543158534153,negative,0.05706968102884853
1255200543682805762,negative,0.018499949269087268
1255200543766691841,negative,0.004302066023976264
1255200543783317509,negative,0.2836834351092075
1255200543959638022,negative,0.04308438265493427
1255200543963779073,negative,0.005984017698269259
1255200544093765637,negative,0.23226815510535825
1255200544160915459,negative,0.16387168805462884
1255200544219676677,negative,0.0006006575177827085
1255200547323342848,negative,1.3524047198969606e-07
1255200547449319425,negative,0.0003848663456397177
1255200547633840128,negative,3.738911423601128e-07
1255200547696713731,negative,0.06856848532299359
1255200547738509313,negative,0.15336669155248928
1255200548116221957,negative,1.445594325728515e-10
1255200552016908288,negative,0.0006358499743583801
1255200552218214405,negative,0.01265263903405999
1255200555695251463,negative,0.006384731152182137
1255200555821150210,negative,0.00035043960878235913
1255200556131418113,negative,0.00011566567277159333
1255200556219535361,negative,0.3145454325117897
1255200556257366016,negative,6.882920134655144e-05
1255200556345425923,negative,0.008271561388948152
1255200556437495808,negative,1.6421056355994195e-06
1255200559151362048,negative,0.0033948402903605963
1255200560011194369,negative,0.19418604775287382
1255200560187392002,positive,0.7229216135822387
1255200560506175490,negative,7.67634332541271e-08
1255200560803807232,negative,0.0018549247236203578
1255200561164623872,negative,0.011144992939638521
1255200561252765702,negative,0.005360818784357072
1255200564197183488,negative,9.631738421573698e-07
1255200564473970690,negative,0.11346695822683692
1255200564511678470,negative,0.0006759805906102361
1255200564708888582,negative,0.18687341702253465
1255200564746629121,negative,3.264931293123224e-05
1255200564767490051,negative,0.00984428784737967
1255200564784386049,negative,0.3170929484978244
1255200564864049158,negative,0.15668603183867083
1255200564960518147,negative,0.0037079219447805544
1255200565090570242,negative,0.0038093950333367506
1255200565136699394,negative,0.018741294838045895
1255200565237178370,negative,0.0030217846998434644
1255200568609554432,negative,0.06856848532299359
1255200568857034753,negative,0.00039917035214541294
1255200568949293056,negative,1.0924807944706041e-05
1255200569020616706,neutral,0.4118912529536807
1255200569544912897,negative,3.360656890113729e-05
1255200573286211585,positive,0.9999401565241011
1255200573336494082,negative,8.093274012173093e-05
1255200573697208328,negative,3.833716982548564e-06
1255200576679231490,negative,0.009163428855260959
1255200576792678401,negative,0.00032307674016128333
1255200577040113669,negative,0.2753560914755877
1255200577044144128,neutral,0.5533970533999424
1255200577090396160,neutral,0.48194131060200945
1255200577115566085,negative,0.0021481559875708854
1255200577656459264,negative,0.26605687061313354
1255200581074980866,negative,0.0005447528637329593
1255200581079183362,neutral,0.3575125646221422
1255200581142052866,negative,3.833716982548564e-06
1255200581234327553,negative,0.04841416503773546
1255200581561520132,positive,0.6836174372768523
1255200581632905216,negative,0.02118244100128465
1255200581796462594,negative,3.7446617205868794e-06
1255200581905526788,negative,0.27626037608679505
1255200581947400193,negative,8.531375057048515e-05
1255200585252515841,negative,8.531375057048515e-05
1255200585399271425,negative,0.18687341702253465
1255200585491644418,neutral,0.41626255502265896
1255200585558700032,positive,0.993706470755076
1255200585562849284,negative,0.03694959047117108
1255200585847996417,negative,0.026877616119309583
1255200585860743169,positive,0.9463858982449608
1255200586326323203,negative,0.0788128160214808
1255200589446815745,neutral,0.36887596171672954
1255200589568409600,negative,5.36855965907922e-07
1255200589581074438,neutral,0.5530732491642815
1255200589656530944,negative,0.006359944345910068
1255200589698523138,negative,0.16154037002164204
1255200589832769539,negative,0.009911664355244218
1255200590050844673,negative,0.000989207194867976
1255200593741860864,negative,0.200983916454709
1255200593850875905,negative,3.7500193714057425e-06
1255200594391900165,negative,1.261164318168189e-07
1255200594488221696,negative,0.0002025717529124582
1255200597910982658,negative,0.0930736747293366
1255200597923553280,neutral,0.35190979408974726
1255200598284271618,negative,3.264931293123224e-05
1255200598317768712,negative,0.1179168089353279
1255200598506364928,negative,0.0030350643823187063
1255200598720311297,neutral,0.4786149060410898
1255200602004602880,negative,3.8121190703031745e-05
1255200602080063488,negative,5.364355224465586e-05
1255200602159820801,negative,0.17232936478429173
1255200602268762113,positive,0.9669567326535272
1255200602394628101,negative,0.0008692059833501233
1255200603082498048,negative,0.003174857250544372
1255200603170582530,negative,0.0026201253655970444
1255200603250319361,positive,0.9915705866723477
1255200606152777729,negative,0.00021306426842209665
1255200606442139649,positive,0.9603164536100073
1255200606505046022,negative,5.2336556813259705e-06
1255200606765096961,negative,0.2691874143985329
1255200607121661954,negative,0.0002775385069641547
1255200607134265344,negative,0.09308609452635755
1255200610820993034,negative,0.05015321769928622
1255200610825187331,negative,0.10544351632042621
1255200611496230913,negative,0.001716972473807831
1255200611664121857,negative,0.019860550771212883
1255200611706036226,negative,0.03172557879666057
1255200611764776961,negative,7.380209444624945e-06
1255200613689942020,negative,3.128720988185714e-06
1255200614725947392,positive,0.9999401565241011
1255200615023722497,negative,0.0005807332933456241
1255200615308951557,negative,0.005428881291160593
1255200618760863744,negative,3.905417438311996e-13
1255200619066986496,negative,0.00025652794266906964
1255200619406725124,negative,0.00016811399397997676
1255200619410927622,negative,0.04029127588445944
1255200622904856587,negative,6.883458518409937e-06
1255200623215153157,negative,0.1556512496208866
1255200623252783104,negative,0.25510586853062006
1255200623412178950,negative,0.14521655636382097
1255200623429062659,negative,0.0497490518045691
1255200623483662337,positive,0.6727267336044819
1255200623605149698,negative,0.2574678772027351
1255200623802408962,negative,0.018918070447975954
1255200624129585152,negative,0.04772275898577009
1255200627015266304,negative,0.00039473313624897264
1255200627166248960,negative,6.650195841318878e-05
1255200627224911872,negative,0.00025652794266906964
1255200627363282947,negative,0.010799100626664275
1255200627715502081,negative,0.3229159671896775
1255200627845521408,neutral,0.55613546005272
1255200627896004608,negative,0.015580674763023102
1255200628042805248,negative,0.2604232292571391
1255200631469608961,neutral,0.42072120222867115
1255200631847034881,negative,0.0015945672679736694
1255200632052613120,negative,0.02237603284630313
1255200632169885696,neutral,0.55613546005272
1255200635395309568,negative,3.4663340819577976e-07
1255200635655512068,negative,0.0003447912984512652
1255200635697446914,negative,0.020495961495883293
1255204934158561281,negative,0.0016456707873986948
1255204934380933122,negative,0.03994508224327446
1255204934523510789,negative,0.020613451274425057
1255204934540242944,negative,0.2387739855667466
1255204934653485057,negative,0.008460225321937504
1255204934665957377,negative,0.00072152799738296
1255204934800347137,neutral,0.4354974330195654
1255204934804557825,neutral,0.5405737528647484
1255204934833840132,negative,0.0003649358792848999
1255204934955536384,negative,5.364355224465586e-05
1255204935009882112,negative,0.08088527887921566
1255204935165194240,neutral,0.6200563639845105
1255204935521755137,negative,0.2753324428011205
1255204935790182403,negative,0.04951228526973368
1255204938726215681,neutral,0.5556746642089165
1255204938852044800,negative,1.6758298517927582e-05
1255204938868801537,positive,0.8819793887482558
1255204938935918597,neutral,0.45639640001694487
1255204939166625793,neutral,0.5665119076426707
1255204939460161536,negative,0.004030758222240556
1255204939590258688,negative,0.02978767710929604
1255204939803922432,negative,0.3170929484978244
1255204939929915392,negative,0.03682315134207963
1255204943025274881,neutral,0.4123255302729757
1255204943205670913,negative,0.04079025588071879
1255204943365111808,negative,0.00042206250395851724
1255204943457398785,negative,3.90546422631325e-05
1255204943549562882,negative,8.863692559158543e-09
1255204943612477440,negative,0.0001100619959581836
1255204943696461824,positive,0.8114463645019392
1255204943792873474,negative,0.06949367479958504
1255204943868420103,negative,0.17880969541296385
1255204943893577729,negative,0.00050423038905904
1255204943943761920,negative,0.03799361116762813
1255204947261485057,negative,0.04644862463257268
1255204947307696129,positive,0.717259879232921
1255204947307769858,neutral,0.5524131352063592
1255204947311943686,negative,0.2528094715719759
1255204947345498116,negative,0.007792198524784974
1255204947425198080,negative,0.07364622359439646
1255204947454570498,negative,0.07202305275673122
1255204947475542017,negative,0.16591238125413285
1255204947794243586,neutral,0.3356842625790848
1255204947865583619,negative,0.00020923786727552953
1255204947957886976,negative,0.04043244269379373
1255204948100501506,negative,0.010358090636248233
1255204948217823233,negative,0.0022780564203330757
1255204951648690177,negative,1.6421056355994195e-06
1255204951715954690,negative,0.016613266311100754
1255204951946670080,negative,2.4818841995708736e-05
1255204951955046400,negative,0.047650178341662575
1255204955822178304,negative,0.12268700906104946
1255204955893399552,negative,0.31066255412712274
1255204956384067584,negative,0.1079109401862528
1255204959836127233,neutral,0.49789225920557484
1255204959953485827,negative,0.0653809732347459
1255204960196837376,neutral,0.6200563639845105
1255204960398123009,negative,0.25364710249427325
1255204960410755072,negative,0.09023294405522338
1255204960423292933,negative,0.0010085763205677145
1255204960477884417,neutral,0.3690198406239518
1255204960570159105,negative,0.00039330056054111566
1255204963644571653,positive,0.8324991693319888
1255204964378476546,negative,0.02164503797025133
1255204964672176129,negative,4.3515719123076184e-05
1255204965020286977,negative,0.021227442875523944
1255204965129302018,neutral,0.5665119076426707
1255204968329609216,negative,0.020230000998904468
1255204968384073728,negative,0.24133746374129328
1255204968598056960,negative,0.034538558718849796
1255204968635785216,negative,2.091570434457268e-07
1255204968702902274,negative,0.02357050532933279
1255204968811937792,negative,0.0015280209860601792
1255204968820117504,negative,0.014782647750845892
1255204972481990656,negative,0.00035665009678366395
1255204972607811591,negative,0.04794859693982889
1255204972867858432,negative,0.021543218725992724
1255204972914003973,negative,0.00984428784737967
1255204972939087873,negative,0.004394628574106148
1255204976680296448,negative,0.05786751722868399
1255204976743387142,negative,0.05229733550083001
1255204976982286336,positive,0.9586835582549089
1255204976982323200,negative,0.008763060542829618
1255204977057902593,negative,0.0012113734312563245
1255204977167020032,positive,0.8236784662464735
1255204977183686656,negative,0.005971107419276258
1255204977242443778,negative,0.3170929484978244
1255204977506738179,negative,0.21086614720160096
1255204977519276033,negative,0.29625627019328915
1255204977603207168,negative,0.23450940777005216
1255204981000622080,negative,0.059409856666914236
1255204981382287364,negative,0.020021686117275082
1255204981784928256,negative,0.004762559191698451
1255204981805928448,negative,0.041401026684881645
1255204982141399042,negative,0.07628951061606243
1255204984922267648,negative,0.09924729955590768
1255204985077411844,negative,0.0006332497962367953
1255204985127800832,negative,9.222226397113351e-05
1255204985584975872,neutral,0.4650971402299115
1255204985622724608,negative,0.07508318282348533
1255204985702354950,negative,0.0004154273070722838
1255204985773719552,negative,4.874077998732665e-05
1255204985782091777,negative,0.23004593246934762
1255204989548597251,negative,0.0012655331271624766
1255204989565353986,negative,0.013228511040170693
1255204989980626945,negative,0.11254279786539279
1255204989988933634,negative,0.3282258669564145
1255204990001598468,neutral,0.5630763331256518
1255204990160945152,negative,0.009165210661142294
1255204990160953353,negative,1.286453951517377e-08
1255204990173409280,negative,2.964279868541913e-10
1255204990362308608,positive,0.848021981419525
1255204990387458051,negative,0.030258946376114433
1255204990395842561,negative,0.09472873781555542
1255204993713479689,negative,5.6458732881064444e-05
1255204994246115331,neutral,0.39461426648713577
1255204994330001408,negative,0.00039167594863941856
1255204994351063040,negative,0.03799361116762813
1255204994451673094,negative,0.11522966365590778
1255204994539753475,negative,2.1397263663580043e-14
1255204994879553536,negative,0.1442710977012435
1255204997521907720,negative,0.017646363462675663
1255204997605797889,negative,0.29454324875222576
1255204997903638530,negative,0.0009026608953649183
1255204998297858054,negative,0.0020955888618818704
1255204998352257024,negative,0.010285465623976591
1255204998402711553,neutral,0.448613166877171
1255204998436225024,negative,0.020859323799443642
1255204998708957184,negative,0.009781382014759614
1255204998847311872,negative,0.23901520566382914
1255204998859952128,negative,0.06759920630559711
1255205001531621383,neutral,0.49789225920557484
1255205001837895688,negative,0.06644628412184928
1255205001884061696,positive,0.9993582834411673
1255205001896636418,negative,0.23447461495734764
1255205002135683075,negative,0.1339283339877948
1255205002332778497,negative,0.13865312869617683
1255205002789994496,negative,0.001964330450842839
1255205002806652928,negative,0.03016481727440387
1255205004576788480,negative,0.07048969323098077
1255205006380339201,negative,0.03799361116762813
1255205006971555840,negative,0.002746137025656127
1255205006971723776,negative,0.0007723555649372483
1255205006975868938,negative,0.06883244412216401
1255205007093358593,negative,0.3170929484978244
1255205007135301633,negative,0.07628951061606243
1255205010218123267,negative,0.001801618706650938
1255205010398380033,negative,3.264931293123224e-05
1255205010444615681,negative,0.00025652794266906964
1255205010486505474,negative,0.00018567675341440575
1255205010545262593,negative,0.11522966365590778
1255205010897543169,neutral,0.5628056929000496
1255205010914381825,neutral,0.44252288087807384
1255205014383071235,negative,0.019597536480718828
1255205014395662337,negative,0.22239216151909827
1255205014693347331,negative,0.06759920630559711
1255205014772920321,negative,0.11637100319217059
1255205014865358850,negative,1.271994505819925e-06
1255205015083458562,negative,0.24617847132345658
1255205015091896328,negative,0.0035304758205982837
1255205018589896704,neutral,0.6186438023898543
1255205018837356549,neutral,0.3328366999043099
1255205018845818880,neutral,0.47646509982443735
1255205018854195204,negative,0.32676368110058446
1255205019273625601,negative,0.06759920630559711
1255205019353100289,negative,0.009793883576261193
1255205019432955904,negative,0.020854084695752007
1255205019563036672,neutral,0.5038305318952405
1255205022863962118,neutral,0.5665119076426707
1255205023195320322,negative,0.16983149483280743
1255205023509884932,neutral,0.5801143440348423
1255205026995122180,positive,0.8244861702413446
1255205027007823875,neutral,0.3554526456002715
1255205027007868928,negative,7.657702643503118e-07
1255205027259379714,neutral,0.6193362815687823
1255205027356049409,negative,0.0004962578600966525
1255205027519631360,negative,1.536399126823195e-05
1255205027540611076,negative,0.1692194767195304
1255205027620290561,negative,0.2911482948499813
1255205027729334272,negative,0.003978640873423698
1255205027741925381,negative,0.014777033799168721
1255205027817422849,negative,4.47366710334716e-06
1255205027947388928,negative,0.04866641099946799
1255205030753427459,neutral,0.3939334937029284
1255205031508275200,negative,0.0327770372088552
1255205031621558279,negative,0.0007723555649372483
1255205031630049292,neutral,0.36535154935801345
1255205031680360453,negative,0.0004884017890730237
1255205031692980226,negative,0.0017705989902354433
1255205031810392064,negative,0.024113026847907584
1255205031902576643,negative,0.0006332497962367953
1255205032091402240,negative,0.24297951615622895
1255205035375558656,negative,0.0010422117491547366
1255205035652284417,negative,0.13886856642124043
1255205035694268417,negative,0.1582781809961717
1255205036419887110,negative,0.005235097866338167
1255205036642181121,negative,0.0342060582315994
1255205036642258948,neutral,0.33481691881114467
1255205039561465857,negative,2.257466444105247e-05
1255205039628484609,neutral,0.44054615157121163
1255205039821541383,negative,5.1402736582328245e-06
1255205039905398793,negative,1.0924807944706041e-05
1255205039993389057,neutral,0.5665119076426707
1255205040211591169,negative,0.0025401929717843484
1255205040253538307,negative,0.0008692059833501233
1255205040471658496,negative,0.13563064119234017
1255205043697041408,negative,0.08413846635117182
1255205043709632513,negative,0.05169044941450791
1255205043751583745,negative,0.00044375348633023505
1255205044124868613,positive,0.992861033245175
1255205044150046726,negative,0.018373947954209453
1255205044179349504,negative,3.6669103761540014e-05
1255205044259041280,neutral,0.38347119409268754
1255205044405886985,negative,0.27042832463070715
1255205047820005377,neutral,0.6319007886430678
1255205048008634368,positive,0.7991307027402158
1255205048340090886,negative,0.016199578600945553
1255205048436559875,negative,0.011234736096090452
1255205051699802113,neutral,0.6377311335967825
1255205052266024960,negative,0.00012311553917447067
1255205052286930946,neutral,0.44444997776777606
1255205052316372999,negative,1.763442857838954e-08
1255205052496650240,negative,0.1896299306720881
1255205052697972737,negative,0.06759920630559711
1255205052953825282,negative,4.874077998732665e-05
1255205053067116544,negative,0.00933745899230888
1255205053075525633,neutral,0.5071793750815216
1255205053100687361,negative,1.4385790230398462e-05
1255205056330248201,negative,0.0930736747293366
1255205056447746048,positive,0.9993582834411673
1255205056602877952,negative,0.008509489288743595
1255205056632295428,negative,0.008802830190578283
1255205056854609931,negative,0.23450940777005216
1255205057110343680,negative,0.0006006575177827085
1255205057320161282,negative,0.2973057242084542
1255205057445785600,negative,0.05255570625160467
1255205060117749760,negative,0.046824979990379455
1255205060499451905,negative,0.26317339405984835
1255205060608430080,neutral,0.36979526280206465
1255205060738457600,negative,0.004267143352409654
1255205060814032896,negative,0.013857851743350991
1255205061271212033,negative,0.002443181112066291
1255205061355077632,negative,0.000194198708187629
1255205061568933888,negative,0.00139008878809645
1255205064924368898,negative,0.03134304624070189
1255205064932810752,negative,0.2104859751351535
1255205064937005057,negative,0.06969877949540577
1255205065159254018,negative,0.012876569670644154
1255205065343852544,negative,0.08611059430231034
1255205065499070470,negative,0.011144992939638521
1255205065675194369,negative,0.001361309088726861
1255205065805238278,negative,0.27321216097004153
1255205065859706880,negative,0.008482369104064007
1255205068988653568,negative,0.0002775385069641547
1255205069013815299,negative,0.10371365372867947
1255205069055721477,negative,7.379082155128337e-05
1255205069148033027,negative,0.0032098155202530533
1255205069202567173,negative,0.0018640205403032961
1255205069613662211,neutral,0.49789225920557484
1255205073224957958,negative,0.00021317852584576378
1255205073535283200,neutral,0.5665119076426707
1255205073564708864,negative,0.0013351609342649496
1255205073648574466,negative,0.0930736747293366
1255205074118348800,negative,0.0355112121324963
1255205074302914567,negative,0.00033978839060128075
1255205077259816964,negative,0.013321503735580092
1255205077263872000,negative,0.001666341988252787
1255205077708464129,negative,0.25320696083562805
1255205078295871492,negative,0.00010058595211457663
1255205081538011146,negative,0.1641105278081022
1255205081550671878,negative,0.0046524317205681774
1255205081848389635,negative,0.13179955539083182
1255205081848446977,negative,0.1555372000180129
1255205082003636225,negative,0.024259941927207693
1255205082032988161,negative,0.008281931554687634
1255205082125099013,negative,0.23447461495734764
1255205082460762113,negative,0.16845712620049114
1255205084922892289,negative,0.00017577548070329374
1255205085644312578,negative,0.00025652794266906964
1255205085648470019,negative,0.002526956227687323
1255205085975633921,negative,9.36090342836087e-05
1255205085983932416,negative,0.06759920630559711
1255205090467762179,negative,0.11522966365590778
1255205090660626433,neutral,0.6138232621945896
1255205090694238218,negative,0.0005216299135550644
1255205090740391937,neutral,0.42606796750175085
1255205091038150658,neutral,0.49789225920557484
1255205093839900673,negative,6.953397583458551e-12
1255205094255144968,negative,0.003071389446558249
1255205094338908162,neutral,0.377894746631663
1255205094452273155,negative,0.00487862399341256
1255205094540423168,negative,0.029440828992262386
1255205094636826625,neutral,0.5071793750815216
1255205094745878532,positive,0.995582229244173
1255205094964047880,negative,0.00015977683057714836
1255205098642341890,negative,0.005606532019132099
1255205098646626305,negative,0.002746137025656127
1255205098734727168,negative,4.9039603112995976e-05
1255205098885722119,negative,4.050772859144139e-06
1255205099170926595,negative,0.020613451274425057
1255205099175116801,negative,0.328421619151571
1255205102425649152,negative,2.3723557533585552e-06
1255205102450888704,neutral,0.430734612817944
1255205102530506754,negative,0.3029968537174699
1255205102954127361,negative,0.2528094715719759
1255205103025287168,negative,0.0035486418243006316
1255205103059062784,positive,0.9658119604621324
1255205103126134790,negative,4.614706277550441e-07
1255205103386189831,negative,0.06893448120823924
1255205107333058560,neutral,0.3921392596637016
1255205107446284288,negative,0.2253832403887022
1255205107563663362,negative,0.016199578600945553
1255205107597283329,negative,0.2387739855667466
1255205107714662401,negative,0.018603263847192474
1255205111019831296,neutral,0.49789225920557484
1255205111334404103,positive,0.6898423053996916
1255205111464370176,negative,0.006408248968123945
1255205111632027650,neutral,0.6186438023898543
1255205115398684672,negative,0.18355878786927693
1255205115717287936,negative,0.2387739855667466
1255205115969130497,negative,0.016199578600945553
1255205119274221568,negative,0.00012311553917447067
1255205119320358912,negative,0.00018821673435882023
1255205119605473282,negative,1.987960476961982e-12
1255205119710420992,negative,0.02955619311939347
1255205119907545088,negative,0.21211346892931043
1255205120159166465,negative,0.19561905690973985
1255205120465346560,negative,0.003965081135082123
1255205120775774209,negative,0.006073512710477093
1255205123690725384,negative,0.26017357352714615
1255205124068315143,negative,7.67634332541271e-08
1255205124265455622,negative,0.007669314057501584
1255205124559036418,negative,0.027616141897709574
1255205124642914304,negative,0.0028806657173036684
1255205124663885824,negative,0.21139109066500397
1255205125846642689,negative,0.2391832799224015
1255205127159517184,negative,1.5526061638657183e-08
1255205127595659264,negative,0.18630777450225067
1255205127620833287,neutral,0.5757820192359615
1255205128535146508,negative,0.01165301743035277
1255205128828788736,positive,0.7839698800766152
1255205128908361728,negative,0.19512902450161523
1255205131752259591,negative,0.08296033336084539
1255205131936825344,negative,0.0013351609342649496
1255205132171698176,negative,0.06374865986318165
1255205135850049538,negative,4.882524295781995e-07
1255205136001052674,positive,0.8819793887482558
1255205136055459840,negative,0.05255570625160467
1255205136324071426,negative,0.2391832799224015
1255205136667942916,negative,0.0001810760218570124
1255205136827330561,negative,0.0001168770917410784
1255205136970002433,negative,0.0004154273070722838
1255205138572226560,negative,0.10186889413627605
1255205140291862529,negative,0.0013351609342649496
1255205140522549249,negative,1.0277385946770059e-05
1255205140530937861,negative,0.01124148624414031
1255205140677693440,negative,0.23052225245681454
1255205140811874306,negative,0.022343669595403185
1255205140962971654,positive,0.944824364408534
1255205141000617984,negative,0.007221554853478548
1255205144523952129,negative,0.04300653539556639
1255205144653975555,negative,7.657702643503118e-07
1255205144658132992,neutral,0.38826724185324085
1255205144846835716,negative,0.1633687983826866
1255205145031434240,negative,0.22490318476416
1255205148114247681,negative,0.22342276532438954
1255205148814688257,negative,0.0001998710907226094
1255205149217259524,negative,0.2549865018551392
1255205149221543936,negative,0.0006300516866639312
1255205149322219520,negative,0.10880966194330512
1255205149557080065,negative,0.16560656229357068
1255205152182632453,negative,0.021513702498767415
1255205152862150657,negative,0.0030763307697764296
1255205152979648518,negative,0.006714482794690204
1255205153357119490,neutral,0.6200563639845105
1255205157232500736,negative,0.016613266311100754
1255205157266128904,negative,0.0007946202815584159
1255205157291384832,negative,0.24417432067355926
1255205157362479104,negative,0.003043887035530767
1255205157505249282,negative,0.18630777450225067
1255205160843980807,negative,0.0007418197735775336
1255205161712013313,negative,0.0034394114487275055
1255205161783431173,negative,0.10553632130392154
1255205161892556800,negative,0.00038409495622546434
1255205162030968835,negative,0.03285202674723353
1255205162051829761,neutral,0.36473491957778936
1255205165159854081,negative,0.001290307595167209
1255205165503844357,negative,0.10912311319491441
1255205165537337344,positive,0.836692152708546
1255205165566574593,negative,9.02599052387075e-05
1255205165667364864,negative,0.0072052967892646536
1255205165705031686,negative,0.00048631239661404784
1255205166137192450,negative,0.06759920630559711
1255205166262992896,neutral,0.38347119409268754
1255205169597423619,negative,0.15571577941473594
1255205169626832896,negative,0.0072052967892646536
1255205169865916424,negative,0.005159086597966173
1255205169920266240,neutral,0.5107745874920783
1255205170188861441,negative,1.9434342838532397e-11
1255205170658652161,negative,0.22340600095137914
1255205173309452293,negative,0.14036574937684834
1255205173770760199,negative,0.18687341702253465
1255205173804367879,negative,0.012781050682599136
1255205173946920966,negative,2.946986811635236e-05
1255205174131470338,negative,0.016613266311100754
1255205174244790273,neutral,0.4001021607442458
1255205174815207424,negative,0.05312719604441314
1255205174831964164,neutral,0.37024352799666777
1255205177906380804,negative,1.2408326081229937e-10
1255205177935699972,negative,0.103396492880523
1255205178225156096,negative,0.005982441940367206
1255205178229297153,negative,0.17105331844954932
1255205178350936066,negative,0.004547794142298328
1255205182213890048,negative,0.27122219617430116
1255205182536921092,negative,0.05337750686302796
1255205182775967744,negative,0.016613266311100754
1255205186517245958,negative,0.31286153156476204
1255205186706046977,negative,0.07099734854064696
1255205186902974464,negative,0.25160651867053596
1255205186995236865,negative,0.04592052327248553
1255205187259637765,negative,1.4143895651454258e-08
1255205190724136960,negative,0.10575377209543907
1255205191084904450,negative,0.00034614569187780777
1255205191286231040,negative,2.0430588629779834e-06
1255205194704531457,negative,0.06648466606668371
1255205194834612225,negative,0.11210621625385851
1255205194843017218,negative,0.03736275712299636
1255205195308548099,negative,0.0013351609342649496
1255205195346214912,negative,7.67634332541271e-08
1255205198492053504,negative,0.0023454783889051943
1255205199406411778,negative,0.1711390571573765
1255205199435751424,negative,0.04319008626829473
1255205199536427008,neutral,0.3420549583215049
1255205199737688074,negative,0.03799361116762813
1255205199804657664,negative,0.039606904571390794
1255205199842545664,negative,0.0517473352399293
1255205203076362242,negative,0.23886483487011936
1255205203109912576,negative,0.0004187560667258461
1255205203394965504,negative,3.2867670143396924e-06
1255205203621576704,negative,3.264931293123224e-05
1255205203676000256,negative,0.0001514557118672822
1255205204032618499,negative,0.0018640205403032961
1255205207270658048,negative,1.9615784855439382e-11
1255205207291555840,negative,0.02266042033207607
1255205207480373250,negative,0.2528094715719759
1255205207492837376,positive,0.7196799988764637
1255205207589433344,negative,7.098066243561356e-08
1255205207807537152,negative,0.2151776792024002
1255205207904059394,negative,0.22572237093960099
1255205211460820992,neutral,0.4509216644189719
1255205211653668869,neutral,0.5665119076426707
1255205211767017473,negative,0.2517681843681066
1255205211968360449,negative,7.924325727166912e-05
1255205212152832000,negative,0.019448952377567663
1255205215726428161,negative,0.18810388416435592
1255205215852265473,negative,0.006497804096506769
1255205216070373377,neutral,0.5087356992061152
1255205216175128578,negative,0.05481134637698415
1255205219870355456,negative,0.009793883576261193
1255205219950104576,negative,0.1555372000180129
1255205219992043522,negative,0.014167365193284766
1255205220038119424,negative,3.8966295499415614e-06
1255205220159758337,neutral,0.6393621634337819
1255205220411478018,negative,0.1555372000180129
1255205220654538752,positive,0.9874556813345198
1255205220864360450,negative,0.04411786339335806
1255205220948336641,negative,1.6170889845415893e-07
1255205224085626883,negative,0.007792198524784974
1255205224496726017,negative,0.14054000792501564
1255205224739778560,neutral,0.44054615157121163
1255205224999989248,negative,0.2927397109611063
1255205225054396416,negative,0.00012139310991369432
1255205228443570176,neutral,0.55613546005272
1255205228506427392,neutral,0.46835251359742686
1255205228787445768,negative,9.233474396727318e-05
1255205228888104961,neutral,0.5665119076426707
1255205229026586625,negative,0.018847313461577565
1255205229047382018,negative,0.0005641417478521293
1255205229492043777,negative,0.2181123211927238
1255205229538299905,negative,0.06759920630559711
1255205232990195713,negative,5.345947559355541e-06
1255205233048932354,positive,0.8540131634410532
1255205233053044736,negative,5.5742222259022175e-06
1255205233141198848,neutral,0.3911756983179202
1255205233292005376,negative,0.05512884155256048
1255205236798623744,negative,2.019897621731625e-06
1255205236836204544,negative,0.14952458832494642
1255205236878331906,negative,0.021807834154836607
1255205236953710594,negative,0.004467712671055542
1255205237234839553,positive,0.9950757374575581
1255205237457117185,neutral,0.5665119076426707
1255205237603827714,negative,4.050772859144139e-06
1255205237620477953,negative,0.00029738185203232966
1255205241051590665,negative,0.22159934705259285
1255205241160597505,negative,0.23172434155059285
1255205241185804289,negative,0.0023930165875302987
1255205241282342912,negative,0.009494652878210583
1255205241328472067,negative,0.024113026847907584
1255205241378742273,negative,0.1633687983826866
1255205241752076292,negative,0.03355548698892803
1255205241978527744,negative,0.25609933269665436
1255205245036175360,neutral,0.49789225920557484
1255205245216571394,neutral,0.38826724185324085
1255205245396942850,negative,0.21139109066500397
1255205245644206081,negative,7.991883175580247e-05
1255205245665382400,positive,0.7789417760041928
1255205245812125698,negative,0.1702962780033741
1255205246021894145,neutral,0.5520484155125934
1255205246260916224,negative,0.09204646122176731
1255205249297666048,negative,0.0002879171486597456
1255205249700298754,negative,0.28886360755183993
1255205249762988032,negative,0.05685083763288947
1255205249930997761,negative,0.10394696408406896
1255205250170060800,neutral,0.46127768308170247
1255205250270666754,negative,0.008656960831350072
1255205250379677697,negative,0.011144992939638521
1255205253408075781,negative,0.29625627019328915
1255205253458399235,negative,2.935473394592699e-06
1255205253479309312,negative,0.008481917626617952
1255205253592559618,negative,0.032481668099413524
1255205253793886208,negative,0.005360818784357072
1255205253810737152,negative,0.009277280527103362
1255205253932175360,negative,0.03249421093204542
1255205253944836097,negative,0.0010179894456497618
1255205254079135751,negative,0.008935622727187396
1255205254112727041,negative,0.0006242014587281152
1255205254351724545,negative,0.18797251697633235
1255205257619091456,negative,0.0026417573484923654
1255205258697023488,negative,0.014603346600041232
1255205258739023877,negative,0.029932211769845594
1255205258852106240,neutral,0.4276072023135459
1255205258856263685,neutral,0.36392560777679134
1255205261972844545,negative,0.026548002568851876
1255205262014595072,neutral,0.6117247563025356
1255205262169911298,negative,0.0006332497962367953
1255205262236897280,negative,0.0005641417478521293
1255205262241099778,negative,0.0006439688899877371
1255205262337679367,negative,0.1291364878509615
1255205262341914626,positive,0.9636994265615814
1255205262392164353,negative,0.02141338567461361
1255205262409052163,negative,0.004148154379740024
1255205262589378563,negative,0.0026781225823879536
1255205262794915844,negative,0.0075897405596583355
1255205262945910786,positive,0.7155346589454531
1255205264430632962,negative,0.007064517031842617
1255205265068232705,negative,0.06759920630559711
1255205265198198786,negative,0.0020546359410233903
1255205265487659011,negative,0.023142403843908234
1255205265772883971,neutral,0.4177942796284303
1255205266213294082,negative,0.3145454325117897
1255205270109601793,negative,0.31820487300311295
1255205270298529792,negative,0.19091741994437098
1255205270386552832,negative,0.002400138109525898
1255205270474670085,negative,0.06585723288434442
1255205270705393664,negative,0.3217963267499168
1255205270881472516,negative,0.004762559191698451
1255205274425724929,negative,0.028275333061390042
1255205274593476613,negative,4.522845492955218e-12
1255205274761248768,negative,0.061711902291385755
1255205274878648320,negative,0.043696423043653836
1255205275017019392,negative,0.059409856666914236
1255205275092516864,negative,3.448366425277482e-06
1255205275113598976,negative,0.015184842065687832
1255205278364172289,negative,5.060596364561102e-07
1255205278569639936,negative,0.0033613397182154733
1255205278611456000,negative,0.01610547399661924
1255205278712238083,negative,0.002053324846126141
1255205278879973377,negative,0.09182830616535034
1255205278976540672,negative,0.006582622582943918
1255205278976552968,negative,8.531375057048515e-05
1255205279014309889,negative,0.0024761685947962005
1255205279135924231,negative,6.546041853209037e-05
1255205279303643138,negative,0.011899196682141244
1255205282843553792,negative,0.0037086679383611866
1255205283007062016,positive,0.6858485437636892
1255205287075762177,neutral,0.5665119076426707
1255205287130288128,negative,8.592125818055246e-11
1255205287289671685,negative,1.6421056355994195e-06
1255205287377674241,negative,0.0024787905258594196
1255205287796957186,neutral,0.3957755569793847
1255205288099090432,negative,0.0007906306165348245
1255205288115871745,negative,0.00041172385814574697
1255205291416846336,negative,0.000989207194867976
1255205291676897282,negative,1.2956641854406975e-05
1255205295346913280,negative,0.0022507382180150513
1255205295443398664,negative,0.031340538550466035
1255205295883603968,negative,0.010333040314622427
1255205296026378240,negative,0.06816222974243791
1255205296315813894,neutral,0.49392459631698443
1255205299566399489,negative,0.024113026847907584
1255205299738140672,positive,0.6819323657954478
1255205300207931392,negative,0.10308000987676268
1255205300249952257,neutral,0.3996580091506196
1255205300363317249,negative,1.271994505819925e-06
1255205300409376773,negative,0.32744229960083826
1255205300468174853,negative,0.003980590453865956
1255205300501610497,negative,0.08498087412075463
1255205300593885184,negative,0.045823516071148526
1255205303940980737,negative,5.2198732877926576e-05
1255205304310140933,negative,0.0013351609342649496
1255205304360452096,negative,0.06648466606668371
1255205308277948418,negative,6.800388953514608e-05
1255205308420538376,negative,0.01443079311205357
1255205308420554753,neutral,0.6165231833858643
1255205308676345856,negative,0.18687341702253465
1255205308869337088,negative,1.5541132075181042e-06
1255205312048529411,negative,0.0020519911622161034
1255205312610676739,negative,5.345947559355541e-06
1255205312610684930,negative,4.702638472685279e-08
1255205312975589378,negative,0.0001869975385424003
1255205313025912834,negative,0.0988199480864472
1255205315693481989,neutral,0.6487134129625763
1255205316418920448,negative,0.011048219004741419
1255205316461039617,negative,0.26558400195641885
1255205316599390210,negative,0.035100382340928535
1255205316607856641,negative,0.0025492095876653836
1255205316612050946,negative,0.02747455916338826
1255205316733612032,negative,0.05793433575932538
1255205316964356096,neutral,0.5665119076426707
1255205317002002435,neutral,0.40912831078694717
1255205320303009792,negative,6.975242763024994e-08
1255205320705613824,negative,5.245265693543935e-11
1255205320713895936,negative,0.008805183519184743
1255205320734867457,negative,0.0014417253218657114
1255205320961351680,neutral,0.4963193237950887
1255205321003487232,negative,3.511609269163212e-08
1255205321259311110,negative,9.208103525735055e-06
1255205321292775427,negative,0.1582781809961717
1255205321351577604,negative,0.014777033799168721
1255205321473130503,negative,0.17232936478429173
1255205325013168130,negative,0.012876569670644154
1255205325059350529,negative,0.01293155595985399
1255205325239697410,neutral,0.5665119076426707
1255205325663322114,negative,0.00040371680985556866
1255205325914935362,neutral,0.4473776049383081
1255205329035550727,negative,0.05780842299231821
1255205329153019913,negative,0.06963445497007169
1255205329312395273,negative,7.309435983484938e-10
1255205329501147143,negative,0.2391832799224015
1255205329614319617,neutral,0.3390281826440842
1255205330050482182,negative,0.25569269829441454
1255205330226642951,negative,0.31890975715375697
1255205330314649600,negative,3.264931293123224e-05
1255205330658746368,negative,1.0527821189284267e-07
1255205333489909760,neutral,0.49789225920557484
1255205333527441408,negative,0.0011298966974773604
1255205333871374336,neutral,0.4144945330965496
1255205333875728395,negative,0.037116548975311595
1255205334299353089,negative,0.0062915361347948015
1255205334311931908,negative,2.3723557533585552e-06
1255205337084293124,negative,0.29627741483099224
1255205337524813827,negative,0.11163335517748933
1255205337889746945,neutral,0.6278057188110937
1255205337914884097,negative,0.05655415210885595
1255205337998733312,negative,0.16844749591774644
1255205338116128768,negative,0.015111894266214577
1255205338271428608,negative,0.06984455080780085
1255205338351054850,neutral,0.37028600367937203
1255205338371878912,negative,7.67833477830599e-05
1255205338464190464,negative,0.0002704209155490698
1255205341446488070,negative,0.00013509484063583377
1255205341849100293,negative,0.008188006685266053
1255205341891100672,negative,0.0010318688233179965
1255205341928861700,negative,0.003848140556285306
1255205342067200004,neutral,0.377894746631663
1255205342092259329,negative,0.14521655636382097
1255205342272729089,negative,0.07628951061606243
1255205342306168832,neutral,0.49789225920557484
1255205342440566784,positive,0.9867410193994102
1255205345720504321,negative,2.1554646732713665e-08
1255205346093621248,negative,7.037906398672923e-05
1255205346097971209,negative,7.244482539150128e-05
1255205346462793728,negative,0.06585723288434442
1255205346634858497,negative,0.12372002301353811
1255205346676744192,negative,0.09175427884775414
1255205346685022208,negative,0.002089824760690878
1255205346743894021,negative,7.00454311036716e-10
1255205346836176904,negative,0.13429632796285357
1255205346911510530,negative,0.03177094449072072
1255205346928361476,negative,0.008915201084454078
1255205350162087936,negative,0.02751716958369602
1255205350317457409,negative,0.11213131417065592
1255205350418063361,neutral,0.3996580091506196
1255205350535565313,negative,0.24824419687872606
1255205351047204864,negative,2.9125898789676856e-05
1255205351072370696,negative,0.2389976190046604
1255205354092314624,neutral,0.4347334853182761
1255205354113306636,negative,0.0003019254127228397
1255205354440396801,negative,0.24297951615622895
1255205354868297732,negative,2.6762087395748318e-05
1255205354939564034,negative,0.002099586822374369
1255205355098902528,neutral,0.6200563639845105
1255205358278258688,negative,3.090859890096648e-09
1255205358433382402,negative,0.135667737813668
1255205358567591939,positive,0.9995318820562368
1255205358748000261,negative,0.0021294100127178294
1255205358781509636,negative,0.04308438265493427
1255205358877933568,negative,0.05138195658975625
1255205358970245121,neutral,0.3420549583215049
1255205358991224833,negative,0.00010058595211457663
1255205358999687174,negative,0.014167365193284766
1255205359142277121,negative,0.1829563153738216
1255205359150608384,negative,0.00010058595211457663
1255205362640306177,negative,1.8079808500874683e-05
1255205362795503621,positive,0.9806980732218255
1255205363017748484,negative,9.779003606615424e-06
1255205363172990980,negative,0.23772404065700534
1255205363273609225,negative,0.002728644811773467
1255205363294576643,negative,2.2622532666120598e-05
1255205363412094977,negative,0.19091741994437098
1255205363453964291,negative,7.645714338360982e-06
1255205363470614533,negative,5.044571205989553e-06
1255205363516952577,negative,1.7140959781549388e-05
1255205366683643908,neutral,0.42138833359705635
1255205366767509512,negative,0.01442285715149293
1255205366926884868,negative,0.000601535657746148
1255205367044362240,negative,0.03662953568695089
1255205367073484802,negative,0.010044716033769252
1255205367539212288,negative,0.0022507382180150513
1255205370361974796,negative,0.0018176547517528925
1255205370802339843,negative,0.09811162431612581
1255205370903040002,neutral,0.4347334853182761
1255205371079274497,negative,0.003442561643563243
1255205371137884161,negative,0.0746706177813808
1255205371360272385,neutral,0.5315025225330297
1255205371595173888,neutral,0.5665119076426707
1255205371729371140,negative,0.005360818784357072
1255205371762954241,negative,0.00040371680985556866
1255205375290281990,negative,0.10977516206062175
1255205375323897862,negative,0.011027567670228482
1255205375839698945,negative,0.17241733315422844
1255205375839739904,negative,0.005871345692216419
1255205376070475779,positive,0.9564230967223121
1255205376334716929,neutral,0.512207659657258
1255205378620559366,negative,1.5341476733423137e-07
1255205379551698946,negative,0.08600301544497607
1255205379958550528,negative,2.3225587151367005e-07
1255205380080242691,negative,0.0002437623618431427
1255205380126380035,negative,0.0020741100918803207
1255205380294168578,negative,0.2759700704447623
1255205380298326017,negative,0.0033948402903605963
1255205380797448192,negative,0.004545382590233805
1255205380860362752,negative,2.2824810341809493e-05
1255205383334961156,positive,0.7619161310745765
1255205383821578242,negative,0.00019154071565949857
1255205384140328961,neutral,0.5747441899129729
1255205384459038720,negative,5.8432954929053374e-08
1255205384882737152,negative,0.013857851743350991
1255205387827060740,negative,1.4104861795723858e-05
1255205388636622848,negative,0.11567255004426444
1255205388691046405,neutral,0.6018853236663041
1255205388829380608,negative,0.011159513807907862
1255205391962722304,negative,0.2991007340170859
1255205392273080321,positive,0.9842370995157478
1255205392654745602,negative,0.020613451274425057
1255205392994492417,negative,0.024113026847907584
1255205393128620032,negative,0.00010919009001222688
1255205395414614019,negative,0.19190789242032577
1255205396001816578,negative,1.3717482723980795e-15
1255205396136026112,negative,0.011436789821358127
1255205396152803328,negative,1.7339106360321008e-07
1255205396219822081,negative,0.11346695822683692
1255205396597428229,negative,0.00525596988540408
1255205396882620429,negative,0.16858613523311208
1255205397012586497,negative,0.0005228730000371328
1255205397121531904,negative,0.18758184379176132
1255205397323014152,negative,0.18760693662253133
1255205399634096130,negative,0.20325139770530393
1255205400254676992,negative,0.061045915317784465
1255205400338731016,negative,0.1823230672666796
1255205400623882241,negative,0.003713733508655413
1255205400774946816,negative,6.0592219402485185e-05
1255205400858832896,negative,0.07659800252398904
1255205400863014913,negative,0.011564927535444493
1255205404231041029,negative,0.0011285589191306368
1255205404289781760,negative,4.050772859144139e-06
1255205404549799944,negative,0.023893313877943127
1255205404583383044,negative,0.0022507382180150513
1255205404893687808,negative,5.010835926359231e-05
1255205404931391488,negative,0.000885939755485646
1255205408832131073,neutral,0.44054615157121163
1255205408911876102,negative,0.07628951061606243
1255205409536856065,negative,1.2066337539695014e-11
1255205409738145798,negative,0.0002674769992776679
1255205409809408000,negative,0.07357996419575748
1255205412623790081,negative,0.001313945022333638
1255205412800008192,positive,0.8819793887482558
1255205413194170369,negative,0.0014326550893562604
1255205413504638977,negative,0.18504177482342757
1255205413672194050,negative,0.23447461495734764
1255205417015222274,negative,0.03562383331468286
1255205417250160646,neutral,0.5679516548840966
1255205417266929665,negative,0.0022399238986128144
1255205417321467909,neutral,0.5747441899129729
1255205417384361984,positive,0.8819793887482558
1255205417392779265,negative,0.00015385241818851504
1255205417417924613,negative,0.1555372000180129
1255205417766072327,negative,0.0003523498008621085
1255205417837355013,negative,0.06208907889899629
1255205421150883843,neutral,0.526033100023714
1255205421440290819,neutral,0.3575125646221422
1255205421532528641,negative,0.19328925577527611
1255205421784186882,negative,5.601951146339012e-07
1255205421909970948,negative,0.03799361116762813
1255205421977079808,negative,0.007205220843175298
1255205422232940546,neutral,0.6037353031968284
1255205422262218752,negative,0.021227442875523944
1255205424762142721,negative,5.4758741655037675e-06
1255205425466806280,negative,2.7931229772379678e-06
1255205425533931520,negative,0.16730373899777037
1255205425546493955,neutral,0.6501325769371719
1255205425676419082,negative,0.0005432420577269534
1255205425777119248,negative,1.0266479887075033e-08
1255205425974296589,negative,0.0033044600211948176
1255205425974317060,negative,0.10938453652733282
1255205426091700230,negative,0.0009012155191930096
1255205426276315136,neutral,0.6037353031968284
1255205429589602304,negative,0.002334325132562372
1255205429879193601,neutral,0.44054615157121163
1255205430185398273,negative,0.00841390889264235
1255205430248247298,neutral,0.5665119076426707
1255205430525116417,negative,1.853892871167341e-06
1255205430617419778,negative,0.0354336422491083
1255205433800884225,positive,0.7431216556076325
1255205433872089088,negative,2.473293998204435e-11
1255205433951862788,negative,0.0169900064204581
1255205433985372160,negative,1.5374050148513263e-08
1255205434060931074,negative,0.028639316156197768
1255205434891341830,negative,0.22530784790787123
1255205434983669760,negative,0.23097764684775243
1255205437806436354,negative,1.0308531795437433e-06
1255205438141820929,negative,0.2773889140765661
1255205438318092290,positive,0.95291108666891
1255205438712414210,negative,0.06893448120823924
1255205439022628864,negative,0.021227442875523944
1255205442113941505,neutral,0.46127768308170247
1255205442193686533,positive,0.8218267306742081
1255205442206289920,negative,0.01802711070736394
1255205442222993408,neutral,0.49789225920557484
1255205442231439360,negative,0.1442710977012435
1255205442260738048,negative,0.018083736479109307
1255205442466299904,negative,0.11406250000549088
1255205442776707072,positive,0.912389143903211
1255205443019796480,positive,0.8780374659736071
1255205443208712193,negative,0.058952369290356105
1255205443280023553,negative,0.1702962780033741
1255205443380666369,negative,4.050772859144139e-06
1255205446220161025,negative,0.0650762471201658
1255205446367002625,negative,0.23289804057712774
1255205446438334473,negative,5.304692028833575e-09
1255205446580948996,negative,0.27472341755811397
1255205446794780672,negative,3.833716982548564e-06
1255205446798934018,negative,0.017559251478697253
1255205446828392451,negative,5.345947559355541e-06
1255205446920658945,negative,1.4143895651454258e-08
1255205446941540352,negative,0.1202331946681268
1255205447184908290,negative,0.09701761377817965
1255205450557120512,negative,0.1202331946681268
1255205450607443969,negative,0.002750380072916441
1255205450758459394,negative,2.9125898789676856e-05
1255205450838085637,negative,0.12218061313165209
1255205450863255552,positive,0.6781985259837702
1255205450997542914,negative,0.019597536480718828
1255205451106529280,negative,0.000411397999549679
1255205451517644801,negative,0.02641418426263184
1255205455028195331,negative,0.28561420125503617
1255205455376330754,positive,0.8515942708768187
1255205455481253890,negative,0.05015321769928622
1255205455762243587,negative,2.6762087395748318e-05
1255205459054772224,negative,7.67634332541271e-08
1255205459084091392,neutral,0.4830057841246982
1255205459155390465,negative,0.010417479142925581
1255205459688075265,negative,0.03370068670701649
1255205459843264517,negative,0.0042038861549062775
1255205459843317763,negative,0.000411397999549679
1255205463102230529,negative,0.18687341702253465
1255205463198765060,negative,0.09525984763328908
1255205463488172039,negative,0.20379497965212065
1255205463878180865,negative,0.23172434155059285
1255205463899201538,negative,0.1487426647325816
1255205464066924545,neutral,0.36473491957778936
1255205467229507586,negative,4.177292479721738e-06
1255205467602763776,negative,0.0013351609342649496
1255205467946725379,negative,0.01249063525617056
1255205468311556096,negative,9.636604787861992e-05
1255205468420444160,negative,0.00016811399397997676
1255205468638793729,negative,0.02068791522612565
1255205468655542274,neutral,0.5665119076426707
1255205471595659266,negative,0.011144992939638521
1255205471658573825,negative,0.020657786794685457
1255205471838973953,negative,7.67634332541271e-08
1255205471897747456,positive,0.9993582834411673
1255205472052920320,negative,0.22069841337684953
1255205472140791808,negative,0.001062733083330001
1255205472187166725,neutral,0.6165231833858643
1255205472384229376,positive,0.7942585102864136
1255205472631697410,neutral,0.33937667110291253
1255205473634136071,negative,0.000711528202825675
1255205475681013767,negative,0.21146341734183727
1255205475802648581,negative,0.0006925318795986758
1255205475848724490,negative,0.05192323732835582
1255205476087758856,negative,2.2824810341809493e-05
1255205476087877633,neutral,0.41626255502265896
1255205476104654848,negative,0.027544678763680067
1255205476133937153,negative,0.0003036324086076011
1255205476175839233,negative,0.0005474070564497105
1255205476213633026,negative,0.062488933335579554
1255205476402442240,negative,0.2621212518580153
1255205476784132098,negative,0.059618657519299054
1255205480068235266,negative,6.921408031971462e-08
1255205480370184192,negative,0.22798719148160634
1255205480370241544,negative,0.1803684016588496
1255205480395390977,negative,0.001964330450842839
1255205480475111425,negative,0.23901520566382914
1255205480504479747,negative,2.9753745364464737e-07
1255205484593852417,negative,0.0595818945675759
1255205485067800584,negative,0.0847711159237785
1255205488179974145,negative,0.004881052033170712
1255205488352022528,negative,0.06759920630559711
1255205488658051072,negative,0.028470178742342696
1255205488981139457,negative,0.2528094715719759
1255205489065017344,negative,0.00894211999976551
1255205489069027328,positive,0.9951776515549394
1255205489111072769,negative,2.964474348041704e-11
1255205489383821313,negative,0.0024467980278296882
1255205492474941442,neutral,0.49789225920557484
1255205492563025926,negative,9.864862542504706e-08
1255205492726493189,neutral,0.39580831750206114
1255205492730875907,negative,0.1324549671277496
1255205492999303170,positive,0.7115393790190122
1255205493351632896,negative,0.03134304624070189
1255205493380984834,negative,0.007201083001670057
1255205493599080453,negative,0.0004958997708595727
1255205496820248576,negative,0.056373754547955415
1255205496853848065,negative,0.004813017463905387
1255205497080332288,negative,0.2719117649227387
1255205497298391041,negative,0.0037635516453435815
1255205497784991744,negative,0.11175471614204513
1255205501027188736,negative,0.00856135720844829
1255205501312401408,negative,0.09876229105039018
1255205501362671626,negative,3.013373517091437e-07
1255205501723443200,negative,0.01097297239821717
1255205501853413379,negative,8.267331632046594e-10
1255205501866041347,negative,0.026519480630315322
1255205504990707716,negative,0.04308438265493427
1255205505036943360,negative,0.024113026847907584
1255205505183744000,negative,4.050772859144139e-06
1255205505435303940,negative,2.66358526918803e-08
1255205505729015809,negative,0.11860039378503492
1255205505875705856,negative,0.1726264890250691
1255205505900908552,negative,1.775118083083272e-05
1255205505917530112,neutral,0.49789225920557484
1255205509336047620,negative,0.002024294522410193
1255205509948473344,negative,5.131088378682621e-05
1255205510112071681,negative,0.0013351609342649496
1255205510405591042,negative,0.3041865725859686
1255205513739960321,neutral,0.33457998853621135
1255205513756893186,negative,0.27042832463070715
1255205514067271689,negative,0.1333533511860519
1255205514281172993,negative,0.0005766527796027544
1255205514561990657,negative,0.2537037189065705
1255205514704814083,negative,0.11426592894491573
1255205517846249472,negative,3.360656890113729e-05
1255205517993140226,negative,0.00018537319386517566
1255205518056054785,negative,0.07099734854064696
1255205518072639488,negative,0.06260502662280537
1255205518148173824,negative,0.2031218527706539
1255205518148284419,negative,0.0002775385069641547
1255205518282457089,negative,0.012950854943333538
1255205518282457090,negative,0.0037635516453435815
1255205518299336704,negative,0.00041842499977294925
1255205521906417664,negative,1.6167693021441245e-06
1255205522317467649,neutral,0.6153962394124568
1255205526134304775,negative,0.11163335517748933
1255205526172053504,negative,0.04308438265493427
1255205526276841472,negative,0.06759920630559711
1255205526532694022,negative,7.67634332541271e-08
1255205526792744961,neutral,0.49789225920557484
1255205526817964039,negative,0.21139109066500397
1255205526864048128,negative,1.6888970444800488e-06
1255205526922620928,negative,0.0023930165875302987
1255205530550796288,negative,0.0035304758205982837
1255205530722762754,negative,0.004267143352409654
1255205530886451202,negative,0.007497681536694224
1255205530940985344,negative,0.08736579012187554
1255205533960884224,negative,3.7452829745788105e-06
1255205534271254528,negative,0.0016465296523966255
1255205534464118786,negative,8.330997213771326e-05
1255205534782951430,negative,1.148686026509592e-06
1255205535042998273,negative,0.04288328339200604
1255205535303041027,negative,0.06585723288434442
1255205535357550592,negative,0.016199578600945553
1255205535428890631,neutral,0.46638487768690556
1255205535462326273,neutral,0.40506534230917196
1255205535604969473,negative,0.057046821742780585
1255205535760224261,negative,0.03172206636426451
1255205538574499840,positive,0.7860574603735435
1255205538855628803,negative,0.11913859092703502
1255205538901737473,negative,1.1625907148577097e-10
1255205538922590209,negative,0.00072152799738296
1255205539161813000,neutral,0.5524131352063592
1255205539425873920,negative,0.0886764086061246
1255205542991147013,neutral,0.49789225920557484
1255205542995398656,negative,0.02497901209927865
1255205543049904129,negative,0.010319701186445438
1255205543465140226,negative,0.1655782196268104
1255205543498731521,negative,0.0452430507035954
1255205543599321088,negative,0.09472873781555542
1255205543666384902,positive,0.7800830759888598
1255205543729401863,negative,0.2913633578422091
1255205543872024576,negative,4.60668114784811e-05
1255205547139379201,negative,0.05466423667560754
1255205547290304513,negative,0.12653856894862248
1255205547353223168,negative,0.0033240002959583196
1255205547441377282,negative,0.0006891840295078348
1255205547655270400,negative,0.006025645875744186
1255205551266545665,neutral,0.4982204191694995
1255205551350349825,negative,0.19091741994437098
1255205551354654720,negative,0.04251975420875894
1255205551358840837,positive,0.9549636746441469
1255205551560101889,negative,0.00677993948850906
1255205551627292674,negative,0.046405436890685145
1255205551904116737,negative,0.0050855207331042
1255205555427303429,negative,0.29387487043734134
1255205555578318861,negative,0.014418127509136607
1255205555746025474,negative,0.03282707561564807
1255205555750211584,positive,0.9998697157231669
1255205556152700928,negative,0.014777033799168721
1255205556245213185,negative,0.08890224356223886
1255205556249194497,neutral,0.40927464328159663
1255205556278579201,neutral,0.33113200015936756
1255205556400410624,negative,0.000989207194867976
1255205556408770565,negative,1.63054020663297e-13
1255205556433956864,negative,2.258671721006391e-09
1255205556555583488,negative,6.112278884464865e-05
1255205556576325632,neutral,0.5245712117133267
1255205558778503170,negative,2.00892948680639e-05
1255205559424495617,negative,8.490196959153296e-07
1255205559638331393,negative,0.0010518147864613603
1255205559902416896,negative,0.0012711584112254988
1255205559965540352,negative,0.18687341702253465
1255205560191979520,negative,0.19144652368461196
1255205560317812743,negative,0.06056199398891278
1255205560384925696,negative,0.0003019254127228397
1255205560737292289,negative,0.1663374993402961
1255205563996274689,neutral,0.4047313017855979
1255205564419899392,positive,0.7845706089908956
1255205564461854721,negative,0.022711259960383836
1255205564851859458,positive,0.9346724845633915
1255205564914765826,negative,0.13419355499496616
1255205567737597953,negative,0.3198689450975324
1255205567989153792,negative,1.59059842858289e-08
1255205567989153793,negative,0.03799361116762813
1255205568110899201,neutral,0.34836490623457195
1255205568127664128,negative,0.3187488523182651
1255205568219721728,negative,5.357554331402132e-07
1255205568433852419,negative,0.22249577398397175
1255205568547037185,neutral,0.5384264483715291
1255205569054552064,negative,0.0031657140837336372
1255205572078641157,negative,3.100780349617002e-05
1255205572569370624,neutral,0.4347334853182761
1255205572758188033,negative,0.00025652794266906964
1255205572942725122,negative,0.023494317228050985
1255205573047525377,negative,0.22861954191474046
1255205576558215178,negative,0.1644993842828999
1255205577095028738,negative,3.833716982548564e-06
1255205577216552960,negative,0.0017689146722522154
1255205577254416390,negative,8.145668905672329e-07
1255205577346736129,negative,0.0015194066940622153
1255205577422184449,negative,0.0005297496494015193
1255205580794466304,neutral,0.3674271038174115
1255205581045944321,negative,3.228174993530204e-06
1255205581129949184,negative,0.28886360755183993
1255205581482328065,negative,0.26559895793760274
1255205581666881537,positive,0.9994855153210236
1255205581708722177,negative,0.009793883576261193
1255205584892297216,negative,0.21501133051973173
1255205585034850314,negative,6.060416872187105e-07
1255205585227665408,negative,0.0002818502453229276
1255205585227833344,negative,0.06585723288434442
1255205585533964295,negative,0.1702962780033741
1255205585773043713,negative,2.2543949769644738e-05
1255205585798266880,negative,0.1720767428995029
1255205585957662723,negative,0.014777033799168721
1255205585961676800,negative,1.7140959781549388e-05
1255205589048799234,negative,8.174155393742367e-06
1255205589145223174,neutral,0.41626255502265896
1255205589212377091,positive,0.9950757374575581
1255205589229154306,negative,0.01140076927822489
1255205589401194496,neutral,0.3499352441185855
1255205589514412033,negative,0.012863096176997737
1255205589631864834,negative,1.540283074110112e-05
1255205589753516051,negative,0.18758184379176132
1255205593201197056,neutral,0.5505550505941735
1255205593209425920,negative,0.000846808946530685
1255205593629024260,negative,0.17232936478429173
1255205593633169409,negative,0.0011576756897038992
1255205593855463430,positive,0.8883431992324006
1255205593889091587,negative,1.9434342838532397e-11
1255205597387149314,negative,0.1489909245438579
1255205597722685441,negative,0.0006407712289538313
1255205597726810121,negative,0.00984428784737967
1255205597747785729,negative,3.66335984876101e-12
1255205598142005254,negative,9.851251343812503e-05
1255205598288842752,negative,0.0017297890254655494
1255205598385393670,negative,0.03877168561583545
1255205599752581120,negative,1.0210600068911062e-05
1255205601782743040,neutral,0.5629408549733699
1255205602151849987,neutral,0.36473491957778936
1255205602441089026,negative,0.06969877949540577
1255205605591134209,negative,0.05817215365018113
1255205605771407361,negative,1.3160134332260902e-05
1255205605783953409,negative,0.009911664355244218
1255205605796532224,negative,0.2775217089993913
1255205606417412096,negative,0.007589356082462241
1255205606614536202,negative,0.13949552936821852
1255205606761336832,negative,0.12250716945077228
1255205609361768448,negative,0.029998194361824392
1255205610049568768,negative,8.200383939171101e-05
1255205610305527809,neutral,0.49789225920557484
1255205610330697735,negative,0.0002983753272568151
1255205610624364552,negative,0.0022819629336508257
1255205610859253760,negative,0.08470344391332907
1255205610926354433,negative,0.0669957566227655
1255205610976612361,neutral,0.35260645511960426
1255205611094052864,negative,0.1908942153374937
1255205613728083970,negative,1.5123507560792361e-06
1255205614181122050,negative,0.20925951588426353
1255205614185263108,negative,0.007962153778285477
1255205614197727232,negative,0.0005263907580486804
1255205614348894213,negative,0.004681133743913959
1255205614457847810,negative,0.00047678760371858587
1255205614520872966,negative,1.8027686475533916e-06
1255205614575288320,negative,0.3064288474950877
1255205614579519490,negative,1.5690736085219292e-09
1255205614583779333,negative,0.0009290224853321441
1255205614827057152,negative,0.004224395734129182
1255205614910951427,neutral,0.38826724185324085
1255205618622902273,negative,0.024325415133799967
1255205618723454979,negative,0.027257662857884217
1255205618778079232,negative,5.7481199132799674e-05
1255205618865983489,negative,0.025454914515347603
1255205619033915395,negative,0.11121845470554784
1255205619210104836,negative,3.264931293123224e-05
1255205621399531520,negative,0.004633325581167043
1255205622452310016,negative,0.004364603995372516
1255205622569668608,negative,0.3170929484978244
1255205622628442112,negative,0.0004358506566027394
1255205622754263040,negative,0.008763060542829618
1255205622838169602,negative,1.0663822370797954e-05
1255205623043633156,negative,0.00012199506003941798
1255205623286898689,negative,0.005971107419276258
1255205623291150343,negative,6.546041853209037e-05
1255205623341305857,negative,2.3478205494608255e-09
1255205626994544642,negative,1.1755102256931684e-05
1255205627024084996,negative,0.0005784624097090376
1255205627762290688,negative,8.174155393742367e-06
1255205627778994183,negative,0.28186422353994633
1255205627871232013,negative,0.0007143939565654767
1255205627997151234,negative,0.00025652794266906964
1255205628022345728,negative,0.00525596988540408
1255205631180619780,negative,0.31732489718339985
1255205631197356045,negative,0.053519774276886437
1255205631302270988,negative,7.792779650832616e-05
1255205631654531073,negative,0.00043449108005013315
1255205631738425351,negative,0.003174857250544372
1255205631818108929,negative,4.050772859144139e-06
1255205631834947587,neutral,0.43481168191019
1255205632384339968,negative,0.0013351609342649496
1255205632505978880,negative,0.08759419437743278
1255205634972188673,neutral,0.49789225920557484
1255205635165126656,negative,0.16476153205225352
1255205635391582208,negative,0.0005641417478521293
1255205635882450946,negative,0.013019818603629465
1255205635924385794,negative,0.0382892373859552
1255205636146704387,neutral,0.35094377071987026
1255205636289282049,negative,0.00010058595211457663
1255205639414067200,negative,0.13949552936821852
1255205639602790401,negative,0.00035152616651176044
1255205639623708675,negative,0.0007209351806689227
1255205639770517504,negative,0.0002871920192385776
1255205639791480832,negative,0.0025407505865777066
1255205639812534273,negative,0.005736636630891029
1255205640110211073,negative,0.007181326191961727
1255205640193994754,negative,0.0011285589191306368
1255205640315830272,negative,0.033428988310240666
1255205640521183233,negative,0.00037858219931286594
1255205642681438209,negative,0.0672701955733051
1255205643855814657,negative,0.001188830965242071
1255205644195573760,negative,0.22962857436330034
1255205644317138945,negative,0.0013351609342649496
1255205644388274176,neutral,0.5213752662622568
1255205644388511749,negative,0.002400138109525898
1255205644648558595,negative,0.0004848773641393878
1255205647706140672,negative,0.011387735286386987
1255205647760621576,negative,0.0024467980278296882
1255205647764860932,negative,0.05126295833058205
1255205648007979009,neutral,0.5679681728159439
1255205648129757187,negative,0.03613411022222602
1255205648310173696,negative,0.06360643245843525
1255205652047290371,negative,0.014394847436208615
1255205652282126338,negative,0.033233995863377386
1255205652332494856,negative,0.012380053812063226
1255205652517007362,negative,0.1595891338256063
1255205652542169089,negative,0.10324623528532588
1255205656329695233,negative,0.06949367479958504
1255205656510038019,neutral,0.49789225920557484
1255205656581242880,neutral,0.5308958200733617
1255205656614731777,negative,0.01265263903405999
1255205656673435648,negative,0.009793883576261193
1255205656673562625,negative,0.000411397999549679
1255205656690413570,negative,9.893809910614474e-05
1255205656744902657,negative,0.010526073582678264
1255205656891662336,negative,2.2824810341809493e-05
1255205660599431174,negative,0.2144647593926447
1255205660633038851,negative,0.01125300941548148
1255205660981157888,negative,0.005360818784357072
1255205660985364482,negative,0.002746137025656127
1255205661056647170,negative,0.00021238219059655585
1255205664479236103,negative,0.05107741385841618
1255205664541913088,negative,0.021513702498767415
1255205664797974537,negative,0.021543218725992724
1255205665410334721,negative,0.06534047220686338
1255205665578115076,negative,0.003174857250544372
1255205668841283592,negative,0.014167365193284766
1255205669579493379,negative,0.011791400473263134
1255205669713698818,neutral,0.34178822544967574
1255205672771375106,neutral,0.49789225920557484
1255205673052315649,negative,0.06446917128686624
1255205673052319747,neutral,0.41374922618725635
1255205673408835584,negative,0.000465515362024082
1255205673459232770,negative,0.0053245454953853195
1255205673505357824,negative,1.320167413421651e-06
1255205676848238592,positive,0.8075333383115666
1255205677305397249,negative,0.00322342473835332
1255205677494153217,negative,0.016199578600945553
1255205677502476288,neutral,0.5524131352063592
1255205677712244736,negative,1.017430120723493e-09
1255205678005788672,negative,0.0006083556515896653
1255205678035226633,negative,0.2188223158970801
1255205678085439488,negative,0.30226198115628683
1255205681378086917,neutral,0.433723624085831
1255205681470136320,neutral,0.5958246085776636
1255205682153959427,negative,0.009277280527103362
1255205682376249344,neutral,0.49789225920557484
1255205682560864256,negative,0.0009840436592548538
1255205685886717952,negative,0.008763060542829618
1255205685966573568,neutral,0.3996580091506196
1255205686109188099,negative,0.0023422081624007883
1255205686163714048,negative,0.010906491559111537
1255205686256041988,negative,0.09275348036602532
1255205686302191616,negative,0.017907159477984484
1255205689892446208,negative,2.7095497231421864e-07
1255205690374868998,negative,0.007675467235985866
1255205690681044993,negative,0.008482369104064007
1255205690815254528,negative,5.982604079288455e-06
1255205690882191360,negative,0.0015168028986352036
1255205693700931584,negative,0.00800502286469661
1255205693897883649,negative,0.00024932648412654334
1255205693973553153,negative,0.0035304758205982837
1255205693981851650,negative,0.003537571397054734
1255205694053199874,negative,0.021227442875523944
1255205694149668865,negative,0.1706715907175999
1255205694325821441,negative,0.1970266357873776
1255205694560784385,neutral,0.4395879290134023
1255205694585876480,negative,0.01849310087442489
1255205697995919363,neutral,0.49789225920557484
1255205698004299782,neutral,0.5410839147290912
1255205698033586176,negative,3.8121190703031745e-05
1255205698067140615,neutral,0.3499352441185855
1255205698146885635,negative,0.0022819629336508257
1255205698314657792,negative,3.5736437292707766e-06
1255205698419535875,negative,0.0007539343004383995
1255205698461466629,neutral,0.34217957925253667
1255205698541150208,neutral,0.5665119076426707
1255205698549538816,negative,0.2144647593926447
1255205698851520513,negative,0.002536560457619548
1255205702257213441,negative,0.004442562665655486
1255205702668296192,negative,0.014167365193284766
1255205702777409536,negative,0.05337750686302796
1255205702785785865,negative,0.16627897256640436
1255205703003897857,negative,0.042999065461196875
1255205703150702598,neutral,0.5143447214613424
1255205703318372357,positive,0.9374142029101226
1255205706489356289,negative,0.012876569670644154
1255205706552270848,negative,0.1829563153738216
1255205706623602688,neutral,0.6393621634337819
1255205706652954629,positive,0.7983934764917716
1255205707156086784,negative,0.23447461495734764
1255205707378499584,negative,0.02711070737005428
1255205707495944195,negative,0.00711052732424817
1255205707558731776,negative,0.06759920630559711
1255205711098806277,positive,0.9963900003681364
1255205711124008963,negative,0.11957473394508177
1255205711262486528,negative,0.00924337566408774
1255205711266578434,negative,0.0030350643823187063
1255205711270862850,negative,0.005456669326979374
1255205711283458049,negative,0.13715241950869886
1255205711627214848,negative,8.02194918381354e-07
1255205714659815425,negative,2.1273568347189313e-05
1255205714835976194,negative,0.017692590526252286
1255205714936639494,positive,0.8208307508544174
1255205715058311169,neutral,0.3912656950608074
1255205715087589382,negative,0.0013892087295639133
1255205715091902466,negative,0.0018640205403032961
1255205715267989506,negative,0.019649679363291386
1255205715284824064,negative,0.09983769184654537
1255205715616071680,positive,0.9999753686598867
1255205715708448768,negative,0.01027952159746884
1255205719340695561,negative,0.014603346600041232
1255205719344889862,negative,3.360656890113729e-05
1255205719491710976,negative,0.006634982637315073
1255205719550439426,negative,0.13729542986976617
1255205719697240071,neutral,0.4141405882197229
1255205719911137282,negative,0.00023582412404931985
1255205720045355010,negative,0.12461383451137503
1255205723350405120,neutral,0.5665119076426707
1255205723484676102,negative,0.00991400683035867
1255205723832713218,negative,0.00554804131702935
1255205723996291074,negative,0.0012727983931160869
1255205724168155136,negative,0.005021316744336843
1255205724193357824,negative,0.006796004390187101
1255205724210282502,neutral,0.3371348131876588
1255205724247994368,negative,0.2391832799224015
1255205724260634625,negative,0.04308438265493427
1255205724399042560,negative,0.01163593852487159
1255205724554174464,neutral,0.3430343224904826
1255205727548956674,negative,0.08600301544497607
1255205727800561672,negative,0.05706968102884853
1255205727838171137,negative,1.1755102256931684e-05
1255205727884455938,negative,0.0007143939565654767
1255205727955648512,negative,6.713379478983043e-07
1255205731684450309,negative,0.00023661252536822863
1255205731789180928,negative,1.5418568418708291e-06
1255205732238098432,negative,0.06759920630559711
1255205732426842116,negative,0.003532112324434066
1255205732494041088,negative,0.14169198986864276
1255205732632363008,negative,0.0788128160214808
1255205735778091011,positive,0.6971193357167161
1255205735937576962,negative,0.30550344420235703
1255205736004624385,negative,0.10371365372867947
1255205736155668481,negative,0.0242379288290418
1255205736638042112,negative,0.18810388416435592
1255205739997433858,negative,0.001085078538282637
1255205740609970177,negative,1.825021679360362e-05
1255205740685537280,negative,0.002022750303819697
1255205740807172096,neutral,0.3354451303090385
1255205740949757953,negative,0.22239216151909827
1255205744225312768,negative,0.1939174148214489
1255205744309403650,negative,0.11522966365590778
1255205744384921607,negative,0.000545277538020296
1255205744447819776,negative,8.944670867302916e-05
1255205744615608322,positive,0.8749048921346867
1255205744812703747,negative,0.22995465360706305
1255205745114648576,negative,0.0708797419077514
1255205745219510274,negative,0.00011070109615516178
1255205745370583042,negative,0.002696310792205147
1255205748398841856,negative,2.1436491444545263e-10
1255205748507840515,negative,0.015161922629277473
1255205748667224064,neutral,0.4918332213816375
1255205748809895936,negative,0.0007723555649372483
1255205748893724677,neutral,0.44252288087807384
1255205748977606657,negative,0.06759920630559711
1255205749028016134,negative,8.859976604116045e-05
1255205749057302533,negative,9.779003606615424e-06
1255205749069930496,negative,1.0322863638287875e-05
1255205749225127936,negative,0.03426202574609314
1255205752547028992,neutral,0.38826724185324085
1255205752559501312,negative,0.22333358926196867
1255205752643489798,negative,0.024113026847907584
1255205752924516358,negative,0.07628951061606243
1255205753205424128,neutral,0.49789225920557484
1255205753310199814,negative,0.23447461495734764
1255205753423527936,positive,0.8620785846176686
1255205753465589761,negative,0.12434069309364323
1255205756820836352,negative,0.018315883173019475
1255205756900696072,negative,0.00030556611199561407
1255205756946788352,negative,1.8027686475533916e-06
1255205756971802625,negative,0.011116207151437142
1255205756988805122,negative,0.012876569670644154
1255205757349433345,negative,0.07679973347109735
1255205757575970816,negative,0.002746137025656127
1255205757664051201,negative,0.04056577186783852
1255205760079998976,negative,0.0023057636723571263
1255205760604274688,negative,0.06360643245843525
1255205760679772163,positive,0.7639585154272728
1255205761354956800,negative,0.1073869073129496
1255205761443127298,negative,0.0342060582315994
1255205762059599873,positive,0.9343058996552408
1255205762227482627,positive,0.9386239755085842
1255205762651086848,positive,0.8488834808097251
1255205763984896008,negative,0.10772124134546489
1255205764001456133,negative,0.09950108439424302
1255205764345536514,negative,1.0663822370797954e-05
1255205766405017603,negative,0.06759920630559711
1255205769424916482,negative,0.024113026847907584
1255205769525551106,negative,0.008954675449755384
1255205769714204674,negative,0.022442826811232445
1255205769932419079,negative,0.0005766527796027544
1255205770007924736,negative,0.26287357984472953
1255205770049642496,negative,0.06637441102073159
1255205770515406855,negative,0.026073535436234013
1255205770532212736,negative,1.0167849947950477e-05
1255205770628599815,negative,2.6762087395748318e-05
1255205770771288065,negative,0.002371388883957317
1255205770947366913,negative,0.17232936478429173
1255205773652758528,positive,0.973086359332842
1255205773665320962,positive,0.9658119604621324
1255205773719805952,negative,6.882920134655144e-05
1255205773791178762,negative,0.0009791276519730179
1255205774105743360,negative,3.264931293123224e-05
1255205774382383104,negative,3.360656890113729e-05
1255205774659407878,negative,0.0217797618918159
1255205774781005826,negative,0.05129839003874548
1255205777758810112,negative,0.004595381524269376
1255205777855389699,neutral,0.5150281055856243
1255205778081951744,negative,1.561562514540276e-07
1255205778547499013,negative,0.0006365221318359043
1255205778606239744,negative,0.007357223185921419
1255205778765557767,negative,3.569246983673882e-05
1255205778769788928,negative,0.12995001772892745
1255205778925006852,negative,0.07359944017125498
1255205778966839297,negative,0.021947196865431073
1255205781718413319,negative,0.009715252983193118
1255205781944893440,neutral,0.5665119076426707
1255205782028681216,negative,0.07628951061606243
1255205782141972480,negative,0.06585723288434442
1255205782263664644,negative,0.07286358491733953
1255205782704066561,neutral,0.5136446707795853
1255205782720831489,positive,0.9999997288857484
1255205782817251328,negative,0.06373807923180753
1255205782871846913,negative,0.2032147516796439
1255205782922158082,positive,0.6710095157229006
1255205783077302275,negative,0.000545277538020296
1255205783081533442,positive,0.6764888369315791
1255205784780255233,neutral,0.5487759310760301
1255205786206253059,negative,0.00011252206677031598
1255205786474741762,neutral,0.3422482463801166
1255205786546065415,negative,7.299603345181596e-08
1255205786676051968,neutral,0.5665119076426707
1255205786793455619,neutral,0.5384264483715291
1255205790429913099,negative,0.009793883576261193
1255205790463508480,negative,0.026734264713662182
1255205790606123011,neutral,0.44054615157121163
1255205791117836290,negative,0.0012062064253398155
1255205791256186885,negative,4.768156118158476e-06
1255205791314870275,positive,0.9801785862388354
1255205794456506375,negative,0.3187488523182651
1255205794502578177,positive,0.729749866206005
1255205794552971264,negative,0.025633630651934684
1255205794762706945,positive,0.823841420545464
1255205794905194503,negative,0.00010850364245445795
1255205795060494337,negative,0.1648361737463437
1255205795156783104,negative,0.021227442875523944
1255205795333054466,negative,0.18630777450225067
1255205799024111621,negative,0.0018096044178469448
1255205799091200001,negative,0.2576246805815814
1255205799493799940,negative,1.52995775985804e-07
1255205800022286339,negative,0.004198247100083177
1255205800160698368,neutral,0.5136370911215918
1255205802727673858,negative,0.029258050754022307
1255205802895433735,negative,0.00015666687623811312
1255205802920546306,neutral,0.44054615157121163
1255205802920607749,negative,0.003632517476528676
1255205802949906432,negative,0.03757119468111049
1255205803071594496,negative,1.07821249676464e-05
1255205803348447251,negative,0.01227019583238497
1255205807240560640,negative,0.22964195168283752
1255205807341408258,negative,0.23901520566382914
1255205807483949057,negative,0.07953281053876664
1255205807920050176,negative,0.014577006192481727
1255205807995707393,negative,0.014621019571400596
1255205808251392000,negative,7.2025750217488e-05
1255205810990395392,negative,5.7903770070601815e-06
1255205811472777218,negative,5.051112827370505e-10
1255205811716009996,negative,0.11271096180126117
1255205811762184192,negative,7.729398662422925e-13
1255205811879473152,negative,0.01945276500703911
1255205812353617927,negative,0.0019988139636859612
1255205812357783557,negative,0.018510991547677432
1255205812407951360,negative,5.36855965907922e-07
1255205815541268481,neutral,0.44252288087807384
1255205815545401344,neutral,0.43266078855840157
1255205815604129792,negative,2.0179066105618376e-10
1255205815616749568,positive,0.9993582834411673
1255205815692046338,negative,0.028536187440190798
1255205816052977665,negative,0.00010058595211457663
1255205816216498178,negative,0.03707807317179501
1255205816304652292,negative,0.07721380331320754
1255205816451375109,negative,0.02339167359311715
1255205819974668289,negative,0.1347496809881021
1255205820247281671,negative,0.0024853711516948165
1255205820771557376,negative,0.1913284284842217
1255205820813529088,negative,0.03707807317179501
1255205824093437956,negative,0.011415138906650866
1255205824357707777,negative,6.078325166115458e-06
1255205824550637576,positive,0.9202886307546737
1255205824613548033,neutral,0.38040295936085217
1255205824844238849,negative,0.1378829139018499
1255205824970084354,negative,0.05880762516663494
1255205825028722691,negative,0.00010919009001222688
1255205828195278848,negative,0.009513850268141782
1255205828497473536,negative,3.264931293123224e-05
1255205828497494016,negative,0.29063029524620565
1255205828547825664,negative,0.008896481126631342
1255205828640018432,negative,0.0018533019712884248
1255205828816035840,neutral,0.6373150938104489
1255205828824629248,negative,0.0018640205403032961
1255205832343633922,negative,6.882920134655144e-05
1255205832343662597,negative,0.0005405599364652011
1255205832825942019,negative,0.1230267324921662
1255205832901476352,negative,0.10524397474598374
1255205833186709509,negative,5.345947559355541e-06
1255205836563111938,negative,0.06585723288434442
1255205836777021443,negative,0.06982885613401715
1255205836957327360,negative,0.019597536480718828
1255205837003464709,negative,0.06856848532299359
1255205837078966274,neutral,0.3910220443012785
1255205837133447168,negative,0.011791400473263134
1255205837183897608,negative,0.0016669934660985986
1255205837435473921,neutral,0.6468405907514978
1255205837443915776,negative,0.014603346600041232
1255205840375566336,negative,1.1874163835641863e-06
1255205840652570624,negative,8.705638980032842e-05
1255205840862302208,negative,0.06585723288434442
1255205840866414593,negative,0.28290214204111197
1255205840937771009,negative,0.00024898939253130376
1255205841294286851,negative,0.17698220140965093
1255205841311072258,negative,3.264931293123224e-05
1255205841365499912,negative,0.003174857250544372
1255205841403248649,negative,0.03799361116762813
1255205844687486976,positive,0.7482809607555981
1255205845509582849,negative,1.8913373199279544e-06
1255205845673160704,positive,0.711322573973618
1255205845727694850,negative,0.023808814513926586
1255205845845114881,neutral,0.5245712117133267
1255205849179529217,negative,0.0035759970310771006
1255205849263456258,negative,0.0012727983931160869
1255205849326288898,negative,0.10766227137344168
1255205849477386241,neutral,0.37658948246853857
1255205849485672449,negative,0.038797138277999695
1255205849531920385,negative,0.1869605541327034
1255205849921880064,negative,0.1702382128764024
1255205853206102017,negative,0.010044716033769252
1255205853545877504,neutral,0.38826724185324085
1255205853839360000,negative,3.4663340819577976e-07
1255205853956898816,negative,0.0003721949165656996
1255205853969481735,negative,0.014881799580022097
1255205854065934347,negative,0.15816818678033132
1255205854149636096,neutral,0.510015258008308
1255205857417142273,negative,0.0006429706716617901
1255205857484308482,negative,0.05547220672374234
1255205857803067392,neutral,0.40747358945126727
1255205857941434372,negative,0.29700994389714513
1255205858063106049,negative,0.0015064693929370554
1255205858079883267,negative,0.004060546722523839
1255205858344144897,negative,0.05517465935399577
1255205858469953538,positive,0.9267423721194435
1255205858503524353,negative,0.012578511000057675
1255205858729959426,negative,0.01611942517769544
1255205861435342850,negative,0.0026792394921136267
1255205861598863360,negative,8.145318735243116e-07
1255205861846286338,negative,8.531375057048515e-05
1255205862471319552,negative,0.016613266311100754
1255205865914859522,negative,0.2842586855563445
1255205866149683203,negative,0.23901520566382914
1255205866325884928,positive,0.7896887798350766
1255205866393022464,negative,4.371088550095037e-05
1255205866418167809,neutral,0.5868997554781225
1255205867009556481,negative,0.015306561096638879
1255205869798805507,negative,0.07101561021832742
1255205870029471744,negative,0.029718979396964988
1255205870172090369,negative,3.360656890113729e-05
1255205870180368384,neutral,0.44022717255582566
1255205870180450304,negative,0.019325335702663003
1255205870516002823,negative,1.4021649897179797e-06
1255205870562086914,negative,0.057086542320802444
1255205871136710657,negative,0.11913859092703502
1255205871459667977,positive,0.8638676175551453
1255205874412466176,negative,0.011436335670688844
1255205874676752385,negative,0.23327480233856046
1255205874760585216,negative,0.0348079889358497
1255205874819268610,negative,0.21139109066500397
1255205874831892481,negative,0.000411397999549679
1255205874970374147,negative,0.06759920630559711
1255205875226226689,neutral,0.4507454498615163
1255205875310112776,negative,0.013398590299816004
1255205878325796865,neutral,0.545408914000439
1255205878392815617,negative,0.0012727983931160869
1255205878560628738,negative,8.169834619374089e-05
1255205878598426624,negative,4.371088550095037e-05
1255205878623584258,negative,1.5398002944849057e-06
1255205878678110209,negative,0.001854271384187036
1255205878820732930,negative,0.03172557879666057
1255205878996893697,negative,0.21995226304859145
1255205879055618052,negative,0.0013351609342649496
1255205879214899205,negative,0.001308094752567851
1255205882629181441,neutral,0.4118912529536807
1255205882666901506,negative,0.009494652878210583
1255205883098865664,negative,0.04866641099946799
1255205883174359046,negative,0.0034670206589184245
1255205884864716802,negative,0.007542729525266095
1255205886806691841,negative,0.0022780564203330757
1255205886823448579,positive,0.9667821451746417
1255205887037276166,negative,0.06672149387247152
1255205887146364929,negative,0.17491559039727722
1255205887209332737,negative,2.520752152769521e-08
1255205887276449792,negative,0.22927384422517721
1255205887293173765,negative,0.09950108439424302
1255205887339376640,negative,0.0007723555649372483
1255205887515545602,negative,0.29387487043734134
1255205887553257472,negative,0.00025652794266906964
1255205887586664448,negative,0.006796004390187101
1255205887716790272,negative,5.648095909665864e-07
1255205891269369856,positive,0.7497107792814265
1255205891781132288,negative,0.0714873536211152
1255205895295901698,negative,0.0009633566269376885
1255205895337848834,negative,0.024113026847907584
1255205895824388096,negative,0.15375510383927263
1255205896218607617,neutral,0.3554526456002715
1255205896336166912,negative,0.06893448120823924
1255205896491237383,negative,0.02508904135592411
1255205899666407434,negative,0.0066843623636488325
1255205902556299265,negative,0.10133002828175651
1255205903286046720,positive,0.6668605284760604
1255205903692894213,negative,0.010726905267950204
1255205904359673856,negative,2.946986811635236e-05
1255205904368177152,negative,4.874077998732665e-05
1255205904435294212,negative,0.03462888035454541
1255205908184879105,neutral,0.44054615157121163
1255205908185067526,negative,0.014167365193284766
1255205908201824256,negative,0.011144992939638521
1255205908252176391,negative,0.022380311177785
1255205908365430785,negative,0.11908217186232245
1255205908428308482,negative,0.16691530442380564
1255205908508008450,negative,8.797494631046504e-07
1255205912089899009,negative,0.011789475330474863
1255205912442277893,negative,1.5848173846537347e-06
1255205912685535232,positive,0.8827470827751422
1255205912693878790,negative,0.003871078158479255
1255205912773525507,positive,0.7624213600376604
1255205912836521989,negative,0.04308438265493427
1255205913033498624,negative,0.0015168028986352036
1255205913121755138,negative,0.00851175745953572
1255205913276882946,positive,0.8169610086468941
1255205916288471041,negative,0.2528094715719759
1255205916359692288,negative,0.1351446157959064
1255205916544241664,negative,0.008763060542829618
1255205916644986880,negative,0.3187488523182651
1255205916997189633,neutral,0.3462685368095394
1255205917244735490,negative,0.08759419437743278
1255205920608583681,negative,0.009812898128531507
1255205920658853889,negative,1.2824179897002304e-06
1255205920675639297,negative,0.00010058595211457663
1255205920767905797,negative,0.0007050043400930869
1255205920776294400,negative,8.648843822206092e-08
1255205920776376322,negative,0.03707807317179501
1255205920784646144,negative,0.23441006854435031
1255205920801525761,negative,0.00012104095061153771
1255205921241870339,negative,1.0663822370797954e-05
1255205924324638723,negative,0.05821897543371964
1255205924911882240,positive,0.999664837680653
1255205925125849090,negative,0.012876569670644154
1255205925134180353,negative,0.10235432903888471
1255205925310341120,negative,0.11346695822683692
1255205928896430085,negative,0.008035546584012733
1255205929173254147,negative,0.00990440060731364
1255205929320054789,negative,0.012420700401302555
1255205929382969349,negative,0.006928233585491346
1255205929416626178,neutral,0.5665119076426707
1255205929710206977,negative,5.263623553209277e-05
1255205929877938177,negative,0.06208903664128243
1255205929915764736,positive,0.989049637302103
1255205932558168068,negative,4.397341049293487e-05
1255205933002764293,negative,0.09335853432162153
1255205933027921925,negative,0.23447461495734764
1255205933069881345,negative,0.0003019254127228397
1255205933153648647,negative,0.27321216097004153
1255205933153751041,negative,0.18687341702253465
1255205933287948290,negative,0.2838514010592892
1255205933397028866,negative,0.03771800554179327
1255205933480804359,neutral,0.49789225920557484
1255205933728268288,negative,0.01974521620606739
1255205937096404994,negative,0.02340663794573572
1255205937390006275,negative,0.05789529363060294
1255205937633255424,negative,0.08267290356220555
1255205937654173697,negative,0.12196669635937275
1255205937712898049,negative,0.18723545474543232
1255205938316759040,negative,0.0004357359415705972
1255205941643018241,negative,0.2759963323200869
1255205941798219778,negative,0.07099734854064696
1255205942054080513,negative,0.30267436141597587
1255205942129577984,negative,0.00014260353187286584
1255205942469279746,negative,0.0028708673814813565
1255205942486011904,negative,0.17712834282007095
1255205942624317440,negative,0.008089465399662418
1255205945472401411,negative,4.050772859144139e-06
1255205945929535488,negative,0.000880393086273179
1255205945984106497,negative,0.23361308219168234
1255205946063814658,negative,0.012638939185414777
1255205946172887042,neutral,0.4300292777404549
1255205946374139907,negative,1.411626852361039e-06
1255205946416148480,negative,0.07115835631545578
1255205946512547844,negative,2.8629886878246573e-07
1255205949800923138,negative,9.300152014099248e-05
1255205949964517383,negative,0.004672782948640259
1255205950128033792,negative,0.2913633578422091
1255205950497198080,negative,0.008656960831350072
1255205954251100163,negative,0.0030243766967931515
1255205954477531136,negative,0.0035759970310771006
1255205954502656000,negative,0.30429041777754845
1255205954607476738,negative,7.120670133693203e-06
1255205954720849923,neutral,0.5958847118089414
1255205954787966979,negative,0.08845002822824706
1255205954825707522,negative,0.0003019254127228397
1255205958478901256,negative,0.06759920630559711
1255205958499872769,positive,0.693684380533931
1255205958734819328,negative,0.2391832799224015
1255205959099731970,negative,0.029538811616546364
1255205962195009544,negative,0.011564927535444493
1255205962215981058,negative,0.00012311553917447067
1255205962450907137,negative,0.014167365193284766
1255205962459213825,neutral,0.49789225920557484
1255205962689937410,positive,0.7320476511023822
1255205962731962369,negative,0.014603346600041232
1255205962744463370,negative,0.00933745899230888
1255205962912153600,negative,0.0002365672485253127
1255205963184865283,negative,5.806353988419412e-06
1255205963314933762,negative,0.007300910916703066
1255205963365220352,positive,0.8653293325806326
1255205966645207042,negative,0.011159513807907862
1255205966779301888,neutral,0.563061058764713
1255205967467290624,negative,4.050772859144139e-06
1255205967559622663,negative,0.0009809925385992685
1255205970575159296,negative,0.0072052967892646536
1255205970600505344,negative,4.050772859144139e-06
1255205970604634113,negative,0.09156648322998637
1255205970885652487,negative,0.016613266311100754
1255205971325902850,negative,0.037411101745102024
1255205971556737024,negative,0.1202331946681268
1255205971581952008,negative,7.67634332541271e-08
1255205975000309760,neutral,0.34459442194501244
1255205975247794176,negative,0.3121037422022483
1255205975365242880,negative,9.946826107741594e-05
1255205975465885696,negative,0.10928811515546637
1255205975516217344,negative,0.018083736479109307
1255205975688085504,negative,0.31890975715375697
1255205975767777282,negative,3.2175372703210107e-06
1255205975801442305,neutral,0.44054615157121163
1255205978997428226,negative,0.0010955161329098478
1255205979299479553,negative,2.020889039923761e-05
1255205979484033025,negative,0.002075205561692808
1255205979794399233,negative,0.00016196724432965875
1255205979882389504,negative,0.0010268816501384332
1255205979882491904,negative,0.00018025509375226204
1255205983267282945,negative,0.00019703396330011185
1255205983544053760,negative,0.04637502294750358
1255205983560876032,negative,0.0005181608408079794
1255205983581683712,neutral,0.44252288087807384
1255205983887994880,neutral,0.49789225920557484
1255205983908921347,negative,0.07628951061606243
1255205984013881344,negative,0.0030350643823187063
1255205986995965952,negative,0.008409499158529645
1255205987390291968,negative,0.010945372496692795
1255205987608195073,negative,8.090265171581675e-05
1255205987721478144,negative,0.053519774276886437
1255205987935571972,negative,0.251699441595585
1255205987960721408,negative,0.09979119762997675
1255205987985895424,negative,0.0046533295539972425
1255205988065595398,negative,0.016199578600945553
1255205988069773313,positive,0.6632396468753573
1255205988208201737,negative,0.0595818945675759
1255205988220784641,negative,1.7892915096995664e-06
1255205988279427072,negative,0.022319752577393052
1255205991987269633,negative,0.005727055446365438
1255205992112979974,negative,0.0003974456405942863
1255205992142340096,negative,0.1702962780033741
1255205992322568193,negative,0.0017705989902354433
1255205992712802309,negative,1.0261095495437126e-06
1255205992989691907,negative,0.1702962780033741
1255205993023180806,negative,0.08088527887921566
1255205995846029313,negative,1.5959283833012122e-12
1255205996055728129,negative,0.000656681330577162
1255205996063887361,negative,0.29150453131543796
1255205996265422849,neutral,0.4982204191694995
1255205996303089665,negative,0.012050609466719518
1255205996454195207,negative,1.2697541345776794e-08
1255205996726759426,negative,0.02150687105876564
1255205996965888003,negative,0.00023144499881503722
1255205999524315136,negative,0.014921089662861034
1255206000052895746,negative,0.019219775508999212
1255206000392654855,positive,0.8710769760156367
1255206000426201089,negative,3.264931293123224e-05
1255206000564502533,negative,0.0002709227034768152
1255206000577126403,negative,0.24617847132345658
1255206000673644545,negative,0.0002655520853057834
1255206000703025154,negative,0.0013238200288226596
1255206000841445376,negative,0.018878812427481604
1255206003664191489,negative,0.05258558468911708
1255206003693498368,negative,7.633283451813113e-05
1255206003731304448,neutral,0.47660218128813836
1255206003966185475,negative,0.04518188653593849
1255206004247183378,negative,0.0007375151143557762
1255206004423372801,negative,0.0023422081624007883
1255206004649754624,negative,0.07242754013187229
1255206004830150657,negative,0.10372805234556447
1255206008323883010,negative,8.308201366958026e-06
1255206008626036747,negative,0.0038317194508214756
1255206008982560768,neutral,0.37874993579954885
1255206009116798979,positive,0.7723002095520974
1255206009271877638,negative,0.00800437811094689
1255206009351499776,negative,0.13949552936821852
1255206012493193229,negative,0.0007299340610316475
1255206012673458177,negative,0.02641150545104066
1255206012753190912,negative,9.750669758852104e-05
1255206012900069377,negative,0.23772404065700534
1255206012921012230,negative,0.0008692059833501233
1255206012979683329,negative,0.005501876999578502
1255206013084581888,negative,0.012658138415027774
1255206013197844481,negative,0.27122219617430116
1255206013491392518,negative,0.09472873781555542
1255206016922390531,neutral,0.44252288087807384
1255206017438285830,neutral,0.4347334853182761
1255206017559941124,negative,0.014777033799168721
1255206017677381633,negative,0.04781729761743002
1255206017836736514,negative,0.00012908790418863632
1255206020974075907,negative,6.759516895514575e-05
1255206021355708418,neutral,0.6064629346827924
1255206021376757760,negative,0.0015956892794081212
1255206021426933760,negative,3.360656890113729e-05
1255206021464838144,negative,7.299603345181596e-08
1255206022001672194,negative,0.1315821549174061
1255206025227100170,neutral,0.3396507068576039
1255206025419948032,negative,0.0004187560667258461
1255206025428336642,negative,0.0050782304723360925
1255206025591996417,negative,0.10857332947738103
1255206025638141954,negative,6.759516895514575e-05
1255206026162421764,negative,0.18207944177998225
1255206026707709952,negative,1.9434342838532397e-11
1255206029387841536,negative,0.021912095056830776
1255206029530456064,neutral,0.4670100671583925
1255206029815619584,negative,3.360656890113729e-05
1255206030012604416,negative,0.027866275061533913
1255206031019425793,negative,0.00025785118092800285
1255206033712185346,negative,0.00010058595211457663
1255206033733160962,negative,0.0018623347434920587
1255206033783435268,negative,0.15930603716782188
1255206033854812162,negative,0.016786763170125684
1255206033976438784,negative,0.0006332497962367953
1255206034010001408,negative,0.05624996018059419
1255206034093662208,negative,0.0020955888618818704
1255206034148405253,negative,0.22296678852661447
1255206034177654784,negative,0.0001100619959581836
1255206034391646216,negative,5.8911098415318706e-05
1255206034467160065,positive,0.920444577694544
1255206038212685824,negative,9.718688732012786e-07
1255206038384640001,negative,4.966032025802345e-05
1255206038430724096,negative,0.0788128160214808
1255206038443360259,negative,0.08482039342800302
1255206038489399299,negative,0.09955870915817015
1255206038682382345,negative,0.21501133051973173
1255206038716002307,negative,0.0452430507035954
1255206038749483015,negative,0.015098930003733513
1255206038761910272,negative,0.05412832202704834
1255206042213978114,negative,0.1692194767195304
1255206042578964481,negative,1.5436506614018765e-08
1255206042625093632,negative,0.0030759848357081805
1255206042687995905,positive,0.9049282671465273
1255206042754932736,negative,0.0002025717529124582
1255206046378983424,negative,0.00021562183730047837
1255206046467055619,negative,1.1519846197823127e-07
1255206046706151431,negative,0.04606354678821043
1255206046798405633,negative,0.0009809925385992685
1255206046949355521,negative,0.18810388416435592
1255206047272361986,negative,0.004491227464924347
1255206047276556289,negative,0.0006332497962367953
1255206051152101377,neutral,0.5533970533999424
1255206051332403201,negative,0.008738794681885795
1255206054926966784,positive,0.8391739360292987
1255206054947938304,positive,0.6898423053996916
1255206055392555011,negative,0.014621019571400596
1255206055430123520,negative,0.3187488523182651
1255206055619055617,negative,3.209482862842551e-05
1255206055681888256,negative,0.045577458338346984
1255206055744765952,neutral,0.38826724185324085
1255206055786827776,negative,0.00503496407807597
1255206058747887624,negative,0.005452748595988478
1255206058794127362,negative,0.2391832799224015
1255206059221880832,negative,8.531375057048515e-05
1255206059293237248,negative,0.17870387551553718
1255206059494576130,negative,1.4656187495454608e-06
1255206059637161987,negative,2.2824810341809493e-05
1255206059649761281,negative,8.737628829344594e-05
1255206062950690821,negative,0.006590270320791373
1255206062967398400,negative,0.015563906218375024
1255206063143608321,negative,0.1877501297224468
1255206063261048835,negative,0.037653275188851636
1255206063340752896,negative,0.06383832629186992
1255206063361712128,negative,0.00043685763548112006
1255206063382630401,negative,0.027866275061533913
1255206063655333889,negative,3.833716982548564e-06
1255206067463770113,negative,3.95742960579635e-06
1255206067518177281,negative,0.059040894788305286
1255206067883122690,neutral,0.5868997554781225
1255206067895746560,negative,0.009720316273513743
1255206067925114880,negative,0.014167365193284766
1255206068021596162,negative,0.004547794142298328
1255206068067729408,negative,0.008188006685266053
1255206071414722564,negative,0.00010094707246764634
1255206071716712451,negative,0.11469002977027104
1255206071766880256,negative,0.037411101745102024
1255206071863566337,negative,0.2612383276719041
1255206072001769472,positive,0.9961300666865326
1255206072253476865,negative,0.02188964280165194
1255206072752562176,negative,0.008481917626617952
1255206075239890944,negative,0.0029046181698141626
1255206075512639489,negative,4.050772859144139e-06
1255206075713773568,negative,0.0072052967892646536
1255206075751714816,negative,0.15428312450953177
1255206075906748418,negative,1.328402320046161e-08
1255206075969798146,negative,0.10757807780717779
1255206076347187201,negative,0.0007050424476799513
1255206079782412288,neutral,0.4830057841246982
1255206079891484673,negative,1.4898413461954623e-06
1255206079971065857,negative,0.03308802414083328
1255206080243814401,negative,0.008382902716297958
1255206080248000512,negative,0.000411397999549679
1255206080436559876,neutral,0.33044187471235137
1255206083959885826,negative,0.12770190206940504
1255206084148490240,negative,0.08632167228795892
1255206084165451776,negative,0.019325335702663003
1255206084962324480,negative,0.0067410104177555415
1255206084970676235,negative,0.03461061636546334
1255206087973842951,neutral,0.49789225920557484
1255206088074506240,neutral,0.4982204191694995
1255206088095535108,negative,0.15554202355938626
1255206088103931904,negative,1.9954115906891118e-07
1255206088233766914,negative,0.21571968845262537
1255206088464629765,negative,0.0023422081624007883
1255206088573620225,negative,0.011715086193376785
1255206088615424000,negative,3.360656890113729e-05
1255206088619810822,neutral,0.44252288087807384
1255206088850444292,negative,5.345947559355541e-06
1255206092558217217,negative,3.4663340819577976e-07
1255206092771962880,negative,0.23611149185797095
1255206092910596096,negative,0.003174857250544372
1255206093271248896,negative,0.04891693690520581
1255206093300666368,negative,0.0004463889147726647
1255206093308997644,negative,0.06949367479958504
1255206093439016961,negative,5.8911098415318706e-05
1255206093539565568,negative,0.0020447602873243658
1255206096278560771,negative,0.002221691943314182
1255206096484077571,negative,0.008763060542829618
1255206096576397312,negative,0.005727055446365438
1255206096622489602,neutral,0.44054615157121163
1255206096740012034,negative,0.02791315510299297
1255206096844795904,negative,1.2562488616185814e-06
1255206096911958021,negative,1.9306252638824697e-08
1255206097083908096,negative,4.2043760896871514e-07
1255206097130074113,negative,5.345947559355541e-06
1255206097339760643,negative,1.1805984591824456e-08
1255206097385897984,negative,0.0008377517201278381
1255206100925730816,negative,0.00031166913357565654
1255206101013925888,neutral,0.37597239618586364
1255206101215313920,negative,0.11003197755826662
1255206101722624005,negative,0.3187488523182651
1255206101852672000,negative,0.07099734854064696
1255206104520437761,negative,0.18760693662253133
1255206105094864896,negative,3.360656890113729e-05
1255206105262809089,neutral,0.4078542346090406
1255206105359187975,negative,0.09106400268783822
1255206105371811840,negative,4.794802573352546e-07
1255206105380204550,negative,0.23447461495734764
1255206105430491142,negative,0.1629242702460548
1255206105455738881,negative,0.03719854244456946
1255206109054410753,negative,0.17219282590236742
1255206109633220609,negative,0.2261605963913783
1255206110031515649,negative,0.05120375123393464
1255206110337908741,negative,1.5123507560792361e-06
1255206110367289344,negative,0.003972421410163352
1255206110375657472,negative,0.1702962780033741
1255206113424871424,negative,0.006022052480806913
1255206113710137349,negative,0.0628153606335518
1255206114146357251,negative,0.016321959737773253
1255206114293153793,negative,0.0014441187601190208
1255206114347507712,negative,0.23447461495734764
1255206117573001223,positive,0.9790754456349111
1255206117610668032,negative,0.021227442875523944
1255206117778563073,negative,0.2391832799224015
1255206118189662209,negative,0.2701549038854138
1255206118369816577,negative,0.11164848090049657
1255206121725444096,neutral,0.4952019878657312
1255206121763004416,negative,0.000187109030814006
1255206121998082048,negative,0.01960034156883026
1255206122115330049,negative,0.004176297036185447
1255206122266427392,negative,0.011081235829802734
1255206122379710467,negative,0.01076842260047452
1255206122413318146,negative,0.23450940777005216
1255206125231726592,negative,0.010897906721654211
1255206125764558849,negative,0.2706813540429247
1255206125823197184,neutral,0.4982204191694995
1255206126217388037,negative,0.04468578578520389
1255206126246866944,negative,0.14200928346432862
1255206126376955904,negative,0.03065510306402348
1255206126469120006,negative,0.10020162898426965
1255206130311102465,negative,0.014603346600041232
1255206130877296640,negative,5.289126004047794e-07
1255206131011588098,negative,0.028930725294870268
1255206131082936320,negative,0.17105331844954932
1255206131145695232,negative,0.008064738840967315
1255206134144778248,negative,0.0001752951701276804
1255206134279012352,negative,0.015489678662291197
1255206134782275584,neutral,0.42138833359705635
1255206135012954112,negative,0.00960936452402687
1255206137412177921,negative,0.02856864832940814
1255206138443956225,negative,0.17444871011842014
1255206138485899268,negative,8.111085299039488e-08
1255206138603339777,negative,0.08869491610600684
1255206138607476736,negative,8.454886684068049e-09
1255206138821455875,negative,0.25697306403254877
1255206138989199360,negative,2.1083971235045406e-05
1255206139379298305,negative,0.23772404065700534
1255206139580624897,negative,3.264931293123224e-05
1255206142470434821,positive,0.7968921235270905
1255206143397429248,negative,0.04252865516897516
1255206143611281412,negative,0.15983473135592222
1255206143632314368,negative,0.009565658563748873
1255206144039149570,negative,7.67634332541271e-08
1255206146450825216,negative,0.0015168028986352036
1255206146471858182,negative,2.283005777331693e-05
1255206146924781568,negative,0.003965081135082123
1255206146950025218,negative,0.00378269275903366
1255206147071623168,negative,0.004037320577953755
1255206147121971202,negative,4.050772859144139e-06
1255206151056211979,negative,0.06585723288434442
1255206151169478657,negative,0.018499949269087268
1255206155233574914,negative,0.29664905693691057
1255206155258822657,negative,0.2991007340170859
1255206155384770561,negative,0.00197880198475098
1255206155535540224,negative,0.11522166209741233
1255206155602853888,neutral,0.5266607897375037
1255206155862847499,negative,0.010705410769197623
1255206155887841280,negative,0.29664905693691057
1255206159444738048,negative,0.09661398993351969
1255206159579066368,negative,0.1702382128764024
1255206159599972352,negative,0.07535688957540902
1255206159981711360,negative,0.001704504631115269
1255206163647471620,negative,0.0007642736185954849
1255206163651624960,positive,0.9951776515549394
1255206163714629636,negative,0.23588772709914463
1255206163962085381,negative,0.019597536480718828
1255206164213764106,negative,0.06585723288434442
1255206167984377862,negative,0.09297256733707997
1255206168089280518,negative,0.07030652440008098
1255206168169009153,negative,0.00016811399397997676
1255206168718462977,negative,0.006838263866786636
1255206168726843403,positive,0.999664837680653
1255206168768720899,negative,0.27042832463070715
1255206168865247232,negative,6.507681476634854e-07
1255206168869376000,neutral,0.38826724185324085
1255206168877826049,negative,0.010883586405758351
1255206172195540993,negative,0.0003462924637164292
1255206172270850048,neutral,0.36392560777679134
1255206173143375882,negative,0.31809950908583623
1255206176154943489,neutral,0.38722047106037205
1255206176263999490,positive,0.7273126767431353
1255206176851189761,neutral,0.49789225920557484
1255206176947568646,negative,0.005971107419276258
1255206177102839810,negative,0.16987352995953325
1255206179443298306,negative,8.857932555766433e-05
1255206180441460737,negative,0.0012963478927312288
1255206180760272897,negative,1.4766707740868273e-06
1255206180814798849,negative,0.034842086926897865
1255206180907081733,negative,0.3109591922104998
1255206181162934272,negative,0.08854035654518583
1255206181242646532,negative,0.1179168089353279
1255206181364273153,neutral,0.38826724185324085
1255206184568659968,negative,0.024113026847907584
1255206184572923905,negative,0.04308438265493427
1255206185126543361,negative,0.018922325938602012
1255206189408964609,negative,3.7075304952207474e-09
1255206189438242818,negative,2.2824810341809493e-05
1255206189505359874,negative,0.051363300730247974
1255206189518008321,negative,0.021227442875523944
1255206193011851268,negative,0.23004593246934762
1255206193112461322,negative,0.00023034659066361256
1255206193271902216,negative,0.004857803103824363
1255206193443811329,negative,0.25804740104150364
1255206193494138882,negative,0.11689028342241267
1255206193716498441,negative,0.0035486418243006316
1255206197310959617,negative,3.822493377236254e-06
1255206197319340032,negative,0.0003019254127228397
1255206197768212483,negative,4.050772859144139e-06
1255206197805842432,negative,0.0007946202815584159
1255206197940142080,positive,0.7043647459458752
1255206201362612226,negative,0.0006332497962367953
1255206201379479554,negative,7.67634332541271e-08
1255206201899565059,negative,0.08671036426641808
1255206202180612099,negative,0.3081453706244738
1255206202281246723,negative,0.0005807332933456241
1255206202775986176,negative,0.002746137025656127
1255206205980622849,positive,0.9958651542774413
1255206206014177281,negative,0.0003019254127228397
1255206206060150784,negative,0.23447461495734764
1255206206156791808,negative,0.05390831351612818
1255206206622314498,negative,0.11258962376944917
1255206209759490048,negative,0.008893600068693806
1255206209923121153,negative,2.0321748821469493e-10
1255206210296520705,negative,3.360656890113729e-05
1255206210497888259,positive,0.9073286418260912
1255206210631950336,negative,0.014709917874923347
1255206213794566151,negative,3.4114129154223143e-09
1255206214453133314,negative,0.03799361116762813
1255206214461513729,negative,0.00036765138002821287
1255206214826328064,negative,0.0007143939565654767
1255206214901866500,negative,0.0006978046207766435
1255206215237472262,negative,0.093480395972108
1255206215359086592,negative,0.022631897645612846
1255206218324418562,negative,0.07579452605479198
1255206218618023939,negative,0.00014328835633940274
1255206219075260426,negative,0.0024920770336362284
1255206219104444416,neutral,0.44054615157121163
1255206222329810944,neutral,0.38203754857949856
1255207620312530944,negative,0.024702654859772154
